# OUTPUT ENERGY EIGENVALUES (eV) :
    #  rep     occ        E_0     V_xc + delta_Vh    delta_Vh       Im{Sigma}
    1    1     1.000   -18.998        -18.601          1.628          0.539
    2    6     0.000    -0.117         -7.613          1.204         -0.498
    3    8     0.000    -0.117         -7.612          1.204         -0.498
    4    7     0.000    -0.117         -7.613          1.204         -0.498
    5    1     0.000     3.453         -0.451          0.091          0.001
    6    6     0.000     5.415         -1.760          0.308         -0.168
    7    8     0.000     5.415         -1.760          0.308         -0.168
    8    7     0.000     5.415         -1.760          0.308         -0.168
    9    1     0.000     6.855          0.054          0.015          0.008
   10    1     0.000     6.856          0.055          0.015          0.008
   11    4     0.000     6.899          0.055          0.015          0.007
   12    3     0.000     6.899          0.055          0.015          0.008
   13    2     0.000     6.899          0.055          0.015          0.008
   14    6     0.000    10.191          0.155          0.005          0.065
   15    7     0.000    10.191          0.155          0.005          0.065
   16    8     0.000    10.191          0.155          0.005          0.065
   17    8     0.000    10.215          0.152          0.005          0.065
   18    7     0.000    10.214          0.152          0.005          0.065
   19    6     0.000    10.214          0.152          0.005          0.065
   20    5     0.000    10.268          0.156          0.005          0.065
   21    1     0.000    12.574         -1.304          0.221         -0.030
   22    1     0.000    13.902          0.178          0.003          0.090
   23    1     0.000    13.933          0.181          0.002          0.090
   24    1     0.000    13.934          0.182          0.002          0.090
   25    4     0.000    14.022          0.185          0.003          0.092
   26    2     0.000    13.992          0.183          0.002          0.092
   27    3     0.000    13.992          0.183          0.002          0.092
   28    2     0.000    14.045          0.185          0.002          0.092
   29    3     0.000    14.046          0.185          0.002          0.092
   30    4     0.000    14.046          0.185          0.002          0.092
   31    6     0.000    15.159         -2.428          0.412         -0.483
   32    7     0.000    15.159         -2.428          0.412         -0.483
   33    8     0.000    15.159         -2.428          0.412         -0.483
   34    1     0.000    16.258         -0.539          0.096         -0.175
   35    1     0.000    16.260         -0.538          0.096         -0.175
   36    4     0.000    16.404         -0.610          0.108         -0.182
   37    3     0.000    16.404         -0.610          0.108         -0.181
   38    2     0.000    16.404         -0.610          0.108         -0.181
   39    7     0.000    18.162          0.189          0.002          0.121
   40    6     0.000    18.163          0.189          0.002          0.121
   41    8     0.000    18.162          0.189          0.002          0.121
   42    7     0.000    18.235          0.189          0.001          0.123
   43    6     0.000    18.235          0.189          0.001          0.123
   44    8     0.000    18.235          0.189          0.001          0.123
   45    8     0.000    18.289          0.190          0.001          0.124
   46    7     0.000    18.289          0.190          0.001          0.124
   47    6     0.000    18.289          0.190          0.001          0.124
   48    5     0.000    18.303          0.191          0.001          0.124
   49    5     0.000    18.303          0.191          0.001          0.124
   50    8     0.000    22.338         -0.051          0.043          0.087
   51    6     0.000    22.337         -0.051          0.043          0.088
   52    7     0.000    22.337         -0.052          0.043          0.088
   53    8     0.000    22.386         -0.063          0.043          0.090
   54    7     0.000    22.384         -0.065          0.043          0.090
   55    6     0.000    22.384         -0.065          0.043          0.090
   56    5     0.000    22.505         -0.056          0.043          0.089
   57    1     0.000    22.819          0.173          0.001          0.145
   58    1     0.000    22.819          0.173          0.001          0.145
   59    4     0.000    22.914          0.172          0.001          0.148
   60    2     0.000    22.912          0.171          0.001          0.148
   61    3     0.000    22.913          0.172          0.001          0.148
   62    1     0.000    22.943          0.172          0.001          0.147
   63    1     0.000    22.965          0.170          0.001          0.148
   64    2     0.000    23.008          0.172          0.001          0.148
   65    4     0.000    23.008          0.172          0.001          0.148
   66    3     0.000    23.008          0.172          0.001          0.148
   67    2     0.000    23.020          0.172          0.001          0.148
   68    3     0.000    23.020          0.172          0.001          0.148
   69    4     0.000    23.020          0.172          0.001          0.148
   70    1     0.000    26.679         -2.133          0.350         -0.237
   71    1     0.000    28.170          0.031          0.024          0.176
   72    1     0.000    28.190          0.006          0.022         -0.079
   73    1     0.000    28.197          0.012          0.022         -0.078
   74    3     0.000    28.340          0.048          0.019          0.175
   75    2     0.000    28.340          0.048          0.019          0.175
   76    4     0.000    29.035         -1.159          0.206         -0.200
   77    1     0.000    29.266         -1.646          0.285         -0.082
   78    1     0.000    29.268         -1.646          0.285         -0.084
   79    3     0.000    29.039         -1.155          0.206         -0.198
   80    2     0.000    29.039         -1.155          0.206         -0.198
 
