# OUTPUT ENERGY EIGENVALUES (eV) :
    #  rep     occ        E_0     V_xc + delta_Vh    delta_Vh       Im{Sigma}
    1    1     1.000   -28.769        -29.262          1.751          5.635
    2    6     1.000   -14.595        -25.688          1.692          0.891
    3    7     1.000   -14.596        -25.688          1.692          0.891
    4    8     1.000   -14.596        -25.689          1.692          0.892
    5    1     0.000     3.065         -0.827          0.088         -0.003
    6    6     0.000     4.754         -0.768          0.092          0.021
    7    7     0.000     4.754         -0.769          0.092          0.021
    8    8     0.000     4.754         -0.768          0.092          0.021
    9    1     0.000     6.812         -0.023          0.018          0.058
   10    1     0.000     6.812         -0.023          0.018          0.058
   11    3     0.000     6.853         -0.026          0.019          0.058
   12    4     0.000     6.853         -0.026          0.019          0.058
   13    2     0.000     6.852         -0.026          0.019          0.058
   14    6     0.000    10.243          0.205          0.005          0.096
   15    7     0.000    10.242          0.205          0.005          0.096
   16    8     0.000    10.242          0.205          0.005          0.096
   17    8     0.000    10.268          0.204          0.005          0.096
   18    7     0.000    10.267          0.203          0.005          0.096
   19    6     0.000    10.267          0.203          0.005          0.096
   20    5     0.000    10.320          0.206          0.005          0.097
   21    1     0.000    11.674         -2.055          0.205         -0.099
   22    6     0.000    14.105         -2.122          0.232         -0.150
   23    7     0.000    14.104         -2.122          0.232         -0.150
   24    8     0.000    14.104         -2.122          0.232         -0.150
   25    1     0.000    13.961          0.242          0.002          0.131
   26    1     0.000    13.995          0.242          0.002          0.129
   27    1     0.000    14.039          0.246          0.003          0.128
   28    4     0.000    14.099          0.249          0.003          0.133
   29    3     0.000    14.099          0.249          0.003          0.133
   30    2     0.000    14.099          0.249          0.003          0.133
   31    3     0.000    14.133          0.250          0.003          0.133
   32    2     0.000    14.132          0.249          0.003          0.133
   33    4     0.000    14.133          0.250          0.003          0.133
   34    1     0.000    15.763         -1.244          0.120          0.006
   35    1     0.000    15.764         -1.250          0.121          0.006
   36    4     0.000    15.854         -1.259          0.122          0.004
   37    3     0.000    15.854         -1.259          0.122          0.004
   38    2     0.000    15.854         -1.259          0.122          0.004
   39    7     0.000    18.221          0.243          0.001          0.162
   40    6     0.000    18.221          0.243          0.001          0.162
   41    8     0.000    18.220          0.243          0.001          0.162
   42    7     0.000    18.294          0.242          0.001          0.164
   43    6     0.000    18.294          0.242          0.001          0.164
   44    8     0.000    18.294          0.242          0.001          0.164
   45    8     0.000    18.348          0.243          0.001          0.165
   46    7     0.000    18.348          0.243          0.001          0.165
   47    6     0.000    18.348          0.243          0.001          0.165
   48    5     0.000    18.362          0.244          0.001          0.165
   49    5     0.000    18.362          0.244          0.001          0.165
   50    8     0.000    22.340         -0.160          0.047          0.142
   51    6     0.000    22.344         -0.156          0.047          0.142
   52    7     0.000    22.344         -0.157          0.047          0.142
   53    8     0.000    22.396         -0.166          0.048          0.141
   54    7     0.000    22.394         -0.168          0.048          0.141
   55    6     0.000    22.394         -0.168          0.048          0.141
   56    5     0.000    22.502         -0.171          0.048          0.140
   57    1     0.000    22.862          0.212          0.001          0.181
   58    1     0.000    22.863          0.212          0.001          0.181
   59    4     0.000    22.959          0.214          0.001          0.184
   60    2     0.000    22.957          0.212          0.001          0.184
   61    3     0.000    22.959          0.213          0.001          0.184
   62    1     0.000    22.989          0.214          0.001          0.184
   63    1     0.000    23.010          0.212          0.001          0.184
   64    4     0.000    23.053          0.215          0.001          0.185
   65    2     0.000    23.053          0.215          0.001          0.185
   66    3     0.000    23.053          0.215          0.001          0.185
   67    2     0.000    23.065          0.214          0.001          0.185
   68    3     0.000    23.066          0.214          0.001          0.185
   69    4     0.000    23.066          0.214          0.001          0.185
   70    1     0.000    25.821         -3.065          0.344         -0.349
   71    1     0.000    27.990         -2.920          0.286          0.052
   72    1     0.000    28.003         -3.206          0.311          0.043
   73    2     0.000    28.198         -3.221          0.313          0.038
   74    3     0.000    28.198         -3.221          0.313          0.038
   75    4     0.000    28.195         -3.223          0.313          0.037
   76    8     0.000    28.414         -3.094          0.373         -0.225
   77    6     0.000    28.413         -3.095          0.373         -0.226
   78    7     0.000    28.413         -3.095          0.373         -0.226
   79    1     0.000    28.238          0.077          0.022          0.254
   80    1     0.000    28.350         -0.238          0.049          0.246
 
