       1       1   -28.745   1   1   -19.612   -19.612
       2       2   -14.515   1   1    -8.476    -8.476
       3       3   -14.515   1   1    -8.476    -8.476
       4       4   -14.516   1   1    -8.476    -8.476
       5       5     3.177   1   1     1.054     1.054
       6       6     4.826   1   1     2.994     2.994
       7       7     4.826   1   1     2.994     2.994
       8       8     4.826   1   1     2.994     2.994
       9       9     6.972   1   1     4.980     4.980
      10      10     6.972   1   1     4.980     4.980
      11      11     7.012   1   1     5.006     5.006
      12      12     7.012   1   1     5.006     5.006
      13      13     7.012   1   1     5.006     5.006
      14      14    10.325   1   1     8.785     8.785
      15      15    10.324   1   1     8.785     8.785
      16      16    10.324   1   1     8.785     8.785
      17      17    10.350   1   1     8.807     8.807
      18      18    10.349   1   1     8.807     8.807
      19      19    10.349   1   1     8.807     8.807
      20      20    10.402   1   1     8.847     8.847
      21      21    11.654   1   1     9.631     9.631
      22      22    14.099   1   1    11.882    11.882
      23      23    14.099   1   1    11.882    11.882
      24      24    14.099   1   1    11.882    11.882
      25      25    14.006   1   1    12.724    12.724
      26      26    14.058   1   1    12.753    12.753
      27      27    14.057   1   1    12.753    12.753
      28      28    14.099   1   1    12.808    12.808
      29      29    14.099   1   1    12.808    12.808
      30      30    14.099   1   1    12.808    12.808
      31      31    14.140   1   1    12.834    12.834
      32      32    14.140   1   1    12.834    12.834
      33      33    14.140   1   1    12.834    12.834
      34      34    15.722   1   1    13.115    13.115
      35      35    15.721   1   1    13.115    13.115
      36      36    15.822   1   1    13.191    13.191
      37      37    15.822   1   1    13.191    13.191
      38      38    15.822   1   1    13.191    13.191
      39      39    18.221   1   1    17.113    17.113
      40      40    18.221   1   1    17.113    17.113
      41      41    18.221   1   1    17.113    17.113
      42      42    18.294   1   1    17.184    17.184
      43      43    18.294   1   1    17.184    17.184
      44      44    18.294   1   1    17.184    17.184
      45      45    18.348   1   1    17.231    17.231
      46      46    18.348   1   1    17.231    17.231
      47      47    18.348   1   1    17.231    17.231
      48      48    18.362   1   1    17.244    17.244
      49      49    18.362   1   1    17.244    17.244
      50      50    22.258   1   1    19.735    19.735
      51      51    22.262   1   1    19.735    19.735
      52      52    22.261   1   1    19.735    19.735
      53      53    22.314   1   1    19.784    19.784
      54      54    22.312   1   1    19.784    19.784
      55      55    22.313   1   1    19.784    19.784
      56      56    22.421   1   1    19.881    19.881
      57      57    22.863   1   1    21.893    21.893
      58      58    22.863   1   1    21.893    21.893
      59      59    22.959   1   1    21.989    21.989
      60      60    22.957   1   1    21.989    21.989
      61      61    22.959   1   1    21.989    21.989
      62      62    22.989   1   1    22.016    22.016
      63      63    23.010   1   1    22.040    22.040
      64      64    23.053   1   1    22.077    22.077
      65      65    23.053   1   1    22.077    22.077
      66      66    23.053   1   1    22.077    22.077
      67      67    23.065   1   1    22.088    22.088
      68      68    23.066   1   1    22.088    22.088
      69      69    23.066   1   1    22.088    22.088
      70      70    25.706   1   1    23.413    23.413
      71      71    27.868   1   1    25.301    25.301
      72      72    27.869   1   1    25.301    25.301
      73      73    28.063   1   1    25.477    25.477
      74      74    28.063   1   1    25.477    25.477
      75      75    28.060   1   1    25.477    25.477
      76      76    28.268   1   1    25.700    25.700
      77      77    28.268   1   1    25.700    25.700
      78      78    28.268   1   1    25.700    25.700
      79      79    28.192   1   1    26.066    26.066
      80      80    28.289   1   1    26.149    26.149
       1       5    -0.264   1   1     0.000
       5       1    -0.695   1   1     0.000
       1       9     0.000   1   1     0.000
       9       1     0.000   1   1     0.000
       1      10     0.000   1   1     0.000
      10       1     0.000   1   1     0.000
       1      21     0.281   1   1     0.000
      21       1     0.982   1   1     0.000
       1      25     0.008   1   1     0.000
      25       1     0.029   1   1     0.000
       1      26     0.000   1   1     0.000
      26       1     0.000   1   1     0.000
       1      27     0.000   1   1     0.000
      27       1     0.000   1   1     0.000
       1      34     0.000   1   1     0.000
      34       1     0.000   1   1     0.000
       1      35     0.000   1   1     0.000
      35       1     0.000   1   1     0.000
       1      57     0.000   1   1     0.000
      57       1     0.000   1   1     0.000
       1      58     0.000   1   1     0.000
      58       1     0.000   1   1     0.000
       1      62    -0.002   1   1     0.000
      62       1    -0.008   1   1     0.000
       1      63     0.000   1   1     0.000
      63       1     0.000   1   1     0.000
       1      70    -0.253   1   1     0.000
      70       1    -0.998   1   1     0.000
       1      71     0.000   1   1     0.000
      71       1     0.000   1   1     0.000
       1      72     0.000   1   1     0.000
      72       1     0.000   1   1     0.000
       1      79    -0.017   1   1     0.000
      79       1    -0.059   1   1     0.000
       1      80     0.000   1   1     0.000
      80       1     0.000   1   1     0.000
       2       6     0.706   1   1     0.000
       6       2     1.017   1   1     0.000
       2      14    -0.012   1   1     0.000
      14       2    -0.018   1   1     0.000
       2      19    -0.001   1   1     0.000
      19       2    -0.001   1   1     0.000
       2      22     0.690   1   1     0.000
      22       2     1.171   1   1     0.000
       2      40     0.010   1   1     0.000
      40       2     0.018   1   1     0.000
       2      43     0.000   1   1     0.000
      43       2     0.000   1   1     0.000
       2      47     0.005   1   1     0.000
      47       2     0.011   1   1     0.000
       2      51    -0.014   1   1     0.000
      51       2    -0.025   1   1     0.000
       2      55     0.002   1   1     0.000
      55       2     0.000   1   1     0.000
       2      77    -0.489   1   1     0.000
      77       2    -1.176   1   1     0.000
       3       7     0.706   1   1     0.000
       7       3     1.017   1   1     0.000
       3      15    -0.012   1   1     0.000
      15       3    -0.019   1   1     0.000
       3      18    -0.001   1   1     0.000
      18       3    -0.001   1   1     0.000
       3      23     0.690   1   1     0.000
      23       3     1.171   1   1     0.000
       3      39    -0.010   1   1     0.000
      39       3    -0.018   1   1     0.000
       3      42     0.000   1   1     0.000
      42       3     0.000   1   1     0.000
       3      46    -0.005   1   1     0.000
      46       3    -0.011   1   1     0.000
       3      52    -0.014   1   1     0.000
      52       3    -0.025   1   1     0.000
       3      54     0.002   1   1     0.000
      54       3     0.001   1   1     0.000
       3      78    -0.489   1   1     0.000
      78       3    -1.176   1   1     0.000
       4       8     0.706   1   1     0.000
       8       4     1.017   1   1     0.000
       4      16    -0.013   1   1     0.000
      16       4    -0.019   1   1     0.000
       4      17     0.000   1   1     0.000
      17       4     0.000   1   1     0.000
       4      24     0.690   1   1     0.000
      24       4     1.171   1   1     0.000
       4      41    -0.010   1   1     0.000
      41       4    -0.018   1   1     0.000
       4      44     0.000   1   1     0.000
      44       4     0.000   1   1     0.000
       4      45    -0.006   1   1     0.000
      45       4    -0.011   1   1     0.000
       4      50    -0.016   1   1     0.000
      50       4    -0.027   1   1     0.000
       4      53     0.000   1   1     0.000
      53       4     0.000   1   1     0.000
       4      76    -0.489   1   1     0.000
      76       4    -1.176   1   1     0.000
       5       9     0.000   1   1     0.000
       9       5     0.000   1   1     0.000
       5      10     0.000   1   1     0.000
      10       5     0.000   1   1     0.000
       5      21    -1.110   1   1     0.000
      21       5    -0.903   1   1     0.000
       5      25    -0.025   1   1     0.000
      25       5    -0.019   1   1     0.000
       5      26     0.000   1   1     0.000
      26       5     0.000   1   1     0.000
       5      27     0.000   1   1     0.000
      27       5    -0.001   1   1     0.000
       5      34     0.000   1   1     0.000
      34       5     0.000   1   1     0.000
       5      35     0.000   1   1     0.000
      35       5     0.000   1   1     0.000
       5      57     0.000   1   1     0.000
      57       5     0.000   1   1     0.000
       5      58     0.000   1   1     0.000
      58       5     0.000   1   1     0.000
       5      62     0.001   1   1     0.000
      62       5    -0.001   1   1     0.000
       5      63     0.000   1   1     0.000
      63       5     0.000   1   1     0.000
       5      70     0.172   1   1     0.000
      70       5     0.108   1   1     0.000
       5      71     0.000   1   1     0.000
      71       5     0.000   1   1     0.000
       5      72     0.000   1   1     0.000
      72       5     0.000   1   1     0.000
       5      79     0.005   1   1     0.000
      79       5     0.017   1   1     0.000
       5      80     0.000   1   1     0.000
      80       5    -0.001   1   1     0.000
       6      14    -0.016   1   1     0.000
      14       6    -0.014   1   1     0.000
       6      19     0.001   1   1     0.000
      19       6     0.001   1   1     0.000
       6      22     1.041   1   1     0.000
      22       6     0.908   1   1     0.000
       6      40     0.012   1   1     0.000
      40       6     0.011   1   1     0.000
       6      43     0.001   1   1     0.000
      43       6     0.001   1   1     0.000
       6      47     0.006   1   1     0.000
      47       6     0.005   1   1     0.000
       6      51    -0.007   1   1     0.000
      51       6    -0.006   1   1     0.000
       6      55     0.000   1   1     0.000
      55       6    -0.001   1   1     0.000
       6      77    -0.085   1   1     0.000
      77       6    -0.183   1   1     0.000
       7      15    -0.016   1   1     0.000
      15       7    -0.014   1   1     0.000
       7      18     0.000   1   1     0.000
      18       7     0.001   1   1     0.000
       7      23     1.042   1   1     0.000
      23       7     0.908   1   1     0.000
       7      39    -0.012   1   1     0.000
      39       7    -0.011   1   1     0.000
       7      42     0.000   1   1     0.000
      42       7     0.000   1   1     0.000
       7      46    -0.005   1   1     0.000
      46       7    -0.005   1   1     0.000
       7      52    -0.007   1   1     0.000
      52       7    -0.006   1   1     0.000
       7      54    -0.001   1   1     0.000
      54       7    -0.001   1   1     0.000
       7      78    -0.085   1   1     0.000
      78       7    -0.182   1   1     0.000
       8      16    -0.016   1   1     0.000
      16       8    -0.014   1   1     0.000
       8      17     0.000   1   1     0.000
      17       8     0.000   1   1     0.000
       8      24     1.041   1   1     0.000
      24       8     0.908   1   1     0.000
       8      41    -0.011   1   1     0.000
      41       8    -0.010   1   1     0.000
       8      44     0.000   1   1     0.000
      44       8     0.000   1   1     0.000
       8      45    -0.006   1   1     0.000
      45       8    -0.005   1   1     0.000
       8      50    -0.006   1   1     0.000
      50       8    -0.006   1   1     0.000
       8      53     0.000   1   1     0.000
      53       8     0.000   1   1     0.000
       8      76    -0.085   1   1     0.000
      76       8    -0.182   1   1     0.000
       9      10     0.000   1   1     0.000
      10       9     0.000   1   1     0.000
       9      21     0.000   1   1     0.000
      21       9     0.000   1   1     0.000
       9      25     0.000   1   1     0.000
      25       9     0.000   1   1     0.000
       9      26    -0.150   1   1     0.000
      26       9    -0.142   1   1     0.000
       9      27    -0.057   1   1     0.000
      27       9    -0.054   1   1     0.000
       9      34     1.154   1   1     0.000
      34       9     1.092   1   1     0.000
       9      35     0.375   1   1     0.000
      35       9     0.354   1   1     0.000
       9      57     0.010   1   1     0.000
      57       9     0.011   1   1     0.000
       9      58    -0.013   1   1     0.000
      58       9    -0.014   1   1     0.000
       9      62     0.000   1   1     0.000
      62       9     0.000   1   1     0.000
       9      63     0.000   1   1     0.000
      63       9     0.000   1   1     0.000
       9      70     0.000   1   1     0.000
      70       9     0.000   1   1     0.000
       9      71     0.018   1   1     0.000
      71       9     0.034   1   1     0.000
       9      72    -0.044   1   1     0.000
      72       9    -0.080   1   1     0.000
       9      79     0.000   1   1     0.000
      79       9    -0.002   1   1     0.000
       9      80     0.001   1   1     0.000
      80       9     0.006   1   1     0.000
      10      21     0.000   1   1     0.000
      21      10     0.000   1   1     0.000
      10      25     0.000   1   1     0.000
      25      10     0.000   1   1     0.000
      10      26     0.057   1   1     0.000
      26      10     0.054   1   1     0.000
      10      27    -0.150   1   1     0.000
      27      10    -0.142   1   1     0.000
      10      34    -0.374   1   1     0.000
      34      10    -0.354   1   1     0.000
      10      35     1.154   1   1     0.000
      35      10     1.091   1   1     0.000
      10      57    -0.012   1   1     0.000
      57      10    -0.013   1   1     0.000
      10      58    -0.010   1   1     0.000
      58      10    -0.010   1   1     0.000
      10      62     0.000   1   1     0.000
      62      10     0.000   1   1     0.000
      10      63     0.000   1   1     0.000
      63      10     0.000   1   1     0.000
      10      70     0.000   1   1     0.000
      70      10     0.000   1   1     0.000
      10      71     0.045   1   1     0.000
      71      10     0.081   1   1     0.000
      10      72     0.019   1   1     0.000
      72      10     0.033   1   1     0.000
      10      79     0.001   1   1     0.000
      79      10    -0.003   1   1     0.000
      10      80     0.000   1   1     0.000
      80      10    -0.002   1   1     0.000
      11      29     0.000   1   1     0.000
      29      11     0.000   1   1     0.000
      11      31    -0.107   1   1     0.000
      31      11    -0.102   1   1     0.000
      11      37    -1.222   1   1     0.000
      37      11    -1.155   1   1     0.000
      11      61     0.001   1   1     0.000
      61      11     0.001   1   1     0.000
      11      66    -0.001   1   1     0.000
      66      11     0.000   1   1     0.000
      11      68    -0.004   1   1     0.000
      68      11    -0.005   1   1     0.000
      11      74    -0.045   1   1     0.000
      74      11    -0.083   1   1     0.000
      12      28     0.000   1   1     0.000
      28      12     0.000   1   1     0.000
      12      33     0.107   1   1     0.000
      33      12     0.102   1   1     0.000
      12      36    -1.223   1   1     0.000
      36      12    -1.155   1   1     0.000
      12      59     0.002   1   1     0.000
      59      12     0.002   1   1     0.000
      12      64     0.000   1   1     0.000
      64      12     0.000   1   1     0.000
      12      69    -0.004   1   1     0.000
      69      12    -0.004   1   1     0.000
      12      75    -0.044   1   1     0.000
      75      12    -0.085   1   1     0.000
      13      30     0.000   1   1     0.000
      30      13     0.000   1   1     0.000
      13      32     0.107   1   1     0.000
      32      13     0.102   1   1     0.000
      13      38     1.223   1   1     0.000
      38      13     1.155   1   1     0.000
      13      60     0.002   1   1     0.000
      60      13     0.001   1   1     0.000
      13      65     0.000   1   1     0.000
      65      13     0.000   1   1     0.000
      13      67     0.004   1   1     0.000
      67      13     0.004   1   1     0.000
      13      73     0.044   1   1     0.000
      73      13     0.083   1   1     0.000
      14      19    -0.001   1   1     0.000
      19      14    -0.001   1   1     0.000
      14      22    -0.002   1   1     0.000
      22      14    -0.001   1   1     0.000
      14      40    -0.039   1   1     0.000
      40      14    -0.037   1   1     0.000
      14      43     0.000   1   1     0.000
      43      14     0.000   1   1     0.000
      14      47     0.019   1   1     0.000
      47      14     0.019   1   1     0.000
      14      51     1.035   1   1     0.000
      51      14     0.949   1   1     0.000
      14      55     0.001   1   1     0.000
      55      14     0.002   1   1     0.000
      14      77    -0.004   1   1     0.000
      77      14    -0.004   1   1     0.000
      15      18    -0.001   1   1     0.000
      18      15    -0.001   1   1     0.000
      15      23    -0.002   1   1     0.000
      23      15    -0.001   1   1     0.000
      15      39     0.039   1   1     0.000
      39      15     0.037   1   1     0.000
      15      42     0.000   1   1     0.000
      42      15     0.000   1   1     0.000
      15      46    -0.020   1   1     0.000
      46      15    -0.019   1   1     0.000
      15      52     1.035   1   1     0.000
      52      15     0.948   1   1     0.000
      15      54     0.001   1   1     0.000
      54      15     0.002   1   1     0.000
      15      78    -0.004   1   1     0.000
      78      15    -0.004   1   1     0.000
      16      17     0.000   1   1     0.000
      17      16     0.000   1   1     0.000
      16      24    -0.002   1   1     0.000
      24      16    -0.001   1   1     0.000
      16      41     0.039   1   1     0.000
      41      16     0.037   1   1     0.000
      16      44     0.000   1   1     0.000
      44      16     0.000   1   1     0.000
      16      45    -0.019   1   1     0.000
      45      16    -0.019   1   1     0.000
      16      50     1.033   1   1     0.000
      50      16     0.946   1   1     0.000
      16      53     0.000   1   1     0.000
      53      16     0.000   1   1     0.000
      16      76    -0.004   1   1     0.000
      76      16    -0.004   1   1     0.000
      17      24     0.000   1   1     0.000
      24      17     0.000   1   1     0.000
      17      41     0.000   1   1     0.000
      41      17     0.000   1   1     0.000
      17      44     0.003   1   1     0.000
      44      17     0.002   1   1     0.000
      17      45     0.000   1   1     0.000
      45      17     0.000   1   1     0.000
      17      50     0.000   1   1     0.000
      50      17     0.000   1   1     0.000
      17      53    -1.038   1   1     0.000
      53      17    -0.950   1   1     0.000
      17      76     0.000   1   1     0.000
      76      17     0.000   1   1     0.000
      18      23     0.000   1   1     0.000
      23      18     0.001   1   1     0.000
      18      39     0.000   1   1     0.000
      39      18     0.000   1   1     0.000
      18      42     0.004   1   1     0.000
      42      18     0.003   1   1     0.000
      18      46     0.000   1   1     0.000
      46      18     0.000   1   1     0.000
      18      52    -0.001   1   1     0.000
      52      18    -0.001   1   1     0.000
      18      54    -1.036   1   1     0.000
      54      18    -0.949   1   1     0.000
      18      78     0.001   1   1     0.000
      78      18     0.001   1   1     0.000
      19      22     0.000   1   1     0.000
      22      19     0.000   1   1     0.000
      19      40     0.000   1   1     0.000
      40      19     0.000   1   1     0.000
      19      43    -0.003   1   1     0.000
      43      19    -0.003   1   1     0.000
      19      47     0.000   1   1     0.000
      47      19     0.000   1   1     0.000
      19      51    -0.001   1   1     0.000
      51      19    -0.001   1   1     0.000
      19      55    -1.035   1   1     0.000
      55      19    -0.948   1   1     0.000
      19      77     0.001   1   1     0.000
      77      19     0.001   1   1     0.000
      20      48     0.000   1   1     0.000
      48      20     0.000   1   1     0.000
      20      49     0.001   1   1     0.000
      49      20     0.000   1   1     0.000
      20      56     1.038   1   1     0.000
      56      20     0.951   1   1     0.000
      21      25     0.031   1   1     0.000
      25      21     0.029   1   1     0.000
      21      26     0.000   1   1     0.000
      26      21     0.000   1   1     0.000
      21      27     0.000   1   1     0.000
      27      21     0.000   1   1     0.000
      21      34     0.000   1   1     0.000
      34      21     0.000   1   1     0.000
      21      35     0.000   1   1     0.000
      35      21     0.000   1   1     0.000
      21      57     0.000   1   1     0.000
      57      21     0.000   1   1     0.000
      21      58     0.000   1   1     0.000
      58      21     0.000   1   1     0.000
      21      62    -0.012   1   1     0.000
      62      21    -0.010   1   1     0.000
      21      63     0.000   1   1     0.000
      63      21     0.000   1   1     0.000
      21      70    -1.200   1   1     0.000
      70      21    -1.234   1   1     0.000
      21      71     0.000   1   1     0.000
      71      21     0.000   1   1     0.000
      21      72     0.000   1   1     0.000
      72      21     0.000   1   1     0.000
      21      79    -0.055   1   1     0.000
      79      21    -0.072   1   1     0.000
      21      80     0.000   1   1     0.000
      80      21     0.000   1   1     0.000
      22      40     0.023   1   1     0.000
      40      22     0.022   1   1     0.000
      22      43     0.000   1   1     0.000
      43      22     0.000   1   1     0.000
      22      47     0.016   1   1     0.000
      47      22     0.015   1   1     0.000
      22      51    -0.007   1   1     0.000
      51      22    -0.004   1   1     0.000
      22      55     0.000   1   1     0.000
      55      22     0.000   1   1     0.000
      22      77    -1.261   1   1     0.000
      77      22    -1.397   1   1     0.000
      23      39    -0.023   1   1     0.000
      39      23    -0.022   1   1     0.000
      23      42     0.000   1   1     0.000
      42      23    -0.001   1   1     0.000
      23      46    -0.016   1   1     0.000
      46      23    -0.015   1   1     0.000
      23      52    -0.007   1   1     0.000
      52      23    -0.004   1   1     0.000
      23      54     0.000   1   1     0.000
      54      23     0.000   1   1     0.000
      23      78    -1.261   1   1     0.000
      78      23    -1.398   1   1     0.000
      24      41    -0.022   1   1     0.000
      41      24    -0.021   1   1     0.000
      24      44     0.000   1   1     0.000
      44      24     0.000   1   1     0.000
      24      45    -0.016   1   1     0.000
      45      24    -0.015   1   1     0.000
      24      50    -0.007   1   1     0.000
      50      24    -0.004   1   1     0.000
      24      53     0.000   1   1     0.000
      53      24     0.000   1   1     0.000
      24      76    -1.261   1   1     0.000
      76      24    -1.397   1   1     0.000
      25      26     0.000   1   1     0.000
      26      25     0.000   1   1     0.000
      25      27     0.000   1   1     0.000
      27      25     0.000   1   1     0.000
      25      34     0.000   1   1     0.000
      34      25     0.000   1   1     0.000
      25      35     0.000   1   1     0.000
      35      25     0.000   1   1     0.000
      25      57     0.000   1   1     0.000
      57      25     0.000   1   1     0.000
      25      58     0.000   1   1     0.000
      58      25     0.000   1   1     0.000
      25      62    -0.042   1   1     0.000
      62      25    -0.038   1   1     0.000
      25      63     0.000   1   1     0.000
      63      25     0.000   1   1     0.000
      25      70     0.021   1   1     0.000
      70      25     0.018   1   1     0.000
      25      71     0.000   1   1     0.000
      71      25    -0.001   1   1     0.000
      25      72     0.000   1   1     0.000
      72      25     0.000   1   1     0.000
      25      79    -0.863   1   1     0.000
      79      25    -0.744   1   1     0.000
      25      80     0.000   1   1     0.000
      80      25     0.000   1   1     0.000
      26      27     0.000   1   1     0.000
      27      26     0.000   1   1     0.000
      26      34    -0.169   1   1     0.000
      34      26    -0.169   1   1     0.000
      26      35     0.009   1   1     0.000
      35      26     0.008   1   1     0.000
      26      57    -0.029   1   1     0.000
      57      26    -0.026   1   1     0.000
      26      58     0.017   1   1     0.000
      58      26     0.015   1   1     0.000
      26      62     0.001   1   1     0.000
      62      26     0.001   1   1     0.000
      26      63     0.000   1   1     0.000
      63      26     0.000   1   1     0.000
      26      70     0.000   1   1     0.000
      70      26     0.000   1   1     0.000
      26      71    -0.008   1   1     0.000
      71      26    -0.007   1   1     0.000
      26      72     0.264   1   1     0.000
      72      26     0.240   1   1     0.000
      26      79     0.000   1   1     0.000
      79      26     0.000   1   1     0.000
      26      80     0.836   1   1     0.000
      80      26     0.719   1   1     0.000
      27      34    -0.009   1   1     0.000
      34      27    -0.009   1   1     0.000
      27      35    -0.170   1   1     0.000
      35      27    -0.169   1   1     0.000
      27      57     0.017   1   1     0.000
      57      27     0.015   1   1     0.000
      27      58     0.029   1   1     0.000
      58      27     0.026   1   1     0.000
      27      62     0.000   1   1     0.000
      62      27     0.000   1   1     0.000
      27      63     0.000   1   1     0.000
      63      27     0.000   1   1     0.000
      27      70     0.001   1   1     0.000
      70      27     0.001   1   1     0.000
      27      71    -0.265   1   1     0.000
      71      27    -0.240   1   1     0.000
      27      72    -0.008   1   1     0.000
      72      27    -0.007   1   1     0.000
      27      79     0.000   1   1     0.000
      79      27     0.001   1   1     0.000
      27      80     0.036   1   1     0.000
      80      27     0.031   1   1     0.000
      28      33     0.000   1   1     0.000
      33      28     0.000   1   1     0.000
      28      36     0.000   1   1     0.000
      36      28     0.000   1   1     0.000
      28      59     0.000   1   1     0.000
      59      28     0.000   1   1     0.000
      28      64    -0.012   1   1     0.000
      64      28    -0.012   1   1     0.000
      28      69     0.000   1   1     0.000
      69      28     0.000   1   1     0.000
      28      75     0.000   1   1     0.000
      75      28     0.000   1   1     0.000
      29      31     0.000   1   1     0.000
      31      29     0.000   1   1     0.000
      29      37     0.000   1   1     0.000
      37      29     0.000   1   1     0.000
      29      61     0.000   1   1     0.000
      61      29     0.000   1   1     0.000
      29      66    -0.012   1   1     0.000
      66      29    -0.011   1   1     0.000
      29      68     0.000   1   1     0.000
      68      29     0.000   1   1     0.000
      29      74     0.000   1   1     0.000
      74      29     0.001   1   1     0.000
      30      32     0.000   1   1     0.000
      32      30     0.000   1   1     0.000
      30      38     0.000   1   1     0.000
      38      30     0.000   1   1     0.000
      30      60     0.000   1   1     0.000
      60      30     0.000   1   1     0.000
      30      65    -0.012   1   1     0.000
      65      30    -0.011   1   1     0.000
      30      67     0.000   1   1     0.000
      67      30     0.000   1   1     0.000
      30      73     0.000   1   1     0.000
      73      30     0.001   1   1     0.000
      31      37     0.111   1   1     0.000
      37      31     0.110   1   1     0.000
      31      61     0.002   1   1     0.000
      61      31     0.001   1   1     0.000
      31      66     0.000   1   1     0.000
      66      31     0.000   1   1     0.000
      31      68     0.003   1   1     0.000
      68      31     0.002   1   1     0.000
      31      74     0.175   1   1     0.000
      74      31     0.159   1   1     0.000
      32      38     0.110   1   1     0.000
      38      32     0.110   1   1     0.000
      32      60    -0.003   1   1     0.000
      60      32    -0.002   1   1     0.000
      32      65     0.000   1   1     0.000
      65      32     0.000   1   1     0.000
      32      67     0.003   1   1     0.000
      67      32     0.003   1   1     0.000
      32      73     0.175   1   1     0.000
      73      32     0.159   1   1     0.000
      33      36    -0.111   1   1     0.000
      36      33    -0.110   1   1     0.000
      33      59    -0.002   1   1     0.000
      59      33    -0.001   1   1     0.000
      33      64     0.000   1   1     0.000
      64      33     0.000   1   1     0.000
      33      69    -0.003   1   1     0.000
      69      33    -0.003   1   1     0.000
      33      75    -0.174   1   1     0.000
      75      33    -0.158   1   1     0.000
      34      35     0.000   1   1     0.000
      35      34     0.000   1   1     0.000
      34      57     0.066   1   1     0.000
      57      34     0.061   1   1     0.000
      34      58    -0.045   1   1     0.000
      58      34    -0.041   1   1     0.000
      34      62     0.000   1   1     0.000
      62      34     0.000   1   1     0.000
      34      63     0.000   1   1     0.000
      63      34     0.000   1   1     0.000
      34      70     0.000   1   1     0.000
      70      34     0.000   1   1     0.000
      34      71     0.104   1   1     0.000
      71      34     0.097   1   1     0.000
      34      72    -1.291   1   1     0.000
      72      34    -1.198   1   1     0.000
      34      79     0.000   1   1     0.000
      79      34     0.000   1   1     0.000
      34      80     0.262   1   1     0.000
      80      34     0.243   1   1     0.000
      35      57    -0.045   1   1     0.000
      57      35    -0.041   1   1     0.000
      35      58    -0.066   1   1     0.000
      58      35    -0.060   1   1     0.000
      35      62     0.000   1   1     0.000
      62      35     0.001   1   1     0.000
      35      63     0.000   1   1     0.000
      63      35     0.000   1   1     0.000
      35      70     0.000   1   1     0.000
      70      35     0.000   1   1     0.000
      35      71     1.291   1   1     0.000
      71      35     1.198   1   1     0.000
      35      72     0.104   1   1     0.000
      72      35     0.097   1   1     0.000
      35      79     0.001   1   1     0.000
      79      35    -0.002   1   1     0.000
      35      80    -0.002   1   1     0.000
      80      35    -0.002   1   1     0.000
      36      59    -0.005   1   1     0.000
      59      36    -0.006   1   1     0.000
      36      64     0.000   1   1     0.000
      64      36     0.000   1   1     0.000
      36      69     0.029   1   1     0.000
      69      36     0.027   1   1     0.000
      36      75     1.316   1   1     0.000
      75      36     1.229   1   1     0.000
      37      61    -0.004   1   1     0.000
      61      37    -0.005   1   1     0.000
      37      66     0.000   1   1     0.000
      66      37     0.000   1   1     0.000
      37      68     0.030   1   1     0.000
      68      37     0.028   1   1     0.000
      37      74     1.317   1   1     0.000
      74      37     1.229   1   1     0.000
      38      60     0.004   1   1     0.000
      60      38     0.004   1   1     0.000
      38      65     0.000   1   1     0.000
      65      38     0.000   1   1     0.000
      38      67     0.030   1   1     0.000
      67      38     0.028   1   1     0.000
      38      73     1.317   1   1     0.000
      73      38     1.229   1   1     0.000
      39      42     0.000   1   1     0.000
      42      39     0.000   1   1     0.000
      39      46     0.000   1   1     0.000
      46      39     0.000   1   1     0.000
      39      52     0.040   1   1     0.000
      52      39     0.042   1   1     0.000
      39      54    -0.001   1   1     0.000
      54      39    -0.001   1   1     0.000
      39      78     0.009   1   1     0.000
      78      39     0.012   1   1     0.000
      40      43     0.000   1   1     0.000
      43      40     0.000   1   1     0.000
      40      47     0.000   1   1     0.000
      47      40     0.000   1   1     0.000
      40      51    -0.040   1   1     0.000
      51      40    -0.042   1   1     0.000
      40      55     0.001   1   1     0.000
      55      40     0.001   1   1     0.000
      40      77    -0.009   1   1     0.000
      77      40    -0.012   1   1     0.000
      41      44     0.000   1   1     0.000
      44      41     0.000   1   1     0.000
      41      45     0.000   1   1     0.000
      45      41     0.000   1   1     0.000
      41      50     0.040   1   1     0.000
      50      41     0.043   1   1     0.000
      41      53     0.000   1   1     0.000
      53      41     0.000   1   1     0.000
      41      76     0.010   1   1     0.000
      76      41     0.013   1   1     0.000
      42      46     0.000   1   1     0.000
      46      42     0.000   1   1     0.000
      42      52     0.000   1   1     0.000
      52      42     0.000   1   1     0.000
      42      54    -0.001   1   1     0.000
      54      42    -0.002   1   1     0.000
      42      78    -0.001   1   1     0.000
      78      42    -0.001   1   1     0.000
      43      47     0.000   1   1     0.000
      47      43     0.000   1   1     0.000
      43      51     0.000   1   1     0.000
      51      43     0.000   1   1     0.000
      43      55     0.002   1   1     0.000
      55      43     0.002   1   1     0.000
      43      77     0.000   1   1     0.000
      77      43     0.000   1   1     0.000
      44      45     0.000   1   1     0.000
      45      44     0.000   1   1     0.000
      44      50     0.000   1   1     0.000
      50      44     0.000   1   1     0.000
      44      53     0.001   1   1     0.000
      53      44     0.000   1   1     0.000
      44      76     0.000   1   1     0.000
      76      44     0.000   1   1     0.000
      45      50    -0.019   1   1     0.000
      50      45    -0.020   1   1     0.000
      45      53     0.000   1   1     0.000
      53      45     0.000   1   1     0.000
      45      76     0.006   1   1     0.000
      76      45     0.007   1   1     0.000
      46      52    -0.019   1   1     0.000
      52      46    -0.020   1   1     0.000
      46      54     0.001   1   1     0.000
      54      46     0.001   1   1     0.000
      46      78     0.006   1   1     0.000
      78      46     0.007   1   1     0.000
      47      51     0.019   1   1     0.000
      51      47     0.020   1   1     0.000
      47      55    -0.001   1   1     0.000
      55      47    -0.001   1   1     0.000
      47      77    -0.007   1   1     0.000
      77      47    -0.008   1   1     0.000
      48      49     0.000   1   1     0.000
      49      48     0.000   1   1     0.000
      48      56     0.000   1   1     0.000
      56      48     0.000   1   1     0.000
      49      56     0.001   1   1     0.000
      56      49     0.001   1   1     0.000
      50      53     0.000   1   1     0.000
      53      50     0.000   1   1     0.000
      50      76    -0.014   1   1     0.000
      76      50    -0.011   1   1     0.000
      51      55     0.002   1   1     0.000
      55      51     0.002   1   1     0.000
      51      77    -0.015   1   1     0.000
      77      51    -0.012   1   1     0.000
      52      54     0.002   1   1     0.000
      54      52     0.002   1   1     0.000
      52      78    -0.015   1   1     0.000
      78      52    -0.012   1   1     0.000
      53      76     0.000   1   1     0.000
      76      53     0.000   1   1     0.000
      54      78     0.000   1   1     0.000
      78      54    -0.001   1   1     0.000
      55      77     0.000   1   1     0.000
      77      55    -0.001   1   1     0.000
      57      58     0.000   1   1     0.000
      58      57     0.000   1   1     0.000
      57      62     0.000   1   1     0.000
      62      57     0.000   1   1     0.000
      57      63     0.000   1   1     0.000
      63      57     0.000   1   1     0.000
      57      70     0.000   1   1     0.000
      70      57     0.000   1   1     0.000
      57      71    -0.039   1   1     0.000
      71      57    -0.038   1   1     0.000
      57      72    -0.069   1   1     0.000
      72      57    -0.067   1   1     0.000
      57      79     0.000   1   1     0.000
      79      57     0.000   1   1     0.000
      57      80    -0.013   1   1     0.000
      80      57    -0.013   1   1     0.000
      58      62     0.000   1   1     0.000
      62      58     0.000   1   1     0.000
      58      63     0.000   1   1     0.000
      63      58     0.000   1   1     0.000
      58      70     0.000   1   1     0.000
      70      58     0.000   1   1     0.000
      58      71    -0.069   1   1     0.000
      71      58    -0.068   1   1     0.000
      58      72     0.039   1   1     0.000
      72      58     0.038   1   1     0.000
      58      79     0.000   1   1     0.000
      79      58     0.001   1   1     0.000
      58      80     0.009   1   1     0.000
      80      58     0.009   1   1     0.000
      59      64     0.000   1   1     0.000
      64      59     0.000   1   1     0.000
      59      69     0.000   1   1     0.000
      69      59     0.000   1   1     0.000
      59      75    -0.005   1   1     0.000
      75      59    -0.004   1   1     0.000
      60      65     0.000   1   1     0.000
      65      60     0.000   1   1     0.000
      60      67     0.001   1   1     0.000
      67      60     0.001   1   1     0.000
      60      73     0.007   1   1     0.000
      73      60     0.006   1   1     0.000
      61      66     0.000   1   1     0.000
      66      61     0.000   1   1     0.000
      61      68     0.000   1   1     0.000
      68      61     0.000   1   1     0.000
      61      74    -0.006   1   1     0.000
      74      61    -0.005   1   1     0.000
      62      63     0.000   1   1     0.000
      63      62     0.000   1   1     0.000
      62      70     0.005   1   1     0.000
      70      62     0.005   1   1     0.000
      62      71    -0.001   1   1     0.000
      71      62    -0.001   1   1     0.000
      62      72     0.000   1   1     0.000
      72      62     0.000   1   1     0.000
      62      79     0.041   1   1     0.000
      79      62     0.039   1   1     0.000
      62      80    -0.001   1   1     0.000
      80      62    -0.001   1   1     0.000
      63      70     0.000   1   1     0.000
      70      63     0.000   1   1     0.000
      63      71     0.000   1   1     0.000
      71      63     0.000   1   1     0.000
      63      72     0.000   1   1     0.000
      72      63     0.000   1   1     0.000
      63      79     0.000   1   1     0.000
      79      63     0.000   1   1     0.000
      63      80    -0.001   1   1     0.000
      80      63    -0.001   1   1     0.000
      64      69     0.000   1   1     0.000
      69      64     0.000   1   1     0.000
      64      75     0.000   1   1     0.000
      75      64     0.000   1   1     0.000
      65      67     0.000   1   1     0.000
      67      65     0.000   1   1     0.000
      65      73     0.000   1   1     0.000
      73      65     0.000   1   1     0.000
      66      68     0.000   1   1     0.000
      68      66     0.000   1   1     0.000
      66      74     0.000   1   1     0.000
      74      66     0.000   1   1     0.000
      67      73     0.026   1   1     0.000
      73      67     0.025   1   1     0.000
      68      74     0.026   1   1     0.000
      74      68     0.025   1   1     0.000
      69      75     0.026   1   1     0.000
      75      69     0.026   1   1     0.000
      70      71     0.000   1   1     0.000
      71      70     0.000   1   1     0.000
      70      72     0.000   1   1     0.000
      72      70     0.000   1   1     0.000
      70      79     0.015   1   1     0.000
      79      70     0.021   1   1     0.000
      70      80     0.000   1   1     0.000
      80      70     0.000   1   1     0.000
      71      72     0.000   1   1     0.000
      72      71     0.000   1   1     0.000
      71      79     0.001   1   1     0.000
      79      71     0.002   1   1     0.000
      71      80     0.004   1   1     0.000
      80      71     0.004   1   1     0.000
      72      79     0.000   1   1     0.000
      79      72     0.000   1   1     0.000
      72      80    -0.061   1   1     0.000
      80      72    -0.060   1   1     0.000
      79      80     0.000   1   1     0.000
      80      79     0.000   1   1     0.000
       1       1   -18.988   2   1   -14.883   -14.883
       2       2    -0.039   2   1    -4.158    -4.158
       3       3    -0.039   2   1    -4.158    -4.158
       4       4    -0.039   2   1    -4.158    -4.158
       5       5     3.567   2   1     1.656     1.656
       6       6     5.446   2   1     3.692     3.692
       7       7     5.446   2   1     3.692     3.692
       8       8     5.446   2   1     3.692     3.692
       9       9     6.976   2   1     5.275     5.275
      10      10     6.975   2   1     5.275     5.275
      11      11     7.019   2   1     5.304     5.304
      12      12     7.019   2   1     5.304     5.304
      13      13     7.019   2   1     5.304     5.304
      14      14    10.244   2   1     8.930     8.930
      15      15    10.244   2   1     8.930     8.930
      16      16    10.245   2   1     8.930     8.930
      17      17    10.268   2   1     8.952     8.952
      18      18    10.267   2   1     8.952     8.952
      19      19    10.268   2   1     8.952     8.952
      20      20    10.322   2   1     8.994     8.994
      21      21    12.553   2   1    10.515    10.515
      22      22    13.930   2   1    12.817    12.817
      23      23    13.964   2   1    12.849    12.849
      24      24    13.965   2   1    12.849    12.849
      25      25    14.022   2   1    12.902    12.902
      26      26    14.021   2   1    12.902    12.902
      27      27    14.021   2   1    12.902    12.902
      28      28    14.056   2   1    12.931    12.931
      29      29    14.056   2   1    12.931    12.931
      30      30    14.056   2   1    12.931    12.931
      31      31    15.050   2   1    12.950    12.950
      32      32    15.050   2   1    12.950    12.950
      33      33    15.050   2   1    12.950    12.950
      34      34    16.303   2   1    13.848    13.848
      35      35    16.302   2   1    13.848    13.848
      36      36    16.398   2   1    13.930    13.930
      37      37    16.398   2   1    13.930    13.930
      38      38    16.398   2   1    13.930    13.930
      39      39    18.162   2   1    17.181    17.181
      40      40    18.162   2   1    17.181    17.181
      41      41    18.162   2   1    17.181    17.181
      42      42    18.235   2   1    17.251    17.251
      43      43    18.235   2   1    17.251    17.251
      44      44    18.235   2   1    17.251    17.251
      45      45    18.289   2   1    17.299    17.299
      46      46    18.289   2   1    17.299    17.299
      47      47    18.289   2   1    17.299    17.299
      48      48    18.303   2   1    17.312    17.312
      49      49    18.303   2   1    17.312    17.312
      50      50    22.284   2   1    20.152    20.152
      51      51    22.283   2   1    20.152    20.152
      52      52    22.283   2   1    20.152    20.152
      53      53    22.333   2   1    20.204    20.204
      54      54    22.331   2   1    20.204    20.204
      55      55    22.331   2   1    20.204    20.204
      56      56    22.451   2   1    20.304    20.304
      57      57    22.819   2   1    21.946    21.946
      58      58    22.819   2   1    21.946    21.946
      59      59    22.914   2   1    22.042    22.042
      60      60    22.912   2   1    22.042    22.042
      61      61    22.913   2   1    22.042    22.042
      62      62    22.943   2   1    22.069    22.069
      63      63    22.965   2   1    22.092    22.092
      64      64    23.008   2   1    22.130    22.130
      65      65    23.008   2   1    22.130    22.130
      66      66    23.008   2   1    22.130    22.130
      67      67    23.020   2   1    22.142    22.142
      68      68    23.020   2   1    22.142    22.142
      69      69    23.020   2   1    22.142    22.142
      70      70    26.578   2   1    24.497    24.497
      71      71    28.628   2   1    26.295    26.295
      72      72    28.628   2   1    26.295    26.295
      73      73    28.139   2   1    26.355    26.355
      74      74    28.914   2   1    26.499    26.499
      75      75    28.914   2   1    26.499    26.499
      76      76    28.910   2   1    26.499    26.499
      77      77    28.640   2   1    26.503    26.503
      78      78    28.635   2   1    26.503    26.503
      79      79    28.310   2   1    26.529    26.529
      80      80    28.310   2   1    26.529    26.529
       1       5     0.034   2   1     0.000
       5       1     0.386   2   1     0.000
       1       9     0.000   2   1     0.000
       9       1     0.000   2   1     0.000
       1      10     0.000   2   1     0.000
      10       1     0.000   2   1     0.000
       1      21     0.013   2   1     0.000
      21       1     0.626   2   1     0.000
       1      22     0.001   2   1     0.000
      22       1     0.025   2   1     0.000
       1      23     0.000   2   1     0.000
      23       1     0.000   2   1     0.000
       1      24     0.000   2   1     0.000
      24       1     0.000   2   1     0.000
       1      34     0.000   2   1     0.000
      34       1     0.000   2   1     0.000
       1      35     0.000   2   1     0.000
      35       1     0.001   2   1     0.000
       1      57     0.000   2   1     0.000
      57       1     0.000   2   1     0.000
       1      58     0.000   2   1     0.000
      58       1     0.000   2   1     0.000
       1      62     0.001   2   1     0.000
      62       1     0.004   2   1     0.000
       1      63     0.000   2   1     0.000
      63       1     0.000   2   1     0.000
       1      70    -0.030   2   1     0.000
      70       1    -0.982   2   1     0.000
       1      71     0.001   2   1     0.000
      71       1     0.002   2   1     0.000
       1      72     0.000   2   1     0.000
      72       1     0.000   2   1     0.000
       1      73    -0.002   2   1     0.000
      73       1    -0.088   2   1     0.000
       1      77     0.000   2   1     0.000
      77       1     0.000   2   1     0.000
       1      78     0.000   2   1     0.000
      78       1     0.002   2   1     0.000
       2       6    -0.874   2   1     0.000
       6       2    -0.439   2   1     0.000
       2      14    -0.004   2   1     0.000
      14       2    -0.002   2   1     0.000
       2      19     0.000   2   1     0.000
      19       2     0.000   2   1     0.000
       2      31     0.392   2   1     0.000
      31       2     0.040   2   1     0.000
       2      40     0.003   2   1     0.000
      40       2     0.002   2   1     0.000
       2      43     0.000   2   1     0.000
      43       2     0.000   2   1     0.000
       2      47     0.006   2   1     0.000
      47       2     0.004   2   1     0.000
       2      51     0.002   2   1     0.000
      51       2    -0.007   2   1     0.000
       2      55     0.000   2   1     0.000
      55       2    -0.001   2   1     0.000
       3       7    -0.874   2   1     0.000
       7       3    -0.440   2   1     0.000
       3      16     0.004   2   1     0.000
      16       3     0.002   2   1     0.000
       3      17     0.000   2   1     0.000
      17       3     0.000   2   1     0.000
       3      33     0.392   2   1     0.000
      33       3     0.040   2   1     0.000
       3      41    -0.004   2   1     0.000
      41       3    -0.002   2   1     0.000
       3      44     0.000   2   1     0.000
      44       3     0.000   2   1     0.000
       3      45    -0.006   2   1     0.000
      45       3    -0.004   2   1     0.000
       3      50     0.002   2   1     0.000
      50       3    -0.007   2   1     0.000
       3      53     0.000   2   1     0.000
      53       3     0.000   2   1     0.000
       4       8     0.874   2   1     0.000
       8       4     0.439   2   1     0.000
       4      15    -0.004   2   1     0.000
      15       4    -0.002   2   1     0.000
       4      18     0.000   2   1     0.000
      18       4     0.000   2   1     0.000
       4      32     0.392   2   1     0.000
      32       4     0.040   2   1     0.000
       4      39    -0.003   2   1     0.000
      39       4    -0.002   2   1     0.000
       4      42     0.000   2   1     0.000
      42       4     0.000   2   1     0.000
       4      46    -0.006   2   1     0.000
      46       4    -0.004   2   1     0.000
       4      52     0.002   2   1     0.000
      52       4    -0.007   2   1     0.000
       4      54     0.000   2   1     0.000
      54       4    -0.001   2   1     0.000
       5       9     0.000   2   1     0.000
       9       5     0.000   2   1     0.000
       5      10     0.000   2   1     0.000
      10       5     0.000   2   1     0.000
       5      21     1.095   2   1     0.000
      21       5     0.953   2   1     0.000
       5      22     0.035   2   1     0.000
      22       5     0.029   2   1     0.000
       5      23     0.000   2   1     0.000
      23       5     0.000   2   1     0.000
       5      24     0.000   2   1     0.000
      24       5     0.000   2   1     0.000
       5      34     0.000   2   1     0.000
      34       5     0.000   2   1     0.000
       5      35     0.000   2   1     0.000
      35       5     0.000   2   1     0.000
       5      57     0.000   2   1     0.000
      57       5     0.000   2   1     0.000
       5      58     0.000   2   1     0.000
      58       5     0.000   2   1     0.000
       5      62     0.000   2   1     0.000
      62       5     0.000   2   1     0.000
       5      63     0.000   2   1     0.000
      63       5     0.000   2   1     0.000
       5      70    -0.262   2   1     0.000
      70       5    -0.071   2   1     0.000
       5      71     0.001   2   1     0.000
      71       5     0.001   2   1     0.000
       5      72     0.000   2   1     0.000
      72       5     0.000   2   1     0.000
       5      73    -0.019   2   1     0.000
      73       5    -0.012   2   1     0.000
       5      77     0.000   2   1     0.000
      77       5     0.000   2   1     0.000
       5      78    -0.001   2   1     0.000
      78       5    -0.002   2   1     0.000
       6      14     0.015   2   1     0.000
      14       6     0.014   2   1     0.000
       6      19     0.000   2   1     0.000
      19       6    -0.001   2   1     0.000
       6      31    -1.073   2   1     0.000
      31       6    -0.931   2   1     0.000
       6      40    -0.015   2   1     0.000
      40       6    -0.015   2   1     0.000
       6      43     0.000   2   1     0.000
      43       6     0.000   2   1     0.000
       6      47    -0.008   2   1     0.000
      47       6    -0.009   2   1     0.000
       6      51     0.009   2   1     0.000
      51       6     0.014   2   1     0.000
       6      55     0.000   2   1     0.000
      55       6    -0.001   2   1     0.000
       7      16    -0.014   2   1     0.000
      16       7    -0.014   2   1     0.000
       7      17     0.000   2   1     0.000
      17       7     0.000   2   1     0.000
       7      33    -1.073   2   1     0.000
      33       7    -0.932   2   1     0.000
       7      41     0.015   2   1     0.000
      41       7     0.015   2   1     0.000
       7      44     0.000   2   1     0.000
      44       7     0.000   2   1     0.000
       7      45     0.008   2   1     0.000
      45       7     0.009   2   1     0.000
       7      50     0.009   2   1     0.000
      50       7     0.014   2   1     0.000
       7      53     0.000   2   1     0.000
      53       7     0.000   2   1     0.000
       8      15    -0.014   2   1     0.000
      15       8    -0.014   2   1     0.000
       8      18     0.000   2   1     0.000
      18       8     0.000   2   1     0.000
       8      32     1.073   2   1     0.000
      32       8     0.931   2   1     0.000
       8      39    -0.015   2   1     0.000
      39       8    -0.016   2   1     0.000
       8      42     0.000   2   1     0.000
      42       8     0.000   2   1     0.000
       8      46    -0.008   2   1     0.000
      46       8    -0.008   2   1     0.000
       8      52    -0.009   2   1     0.000
      52       8    -0.014   2   1     0.000
       8      54     0.001   2   1     0.000
      54       8     0.001   2   1     0.000
       9      10    -0.001   2   1     0.000
      10       9    -0.001   2   1     0.000
       9      21     0.000   2   1     0.000
      21       9     0.000   2   1     0.000
       9      22     0.000   2   1     0.000
      22       9     0.000   2   1     0.000
       9      23     0.026   2   1     0.000
      23       9     0.025   2   1     0.000
       9      24    -0.047   2   1     0.000
      24       9    -0.046   2   1     0.000
       9      34     1.066   2   1     0.000
      34       9     1.025   2   1     0.000
       9      35    -0.204   2   1     0.000
      35       9    -0.196   2   1     0.000
       9      57     0.011   2   1     0.000
      57       9     0.015   2   1     0.000
       9      58    -0.015   2   1     0.000
      58       9    -0.020   2   1     0.000
       9      62     0.000   2   1     0.000
      62       9     0.000   2   1     0.000
       9      63     0.000   2   1     0.000
      63       9     0.000   2   1     0.000
       9      70     0.000   2   1     0.000
      70       9     0.000   2   1     0.000
       9      71    -0.042   2   1     0.000
      71       9    -0.061   2   1     0.000
       9      72     0.121   2   1     0.000
      72       9     0.177   2   1     0.000
       9      73     0.000   2   1     0.000
      73       9    -0.001   2   1     0.000
       9      77    -0.095   2   1     0.000
      77       9    -0.135   2   1     0.000
       9      78    -0.027   2   1     0.000
      78       9    -0.038   2   1     0.000
      10      21     0.000   2   1     0.000
      21      10     0.000   2   1     0.000
      10      22     0.000   2   1     0.000
      22      10     0.000   2   1     0.000
      10      23     0.047   2   1     0.000
      23      10     0.046   2   1     0.000
      10      24     0.026   2   1     0.000
      24      10     0.025   2   1     0.000
      10      34    -0.204   2   1     0.000
      34      10    -0.196   2   1     0.000
      10      35    -1.064   2   1     0.000
      35      10    -1.024   2   1     0.000
      10      57    -0.015   2   1     0.000
      57      10    -0.020   2   1     0.000
      10      58    -0.011   2   1     0.000
      58      10    -0.014   2   1     0.000
      10      62     0.000   2   1     0.000
      62      10     0.000   2   1     0.000
      10      63     0.000   2   1     0.000
      63      10     0.000   2   1     0.000
      10      70     0.000   2   1     0.000
      70      10     0.000   2   1     0.000
      10      71    -0.122   2   1     0.000
      71      10    -0.178   2   1     0.000
      10      72    -0.042   2   1     0.000
      72      10    -0.061   2   1     0.000
      10      73    -0.001   2   1     0.000
      73      10    -0.002   2   1     0.000
      10      77     0.027   2   1     0.000
      77      10     0.038   2   1     0.000
      10      78    -0.096   2   1     0.000
      78      10    -0.136   2   1     0.000
      11      25     0.000   2   1     0.000
      25      11     0.000   2   1     0.000
      11      30     0.039   2   1     0.000
      30      11     0.038   2   1     0.000
      11      36     1.090   2   1     0.000
      36      11     1.047   2   1     0.000
      11      59     0.002   2   1     0.000
      59      11     0.002   2   1     0.000
      11      65     0.000   2   1     0.000
      65      11     0.000   2   1     0.000
      11      69     0.005   2   1     0.000
      69      11     0.007   2   1     0.000
      11      76    -0.134   2   1     0.000
      76      11    -0.194   2   1     0.000
      12      27     0.000   2   1     0.000
      27      12     0.000   2   1     0.000
      12      29    -0.038   2   1     0.000
      29      12    -0.037   2   1     0.000
      12      37    -1.089   2   1     0.000
      37      12    -1.047   2   1     0.000
      12      61    -0.001   2   1     0.000
      61      12    -0.001   2   1     0.000
      12      66     0.000   2   1     0.000
      66      12     0.000   2   1     0.000
      12      68    -0.005   2   1     0.000
      68      12    -0.007   2   1     0.000
      12      74     0.133   2   1     0.000
      74      12     0.192   2   1     0.000
      12      79    -0.001   2   1     0.000
      79      12    -0.001   2   1     0.000
      13      26     0.000   2   1     0.000
      26      13     0.000   2   1     0.000
      13      28     0.039   2   1     0.000
      28      13     0.037   2   1     0.000
      13      38    -1.090   2   1     0.000
      38      13    -1.047   2   1     0.000
      13      60    -0.002   2   1     0.000
      60      13    -0.002   2   1     0.000
      13      64     0.000   2   1     0.000
      64      13     0.000   2   1     0.000
      13      67     0.005   2   1     0.000
      67      13     0.007   2   1     0.000
      13      75    -0.133   2   1     0.000
      75      13    -0.191   2   1     0.000
      13      80     0.001   2   1     0.000
      80      13     0.001   2   1     0.000
      14      19    -0.001   2   1     0.000
      19      14    -0.001   2   1     0.000
      14      31    -0.005   2   1     0.000
      31      14    -0.003   2   1     0.000
      14      40    -0.029   2   1     0.000
      40      14    -0.027   2   1     0.000
      14      43     0.000   2   1     0.000
      43      14     0.000   2   1     0.000
      14      47     0.015   2   1     0.000
      47      14     0.014   2   1     0.000
      14      51     0.841   2   1     0.000
      51      14     0.770   2   1     0.000
      14      55    -0.002   2   1     0.000
      55      14    -0.002   2   1     0.000
      15      18     0.001   2   1     0.000
      18      15     0.001   2   1     0.000
      15      32    -0.005   2   1     0.000
      32      15    -0.003   2   1     0.000
      15      39     0.029   2   1     0.000
      39      15     0.027   2   1     0.000
      15      42     0.000   2   1     0.000
      42      15     0.000   2   1     0.000
      15      46    -0.015   2   1     0.000
      46      15    -0.014   2   1     0.000
      15      52     0.841   2   1     0.000
      52      15     0.770   2   1     0.000
      15      54    -0.002   2   1     0.000
      54      15    -0.002   2   1     0.000
      16      17     0.000   2   1     0.000
      17      16     0.000   2   1     0.000
      16      33     0.005   2   1     0.000
      33      16     0.003   2   1     0.000
      16      41    -0.029   2   1     0.000
      41      16    -0.027   2   1     0.000
      16      44     0.000   2   1     0.000
      44      16     0.000   2   1     0.000
      16      45     0.015   2   1     0.000
      45      16     0.014   2   1     0.000
      16      50    -0.843   2   1     0.000
      50      16    -0.770   2   1     0.000
      16      53     0.000   2   1     0.000
      53      16     0.000   2   1     0.000
      17      33     0.000   2   1     0.000
      33      17     0.000   2   1     0.000
      17      41     0.000   2   1     0.000
      41      17     0.000   2   1     0.000
      17      44    -0.002   2   1     0.000
      44      17    -0.002   2   1     0.000
      17      45     0.000   2   1     0.000
      45      17     0.000   2   1     0.000
      17      50     0.000   2   1     0.000
      50      17     0.000   2   1     0.000
      17      53    -0.841   2   1     0.000
      53      17    -0.770   2   1     0.000
      18      32     0.000   2   1     0.000
      32      18    -0.001   2   1     0.000
      18      39     0.000   2   1     0.000
      39      18     0.000   2   1     0.000
      18      42    -0.003   2   1     0.000
      42      18    -0.002   2   1     0.000
      18      46     0.000   2   1     0.000
      46      18     0.000   2   1     0.000
      18      52     0.002   2   1     0.000
      52      18     0.002   2   1     0.000
      18      54    -0.839   2   1     0.000
      54      18    -0.769   2   1     0.000
      19      31     0.000   2   1     0.000
      31      19     0.000   2   1     0.000
      19      40     0.000   2   1     0.000
      40      19     0.000   2   1     0.000
      19      43    -0.003   2   1     0.000
      43      19    -0.002   2   1     0.000
      19      47     0.000   2   1     0.000
      47      19     0.000   2   1     0.000
      19      51    -0.002   2   1     0.000
      51      19    -0.002   2   1     0.000
      19      55     0.839   2   1     0.000
      55      19     0.768   2   1     0.000
      20      48     0.000   2   1     0.000
      48      20     0.000   2   1     0.000
      20      49     0.000   2   1     0.000
      49      20     0.000   2   1     0.000
      20      56     0.845   2   1     0.000
      56      20     0.774   2   1     0.000
      21      22     0.043   2   1     0.000
      22      21     0.041   2   1     0.000
      21      23     0.000   2   1     0.000
      23      21     0.000   2   1     0.000
      21      24     0.000   2   1     0.000
      24      21     0.000   2   1     0.000
      21      34     0.000   2   1     0.000
      34      21     0.000   2   1     0.000
      21      35     0.000   2   1     0.000
      35      21     0.000   2   1     0.000
      21      57     0.000   2   1     0.000
      57      21     0.000   2   1     0.000
      21      58     0.000   2   1     0.000
      58      21     0.000   2   1     0.000
      21      62     0.008   2   1     0.000
      62      21     0.006   2   1     0.000
      21      63     0.000   2   1     0.000
      63      21     0.000   2   1     0.000
      21      70    -1.223   2   1     0.000
      70      21    -1.070   2   1     0.000
      21      71     0.001   2   1     0.000
      71      21     0.000   2   1     0.000
      21      72     0.000   2   1     0.000
      72      21     0.000   2   1     0.000
      21      73    -0.089   2   1     0.000
      73      21    -0.087   2   1     0.000
      21      77     0.000   2   1     0.000
      77      21     0.000   2   1     0.000
      21      78     0.000   2   1     0.000
      78      21    -0.001   2   1     0.000
      22      23     0.000   2   1     0.000
      23      22     0.000   2   1     0.000
      22      24     0.000   2   1     0.000
      24      22     0.000   2   1     0.000
      22      34     0.000   2   1     0.000
      34      22     0.000   2   1     0.000
      22      35     0.000   2   1     0.000
      35      22     0.000   2   1     0.000
      22      57     0.000   2   1     0.000
      57      22     0.000   2   1     0.000
      22      58     0.000   2   1     0.000
      58      22     0.000   2   1     0.000
      22      62     0.033   2   1     0.000
      62      22     0.030   2   1     0.000
      22      63     0.000   2   1     0.000
      63      22     0.000   2   1     0.000
      22      70     0.017   2   1     0.000
      70      22     0.020   2   1     0.000
      22      71     0.000   2   1     0.000
      71      22     0.000   2   1     0.000
      22      72     0.000   2   1     0.000
      72      22     0.000   2   1     0.000
      22      73    -0.690   2   1     0.000
      73      22    -0.605   2   1     0.000
      22      77     0.000   2   1     0.000
      77      22     0.000   2   1     0.000
      22      78     0.000   2   1     0.000
      78      22     0.001   2   1     0.000
      23      24     0.000   2   1     0.000
      24      23     0.000   2   1     0.000
      23      34     0.019   2   1     0.000
      34      23     0.019   2   1     0.000
      23      35    -0.059   2   1     0.000
      35      23    -0.058   2   1     0.000
      23      57    -0.009   2   1     0.000
      57      23    -0.008   2   1     0.000
      23      58    -0.019   2   1     0.000
      58      23    -0.018   2   1     0.000
      23      62     0.000   2   1     0.000
      62      23     0.000   2   1     0.000
      23      63     0.000   2   1     0.000
      63      23     0.000   2   1     0.000
      23      70    -0.001   2   1     0.000
      70      23    -0.001   2   1     0.000
      23      71    -0.470   2   1     0.000
      71      23    -0.419   2   1     0.000
      23      72     0.081   2   1     0.000
      72      23     0.073   2   1     0.000
      23      73     0.000   2   1     0.000
      73      23     0.000   2   1     0.000
      23      77     0.115   2   1     0.000
      77      23     0.100   2   1     0.000
      23      78     0.487   2   1     0.000
      78      23     0.421   2   1     0.000
      24      34    -0.059   2   1     0.000
      34      24    -0.058   2   1     0.000
      24      35    -0.019   2   1     0.000
      35      24    -0.019   2   1     0.000
      24      57    -0.019   2   1     0.000
      57      24    -0.018   2   1     0.000
      24      58     0.009   2   1     0.000
      58      24     0.008   2   1     0.000
      24      62    -0.001   2   1     0.000
      62      24    -0.001   2   1     0.000
      24      63     0.000   2   1     0.000
      63      24     0.000   2   1     0.000
      24      70     0.000   2   1     0.000
      70      24     0.000   2   1     0.000
      24      71    -0.081   2   1     0.000
      71      24    -0.072   2   1     0.000
      24      72    -0.471   2   1     0.000
      72      24    -0.421   2   1     0.000
      24      73     0.000   2   1     0.000
      73      24     0.000   2   1     0.000
      24      77    -0.490   2   1     0.000
      77      24    -0.425   2   1     0.000
      24      78     0.114   2   1     0.000
      78      24     0.098   2   1     0.000
      25      30     0.000   2   1     0.000
      30      25     0.000   2   1     0.000
      25      36     0.000   2   1     0.000
      36      25     0.000   2   1     0.000
      25      59     0.000   2   1     0.000
      59      25     0.000   2   1     0.000
      25      65    -0.009   2   1     0.000
      65      25    -0.009   2   1     0.000
      25      69     0.000   2   1     0.000
      69      25     0.000   2   1     0.000
      25      76     0.000   2   1     0.000
      76      25     0.000   2   1     0.000
      26      28     0.000   2   1     0.000
      28      26     0.000   2   1     0.000
      26      38     0.000   2   1     0.000
      38      26     0.000   2   1     0.000
      26      60     0.000   2   1     0.000
      60      26     0.000   2   1     0.000
      26      64     0.009   2   1     0.000
      64      26     0.009   2   1     0.000
      26      67     0.000   2   1     0.000
      67      26     0.000   2   1     0.000
      26      75     0.000   2   1     0.000
      75      26    -0.001   2   1     0.000
      26      80    -0.691   2   1     0.000
      80      26    -0.606   2   1     0.000
      27      29     0.000   2   1     0.000
      29      27     0.000   2   1     0.000
      27      37     0.000   2   1     0.000
      37      27     0.000   2   1     0.000
      27      61     0.000   2   1     0.000
      61      27     0.000   2   1     0.000
      27      66     0.009   2   1     0.000
      66      27     0.009   2   1     0.000
      27      68     0.000   2   1     0.000
      68      27     0.000   2   1     0.000
      27      74     0.000   2   1     0.000
      74      27     0.001   2   1     0.000
      27      79     0.691   2   1     0.000
      79      27     0.606   2   1     0.000
      28      38    -0.041   2   1     0.000
      38      28    -0.040   2   1     0.000
      28      60     0.002   2   1     0.000
      60      28     0.002   2   1     0.000
      28      64     0.000   2   1     0.000
      64      28     0.000   2   1     0.000
      28      67     0.001   2   1     0.000
      67      28     0.001   2   1     0.000
      28      75    -0.425   2   1     0.000
      75      28    -0.377   2   1     0.000
      28      80     0.000   2   1     0.000
      80      28     0.000   2   1     0.000
      29      37     0.041   2   1     0.000
      37      29     0.040   2   1     0.000
      29      61    -0.002   2   1     0.000
      61      29    -0.001   2   1     0.000
      29      66     0.000   2   1     0.000
      66      29     0.000   2   1     0.000
      29      68     0.001   2   1     0.000
      68      29     0.001   2   1     0.000
      29      74    -0.424   2   1     0.000
      74      29    -0.377   2   1     0.000
      29      79     0.000   2   1     0.000
      79      29     0.000   2   1     0.000
      30      36     0.042   2   1     0.000
      36      30     0.041   2   1     0.000
      30      59    -0.002   2   1     0.000
      59      30    -0.001   2   1     0.000
      30      65     0.000   2   1     0.000
      65      30     0.000   2   1     0.000
      30      69     0.001   2   1     0.000
      69      30     0.001   2   1     0.000
      30      76    -0.423   2   1     0.000
      76      30    -0.376   2   1     0.000
      31      40     0.026   2   1     0.000
      40      31     0.027   2   1     0.000
      31      43     0.000   2   1     0.000
      43      31     0.000   2   1     0.000
      31      47     0.017   2   1     0.000
      47      31     0.018   2   1     0.000
      31      51    -0.013   2   1     0.000
      51      31    -0.015   2   1     0.000
      31      55     0.000   2   1     0.000
      55      31     0.001   2   1     0.000
      32      39    -0.026   2   1     0.000
      39      32    -0.026   2   1     0.000
      32      42     0.000   2   1     0.000
      42      32    -0.001   2   1     0.000
      32      46    -0.018   2   1     0.000
      46      32    -0.018   2   1     0.000
      32      52    -0.013   2   1     0.000
      52      32    -0.015   2   1     0.000
      32      54     0.000   2   1     0.000
      54      32     0.000   2   1     0.000
      33      41    -0.026   2   1     0.000
      41      33    -0.026   2   1     0.000
      33      44     0.000   2   1     0.000
      44      33     0.000   2   1     0.000
      33      45    -0.018   2   1     0.000
      45      33    -0.018   2   1     0.000
      33      50    -0.013   2   1     0.000
      50      33    -0.015   2   1     0.000
      33      53     0.000   2   1     0.000
      53      33     0.000   2   1     0.000
      34      35     0.000   2   1     0.000
      35      34     0.000   2   1     0.000
      34      57     0.053   2   1     0.000
      57      34     0.054   2   1     0.000
      34      58    -0.050   2   1     0.000
      58      34    -0.052   2   1     0.000
      34      62     0.000   2   1     0.000
      62      34     0.000   2   1     0.000
      34      63     0.000   2   1     0.000
      63      34     0.000   2   1     0.000
      34      70     0.000   2   1     0.000
      70      34     0.000   2   1     0.000
      34      71    -0.157   2   1     0.000
      71      34    -0.158   2   1     0.000
      34      72     1.091   2   1     0.000
      72      34     1.103   2   1     0.000
      34      73     0.000   2   1     0.000
      73      34     0.000   2   1     0.000
      34      77    -0.906   2   1     0.000
      77      34    -0.915   2   1     0.000
      34      78    -0.076   2   1     0.000
      78      34    -0.077   2   1     0.000
      35      57     0.050   2   1     0.000
      57      35     0.051   2   1     0.000
      35      58     0.052   2   1     0.000
      58      35     0.054   2   1     0.000
      35      62     0.000   2   1     0.000
      62      35     0.001   2   1     0.000
      35      63     0.000   2   1     0.000
      63      35     0.000   2   1     0.000
      35      70    -0.001   2   1     0.000
      70      35     0.000   2   1     0.000
      35      71     1.093   2   1     0.000
      71      35     1.104   2   1     0.000
      35      72     0.157   2   1     0.000
      72      35     0.158   2   1     0.000
      35      73     0.001   2   1     0.000
      73      35     0.001   2   1     0.000
      35      77    -0.076   2   1     0.000
      77      35    -0.076   2   1     0.000
      35      78     0.907   2   1     0.000
      78      35     0.916   2   1     0.000
      36      59     0.005   2   1     0.000
      59      36     0.005   2   1     0.000
      36      65     0.000   2   1     0.000
      65      36     0.000   2   1     0.000
      36      69     0.026   2   1     0.000
      69      36     0.027   2   1     0.000
      36      76    -1.173   2   1     0.000
      76      36    -1.192   2   1     0.000
      37      61     0.004   2   1     0.000
      61      37     0.005   2   1     0.000
      37      66     0.000   2   1     0.000
      66      37     0.000   2   1     0.000
      37      68     0.026   2   1     0.000
      68      37     0.027   2   1     0.000
      37      74    -1.174   2   1     0.000
      74      37    -1.191   2   1     0.000
      37      79     0.001   2   1     0.000
      79      37     0.001   2   1     0.000
      38      60     0.004   2   1     0.000
      60      38     0.004   2   1     0.000
      38      64     0.000   2   1     0.000
      64      38     0.000   2   1     0.000
      38      67    -0.027   2   1     0.000
      67      38    -0.027   2   1     0.000
      38      75     1.174   2   1     0.000
      75      38     1.192   2   1     0.000
      38      80    -0.001   2   1     0.000
      80      38    -0.001   2   1     0.000
      39      42     0.000   2   1     0.000
      42      39     0.000   2   1     0.000
      39      46     0.000   2   1     0.000
      46      39     0.000   2   1     0.000
      39      52     0.027   2   1     0.000
      52      39     0.030   2   1     0.000
      39      54     0.000   2   1     0.000
      54      39     0.000   2   1     0.000
      40      43     0.000   2   1     0.000
      43      40     0.000   2   1     0.000
      40      47     0.000   2   1     0.000
      47      40     0.000   2   1     0.000
      40      51    -0.027   2   1     0.000
      51      40    -0.030   2   1     0.000
      40      55     0.000   2   1     0.000
      55      40     0.000   2   1     0.000
      41      44     0.000   2   1     0.000
      44      41     0.000   2   1     0.000
      41      45     0.000   2   1     0.000
      45      41     0.000   2   1     0.000
      41      50     0.028   2   1     0.000
      50      41     0.030   2   1     0.000
      41      53     0.000   2   1     0.000
      53      41     0.000   2   1     0.000
      42      46     0.000   2   1     0.000
      46      42     0.000   2   1     0.000
      42      52    -0.001   2   1     0.000
      52      42    -0.001   2   1     0.000
      42      54     0.001   2   1     0.000
      54      42     0.001   2   1     0.000
      43      47     0.000   2   1     0.000
      47      43     0.000   2   1     0.000
      43      51     0.001   2   1     0.000
      51      43     0.001   2   1     0.000
      43      55    -0.001   2   1     0.000
      55      43    -0.001   2   1     0.000
      44      45     0.000   2   1     0.000
      45      44     0.000   2   1     0.000
      44      50     0.000   2   1     0.000
      50      44     0.000   2   1     0.000
      44      53     0.000   2   1     0.000
      53      44     0.000   2   1     0.000
      45      50    -0.013   2   1     0.000
      50      45    -0.014   2   1     0.000
      45      53     0.000   2   1     0.000
      53      45     0.000   2   1     0.000
      46      52    -0.013   2   1     0.000
      52      46    -0.014   2   1     0.000
      46      54    -0.001   2   1     0.000
      54      46    -0.001   2   1     0.000
      47      51     0.013   2   1     0.000
      51      47     0.014   2   1     0.000
      47      55     0.001   2   1     0.000
      55      47     0.001   2   1     0.000
      48      49     0.000   2   1     0.000
      49      48     0.000   2   1     0.000
      48      56     0.000   2   1     0.000
      56      48     0.000   2   1     0.000
      49      56     0.000   2   1     0.000
      56      49     0.000   2   1     0.000
      50      53     0.000   2   1     0.000
      53      50     0.000   2   1     0.000
      51      55    -0.003   2   1     0.000
      55      51    -0.003   2   1     0.000
      52      54    -0.003   2   1     0.000
      54      52    -0.003   2   1     0.000
      57      58     0.000   2   1     0.000
      58      57     0.000   2   1     0.000
      57      62     0.000   2   1     0.000
      62      57     0.000   2   1     0.000
      57      63     0.000   2   1     0.000
      63      57     0.000   2   1     0.000
      57      70     0.000   2   1     0.000
      70      57     0.000   2   1     0.000
      57      71     0.042   2   1     0.000
      71      57     0.038   2   1     0.000
      57      72     0.059   2   1     0.000
      72      57     0.053   2   1     0.000
      57      73     0.000   2   1     0.000
      73      57     0.000   2   1     0.000
      57      77    -0.026   2   1     0.000
      77      57    -0.022   2   1     0.000
      57      78     0.021   2   1     0.000
      78      57     0.018   2   1     0.000
      58      62     0.000   2   1     0.000
      62      58     0.000   2   1     0.000
      58      63     0.000   2   1     0.000
      63      58     0.000   2   1     0.000
      58      70     0.000   2   1     0.000
      70      58     0.000   2   1     0.000
      58      71     0.059   2   1     0.000
      71      58     0.054   2   1     0.000
      58      72    -0.041   2   1     0.000
      72      58    -0.038   2   1     0.000
      58      73     0.000   2   1     0.000
      73      58     0.000   2   1     0.000
      58      77     0.021   2   1     0.000
      77      58     0.017   2   1     0.000
      58      78     0.027   2   1     0.000
      78      58     0.022   2   1     0.000
      59      65     0.000   2   1     0.000
      65      59     0.000   2   1     0.000
      59      69     0.000   2   1     0.000
      69      59     0.000   2   1     0.000
      59      76    -0.004   2   1     0.000
      76      59    -0.002   2   1     0.000
      60      64     0.000   2   1     0.000
      64      60     0.000   2   1     0.000
      60      67    -0.001   2   1     0.000
      67      60    -0.001   2   1     0.000
      60      75     0.005   2   1     0.000
      75      60     0.004   2   1     0.000
      60      80     0.000   2   1     0.000
      80      60     0.000   2   1     0.000
      61      66     0.000   2   1     0.000
      66      61     0.000   2   1     0.000
      61      68     0.000   2   1     0.000
      68      61     0.000   2   1     0.000
      61      74    -0.005   2   1     0.000
      74      61    -0.003   2   1     0.000
      61      79     0.000   2   1     0.000
      79      61     0.000   2   1     0.000
      62      63     0.000   2   1     0.000
      63      62     0.000   2   1     0.000
      62      70    -0.002   2   1     0.000
      70      62    -0.001   2   1     0.000
      62      71     0.000   2   1     0.000
      71      62     0.000   2   1     0.000
      62      72     0.000   2   1     0.000
      72      62     0.000   2   1     0.000
      62      73    -0.030   2   1     0.000
      73      62    -0.029   2   1     0.000
      62      77    -0.001   2   1     0.000
      77      62    -0.001   2   1     0.000
      62      78    -0.001   2   1     0.000
      78      62    -0.001   2   1     0.000
      63      70     0.000   2   1     0.000
      70      63     0.000   2   1     0.000
      63      71     0.000   2   1     0.000
      71      63     0.000   2   1     0.000
      63      72     0.001   2   1     0.000
      72      63     0.001   2   1     0.000
      63      73     0.000   2   1     0.000
      73      63     0.000   2   1     0.000
      63      77     0.001   2   1     0.000
      77      63     0.001   2   1     0.000
      63      78     0.000   2   1     0.000
      78      63     0.000   2   1     0.000
      64      67     0.000   2   1     0.000
      67      64     0.000   2   1     0.000
      64      75     0.000   2   1     0.000
      75      64     0.000   2   1     0.000
      64      80    -0.007   2   1     0.000
      80      64    -0.006   2   1     0.000
      65      69     0.000   2   1     0.000
      69      65     0.000   2   1     0.000
      65      76     0.000   2   1     0.000
      76      65     0.000   2   1     0.000
      66      68     0.000   2   1     0.000
      68      66     0.000   2   1     0.000
      66      74     0.000   2   1     0.000
      74      66     0.000   2   1     0.000
      66      79     0.007   2   1     0.000
      79      66     0.006   2   1     0.000
      67      75    -0.021   2   1     0.000
      75      67    -0.018   2   1     0.000
      67      80     0.000   2   1     0.000
      80      67     0.000   2   1     0.000
      68      74    -0.021   2   1     0.000
      74      68    -0.018   2   1     0.000
      68      79     0.000   2   1     0.000
      79      68     0.000   2   1     0.000
      69      76    -0.022   2   1     0.000
      76      69    -0.019   2   1     0.000
      70      71     0.000   2   1     0.000
      71      70     0.000   2   1     0.000
      70      72     0.000   2   1     0.000
      72      70     0.000   2   1     0.000
      70      73     0.036   2   1     0.000
      73      70     0.038   2   1     0.000
      70      77     0.000   2   1     0.000
      77      70     0.000   2   1     0.000
      70      78    -0.001   2   1     0.000
      78      70    -0.001   2   1     0.000
      71      72     0.000   2   1     0.000
      72      71     0.000   2   1     0.000
      71      73     0.000   2   1     0.000
      73      71     0.000   2   1     0.000
      71      77     0.028   2   1     0.000
      77      71     0.028   2   1     0.000
      71      78     0.474   2   1     0.000
      78      71     0.470   2   1     0.000
      72      73     0.000   2   1     0.000
      73      72     0.000   2   1     0.000
      72      77    -0.470   2   1     0.000
      77      72    -0.466   2   1     0.000
      72      78     0.028   2   1     0.000
      78      72     0.028   2   1     0.000
      73      77     0.000   2   1     0.000
      77      73     0.000   2   1     0.000
      73      78    -0.001   2   1     0.000
      78      73    -0.001   2   1     0.000
      74      79     0.001   2   1     0.000
      79      74     0.001   2   1     0.000
      75      80     0.001   2   1     0.000
      80      75     0.001   2   1     0.000
      77      78     0.000   2   1     0.000
      78      77     0.000   2   1     0.000
