-----------------------------------------------------------------

 OUTPUT SELF-ENERGY DIAGONAL MATRIX ELEMENTS (eV)
     n   occ        E_dft     V_xc   Sigma_x  Sigma_sx   Sigma_c   Sigma_g  Sigma-V_xc   zfac  Im[Sigma]      E_0      E_qp  
     1   1.000   -19.612   -18.106   -30.749     9.044     5.271    -0.870    -8.243     0.783     5.382   -19.612   -28.415
     2   1.000    -8.476   -17.198   -24.777     5.888     2.493    -0.125    -5.212     0.828     0.673    -8.476   -12.940
     3   1.000    -8.476   -17.198   -24.777     5.888     2.493    -0.125    -5.212     0.828     0.673    -8.476   -12.940
     4   1.000    -8.476   -17.198   -24.777     5.888     2.493    -0.125    -5.211     0.828     0.673    -8.476   -12.940
     5   0.000     1.054    -3.303    -1.130     0.284    -0.362     0.367     2.178     0.996    -0.002     1.054     3.224
     6   0.000     2.994    -3.176    -1.235     0.320    -0.217     0.335     2.059     1.001     0.023     2.994     5.054
     7   0.000     2.994    -3.176    -1.235     0.320    -0.217     0.335     2.059     1.001     0.023     2.994     5.054
     8   0.000     2.994    -3.176    -1.235     0.320    -0.217     0.335     2.060     1.001     0.023     2.994     5.055
     9   0.000     4.980    -2.162    -0.365     0.014    -0.249     0.399     1.947     1.013     0.059     4.980     6.950
    10   0.000     4.980    -2.162    -0.365     0.014    -0.248     0.398     1.946     1.013     0.059     4.980     6.949
    11   0.000     5.006    -2.179    -0.369     0.013    -0.250     0.398     1.958     1.013     0.059     5.006     6.987
    12   0.000     5.006    -2.179    -0.369     0.013    -0.249     0.394     1.955     1.013     0.059     5.006     6.983
    13   0.000     5.006    -2.179    -0.369     0.013    -0.250     0.399     1.958     1.013     0.059     5.006     6.987
    14   0.000     8.785    -1.341    -0.053     0.000    -0.195     0.373     1.466     1.016     0.095     8.785    10.275
    15   0.000     8.785    -1.341    -0.053     0.000    -0.194     0.373     1.466     1.016     0.095     8.785    10.275
    16   0.000     8.785    -1.341    -0.053     0.000    -0.193     0.371     1.466     1.016     0.094     8.785    10.275
    17   0.000     8.807    -1.346    -0.054     0.000    -0.195     0.373     1.472     1.016     0.095     8.807    10.302
    18   0.000     8.807    -1.346    -0.054     0.000    -0.191     0.371     1.472     1.016     0.095     8.807    10.303
    19   0.000     8.807    -1.346    -0.054     0.000    -0.191     0.371     1.472     1.016     0.095     8.807    10.303
    20   0.000     8.847    -1.356    -0.054     0.000    -0.192     0.372     1.482     1.016     0.096     8.847    10.353
    21   0.000     9.631    -4.005    -1.518     0.147    -0.567     0.265     2.185     0.976    -0.102     9.631    11.767
    22   0.000    11.882    -4.480    -1.662     0.390    -0.487     0.289     2.619     0.999    -0.154    11.882    14.509
    23   0.000    11.882    -4.480    -1.662     0.390    -0.487     0.289     2.619     0.999    -0.154    11.882    14.509
    24   0.000    11.882    -4.480    -1.662     0.390    -0.487     0.289     2.620     0.999    -0.154    11.882    14.510
    25   0.000    12.724    -1.030    -0.016     0.000    -0.144     0.333     1.203     1.011     0.128    12.724    13.944
    26   0.000    12.753    -1.080    -0.034     0.001    -0.147     0.334     1.233     1.010     0.128    12.753    14.002
    27   0.000    12.753    -1.080    -0.034     0.001    -0.146     0.332     1.232     1.010     0.128    12.753    14.001
    28   0.000    12.808    -1.040    -0.015     0.000    -0.144     0.333     1.213     1.010     0.131    12.808    14.037
    29   0.000    12.808    -1.040    -0.015     0.000    -0.144     0.333     1.213     1.010     0.131    12.808    14.037
    30   0.000    12.808    -1.040    -0.015     0.000    -0.144     0.333     1.213     1.010     0.131    12.808    14.037
    31   0.000    12.834    -1.064    -0.023     0.001    -0.147     0.335     1.229     1.009     0.131    12.834    14.080
    32   0.000    12.834    -1.064    -0.023     0.001    -0.147     0.335     1.229     1.009     0.131    12.834    14.080
    33   0.000    12.834    -1.064    -0.023     0.001    -0.147     0.334     1.229     1.009     0.131    12.834    14.079
    34   0.000    13.115    -3.938    -1.170     0.061    -0.320     0.313     2.761     1.002     0.005    13.115    15.880
    35   0.000    13.115    -3.938    -1.170     0.061    -0.320     0.313     2.762     1.002     0.005    13.115    15.880
    36   0.000    13.191    -3.984    -1.186     0.056    -0.321     0.310     2.787     1.001     0.003    13.191    15.981
    37   0.000    13.191    -3.984    -1.186     0.056    -0.322     0.314     2.789     1.002     0.003    13.191    15.983
    38   0.000    13.191    -3.984    -1.186     0.056    -0.322     0.314     2.789     1.002     0.003    13.191    15.983
    39   0.000    17.113    -0.864    -0.006     0.000    -0.116     0.292     1.033     0.996     0.159    17.113    18.147
    40   0.000    17.113    -0.864    -0.006     0.000    -0.116     0.292     1.033     0.996     0.159    17.113    18.147
    41   0.000    17.113    -0.864    -0.006     0.000    -0.116     0.292     1.034     0.996     0.159    17.113    18.147
    42   0.000    17.184    -0.867    -0.006     0.000    -0.116     0.292     1.038     0.995     0.161    17.184    18.221
    43   0.000    17.184    -0.867    -0.006     0.000    -0.116     0.292     1.038     0.995     0.161    17.184    18.221
    44   0.000    17.184    -0.867    -0.006     0.000    -0.117     0.293     1.038     0.995     0.161    17.184    18.222
    45   0.000    17.231    -0.873    -0.006     0.000    -0.117     0.293     1.043     0.995     0.162    17.231    18.273
    46   0.000    17.231    -0.873    -0.006     0.000    -0.117     0.293     1.043     0.995     0.162    17.231    18.273
    47   0.000    17.231    -0.873    -0.006     0.000    -0.117     0.293     1.043     0.995     0.162    17.231    18.273
    48   0.000    17.244    -0.873    -0.006     0.000    -0.117     0.293     1.043     0.994     0.163    17.244    18.286
    49   0.000    17.244    -0.873    -0.006     0.000    -0.117     0.293     1.043     0.994     0.163    17.244    18.286
    50   0.000    19.735    -2.623    -0.237     0.005    -0.327     0.443     2.503     0.966     0.141    19.735    22.211
    51   0.000    19.735    -2.623    -0.237     0.005    -0.343     0.458     2.501     0.966     0.141    19.735    22.209
    52   0.000    19.735    -2.623    -0.237     0.005    -0.341     0.456     2.501     0.966     0.141    19.735    22.209
    53   0.000    19.784    -2.637    -0.239     0.005    -0.335     0.449     2.511     0.965     0.140    19.784    22.266
    54   0.000    19.784    -2.637    -0.239     0.005    -0.312     0.433     2.519     0.965     0.140    19.784    22.274
    55   0.000    19.784    -2.637    -0.239     0.005    -0.309     0.431     2.520     0.965     0.141    19.784    22.275
    56   0.000    19.881    -2.650    -0.241     0.005    -0.305     0.429     2.534     0.965     0.139    19.881    22.381
    57   0.000    21.893    -0.760    -0.007     0.000    -0.070     0.219     0.902     0.985     0.179    21.893    22.783
    58   0.000    21.893    -0.760    -0.007     0.000    -0.070     0.219     0.902     0.985     0.179    21.893    22.783
    59   0.000    21.989    -0.755    -0.003     0.000    -0.069     0.218     0.901     0.984     0.182    21.989    22.878
    60   0.000    21.989    -0.755    -0.003     0.000    -0.069     0.218     0.901     0.984     0.182    21.989    22.878
    61   0.000    21.989    -0.755    -0.003     0.000    -0.069     0.218     0.901     0.984     0.182    21.989    22.878
    62   0.000    22.016    -0.759    -0.003     0.000    -0.070     0.218     0.904     0.984     0.182    22.016    22.908
    63   0.000    22.040    -0.758    -0.003     0.000    -0.069     0.217     0.904     0.984     0.182    22.040    22.931
    64   0.000    22.077    -0.761    -0.003     0.000    -0.070     0.217     0.906     0.984     0.183    22.077    22.970
    65   0.000    22.077    -0.761    -0.003     0.000    -0.069     0.217     0.906     0.984     0.183    22.077    22.970
    66   0.000    22.077    -0.761    -0.003     0.000    -0.069     0.217     0.906     0.984     0.183    22.077    22.970
    67   0.000    22.088    -0.763    -0.003     0.000    -0.070     0.217     0.907     0.984     0.183    22.088    22.983
    68   0.000    22.088    -0.763    -0.003     0.000    -0.070     0.217     0.907     0.984     0.183    22.088    22.983
    69   0.000    22.088    -0.763    -0.003     0.000    -0.070     0.217     0.907     0.984     0.183    22.088    22.983
    70   0.000    23.413    -4.718    -1.614    -0.205    -0.568     0.054     2.590     1.001    -0.353    23.413    26.037
    71   0.000    25.301    -5.066    -1.748     0.025    -0.185     0.098     3.231     0.969     0.036    25.301    28.431
    72   0.000    25.301    -5.066    -1.748     0.027    -0.185     0.099     3.232     0.969     0.036    25.301    28.431
    73   0.000    25.477    -5.100    -1.758     0.015    -0.180     0.088     3.251     0.969     0.031    25.477    28.627
    74   0.000    25.477    -5.100    -1.758     0.015    -0.179     0.088     3.250     0.969     0.031    25.477    28.626
    75   0.000    25.477    -5.100    -1.758     0.016    -0.179     0.083     3.246     0.968     0.029    25.477    28.621
    76   0.000    25.700    -5.006    -1.537     0.159    -0.499     0.174     3.144     0.964    -0.219    25.700    28.813
    77   0.000    25.700    -5.006    -1.537     0.159    -0.500     0.174     3.143     0.964    -0.220    25.700    28.811
    78   0.000    25.700    -5.006    -1.537     0.159    -0.500     0.174     3.143     0.964    -0.220    25.700    28.811
    79   0.000    26.066    -2.027    -0.081    -0.001    -0.223     0.314     2.036     0.978     0.251    26.066    28.064
    80   0.000    26.149    -2.071    -0.099    -0.001    -0.223     0.312     2.060     0.978     0.252    26.149    28.172
-----------------------------------------------------------------


 OUTPUT SELF-ENERGY OFF-DIAGONAL MATRIX ELEMENTS (eV)
    n1    n2     V_xc    Sigma_x  Sigma_c1  Sigma_c2  Sigma_g1  Sigma_g2  Sigma-V_xc1  Sigma-V_xc2
     1     5    -2.856    -3.424     0.650     0.252    -0.190    -0.222       -0.108       -0.539
     1     9     0.000     0.000     0.000     0.000     0.000     0.000        0.000        0.000
     1    10     0.000     0.000     0.000     0.000     0.000     0.000        0.000        0.000
     1    21     3.099     3.655    -0.739    -0.014     0.206     0.183        0.023        0.725
     1    25     0.086     0.101    -0.021     0.001     0.006     0.006        0.001        0.022
     1    26     0.000     0.000     0.000     0.000     0.000     0.000        0.000        0.000
     1    27     0.000     0.000     0.000     0.000     0.000     0.000        0.000        0.000
     1    34     0.000     0.000     0.000     0.000     0.000     0.000        0.000        0.000
     1    35     0.000     0.000     0.000     0.000     0.000     0.000        0.000        0.000
     1    57     0.000     0.000     0.000     0.000     0.000     0.000        0.000        0.000
     1    58     0.000     0.000     0.000     0.000     0.000     0.000        0.000        0.000
     1    62    -0.022    -0.026     0.005    -0.001    -0.001    -0.001        0.001       -0.006
     1    63     0.000     0.000     0.000     0.000     0.000     0.000        0.000        0.000
     1    70    -2.783    -3.200     0.678     0.042    -0.150    -0.259        0.111       -0.635
     1    71     0.000     0.000     0.000     0.000     0.000     0.001        0.000        0.000
     1    72     0.000     0.000     0.000     0.000     0.000     0.000        0.000        0.000
     1    79    -0.183    -0.210     0.045     0.006    -0.011    -0.014        0.008       -0.035
     1    80     0.000     0.000     0.000     0.000     0.000     0.000        0.000        0.000
     2     6     3.740     4.229    -0.756    -0.459     0.279     0.292        0.012        0.322
     2    14    -0.057    -0.062     0.014     0.008    -0.004    -0.005        0.004       -0.002
     2    19     0.000     0.000     0.000     0.001     0.000     0.001        0.001        0.001
     2    22     3.791     4.079    -0.858    -0.387     0.284     0.295       -0.286        0.195
     2    40     0.058     0.060    -0.013    -0.006     0.004     0.005       -0.006        0.002
     2    43     0.000     0.000     0.000     0.000     0.000     0.000        0.000        0.000
     2    47     0.035     0.037    -0.008    -0.003     0.003     0.003       -0.003        0.002
     2    51    -0.066    -0.067     0.018     0.009    -0.006    -0.009        0.011       -0.001
     2    55     0.000     0.000    -0.001    -0.002     0.000    -0.001       -0.001       -0.003
     2    77    -2.979    -2.991     0.708     0.311    -0.182    -0.472        0.515       -0.172
     3     7     3.740     4.229    -0.756    -0.459     0.279     0.292        0.012        0.322
     3    15    -0.057    -0.062     0.014     0.008    -0.004    -0.005        0.004       -0.002
     3    18     0.000     0.000     0.001     0.001     0.001     0.001        0.001        0.001
     3    23     3.791     4.079    -0.858    -0.387     0.284     0.295       -0.286        0.195
     3    39    -0.058    -0.060     0.013     0.006    -0.004    -0.005        0.006       -0.002
     3    42     0.000     0.000     0.000     0.000     0.000     0.000        0.000       -0.001
     3    46    -0.035    -0.037     0.008     0.003    -0.003    -0.003        0.003       -0.002
     3    52    -0.066    -0.067     0.018     0.010    -0.006    -0.009        0.011       -0.001
     3    54     0.000     0.000    -0.001    -0.003     0.000    -0.001       -0.002       -0.003
     3    78    -2.979    -2.991     0.708     0.311    -0.182    -0.472        0.515       -0.172
     4     8     3.740     4.229    -0.756    -0.459     0.279     0.292        0.012        0.323
     4    16    -0.057    -0.062     0.014     0.009    -0.005    -0.006        0.005       -0.002
     4    17     0.000     0.000     0.000     0.000     0.000     0.000        0.000        0.000
     4    24     3.791     4.079    -0.858    -0.387     0.284     0.295       -0.286        0.195
     4    41    -0.058    -0.060     0.013     0.005    -0.004    -0.005        0.006       -0.002
     4    44     0.000     0.000     0.000     0.000     0.000     0.000        0.000        0.000
     4    45    -0.035    -0.037     0.008     0.003    -0.003    -0.003        0.003       -0.002
     4    50    -0.066    -0.067     0.020     0.014    -0.007    -0.011        0.012        0.001
     4    53     0.000     0.000     0.000     0.000     0.000     0.000        0.000        0.000
     4    76    -2.979    -2.991     0.708     0.310    -0.181    -0.471        0.515       -0.172
     5     9     0.000     0.000     0.000     0.000     0.000     0.000        0.000        0.000
     5    10     0.000     0.000     0.000     0.000     0.001     0.001        0.001        0.001
     5    21     2.651     1.272     0.235     0.449    -0.019    -0.027       -1.164       -0.957
     5    25     0.069     0.035     0.006     0.012     0.000    -0.001       -0.028       -0.022
     5    26     0.000     0.000     0.000     0.000     0.000     0.000        0.000        0.000
     5    27     0.000     0.000     0.000     0.000    -0.001    -0.001       -0.001       -0.001
     5    34     0.000     0.000     0.000     0.000     0.000     0.000        0.000        0.000
     5    35     0.000     0.000     0.000     0.000     0.000     0.000        0.000        0.000
     5    57     0.000     0.000     0.000     0.000     0.000     0.000        0.000        0.000
     5    58     0.000     0.000     0.000     0.000     0.000     0.000        0.000        0.000
     5    62    -0.015    -0.009    -0.001    -0.003    -0.001     0.000        0.003        0.002
     5    63     0.000     0.000     0.000     0.000     0.000     0.000        0.000        0.000
     5    70    -1.783    -1.185    -0.099    -0.240    -0.107    -0.030        0.392        0.328
     5    71     0.000     0.000     0.000     0.000     0.000     0.000        0.000        0.000
     5    72     0.000     0.000     0.000     0.000     0.000     0.000        0.000        0.000
     5    79    -0.114    -0.078    -0.006    -0.009    -0.005     0.010        0.024        0.036
     5    80     0.000     0.000     0.000     0.000     0.000    -0.001        0.000       -0.001
     6    14     0.042     0.020     0.001     0.003     0.001     0.001       -0.019       -0.017
     6    19     0.000     0.000     0.000     0.000     0.001     0.001        0.001        0.001
     6    22    -2.813    -1.376    -0.129    -0.293     0.024     0.054        1.331        1.198
     6    40    -0.040    -0.022    -0.001    -0.003    -0.001     0.000        0.016        0.016
     6    43     0.000     0.000     0.000     0.000     0.000     0.000        0.000        0.000
     6    47    -0.024    -0.013    -0.001    -0.002    -0.001     0.000        0.010        0.009
     6    51     0.041     0.025     0.000     0.002     0.005     0.004       -0.012       -0.012
     6    55     0.000     0.000     0.001     0.001    -0.002    -0.003       -0.001       -0.002
     6    77     1.808     1.151     0.020     0.042     0.100    -0.019       -0.536       -0.633
     7    15     0.042     0.020     0.001     0.003     0.001     0.001       -0.019       -0.017
     7    18     0.000     0.000     0.000     0.000     0.001     0.002        0.001        0.001
     7    23    -2.813    -1.376    -0.129    -0.293     0.024     0.055        1.331        1.198
     7    39     0.040     0.022     0.001     0.003     0.001     0.000       -0.016       -0.015
     7    42     0.000     0.000     0.000     0.000     0.000     0.000        0.000        0.000
     7    46     0.024     0.013     0.001     0.002     0.001     0.000       -0.010       -0.009
     7    52     0.041     0.025     0.000     0.001     0.005     0.003       -0.013       -0.012
     7    54     0.000     0.000     0.001     0.001    -0.002    -0.004       -0.002       -0.002
     7    78     1.808     1.151     0.020     0.042     0.100    -0.019       -0.536       -0.633
     8    16     0.042     0.020     0.001     0.003     0.000     0.000       -0.020       -0.019
     8    17     0.000     0.000     0.000     0.000     0.000     0.000        0.000        0.000
     8    24    -2.813    -1.376    -0.129    -0.293     0.024     0.056        1.332        1.199
     8    41     0.040     0.022     0.001     0.003     0.001     0.001       -0.016       -0.015
     8    44     0.000     0.000     0.000     0.000     0.000     0.000        0.000        0.000
     8    45     0.024     0.013     0.001     0.002     0.001     0.000       -0.010       -0.009
     8    50     0.041     0.025     0.000     0.001     0.003     0.001       -0.014       -0.015
     8    53     0.000     0.000     0.000     0.000     0.000     0.000        0.000        0.000
     8    76     1.808     1.151     0.020     0.042     0.100    -0.018       -0.535       -0.632
     9    10     0.000     0.000     0.000     0.000     0.000     0.000        0.000        0.000
     9    21     0.000     0.000     0.000     0.000     0.000     0.000        0.000        0.000
     9    25     0.000     0.000     0.000     0.000     0.001     0.001        0.001        0.001
     9    26     0.233     0.075     0.016     0.025    -0.009    -0.011       -0.152       -0.144
     9    27     0.089     0.029     0.006     0.010    -0.003    -0.004       -0.058       -0.055
     9    34    -1.811    -0.591    -0.123    -0.198     0.076     0.089        1.173        1.111
     9    35    -0.588    -0.192    -0.040    -0.064     0.024     0.028        0.380        0.360
     9    57    -0.038    -0.021     0.000    -0.003    -0.001     0.003        0.016        0.016
     9    58     0.048     0.027     0.000     0.004     0.002    -0.003       -0.020       -0.021
     9    62     0.000     0.000     0.000     0.000     0.000     0.000        0.000        0.000
     9    63     0.000     0.000     0.000     0.000     0.001     0.001        0.001        0.001
     9    70     0.000     0.000     0.000     0.000     0.000     0.000        0.000        0.000
     9    71    -0.371    -0.250     0.020    -0.024    -0.036     0.024        0.105        0.120
     9    72     0.890     0.601    -0.049     0.059     0.087    -0.056       -0.251       -0.287
     9    79     0.000     0.000     0.001     0.001    -0.002    -0.004       -0.001       -0.003
     9    80    -0.105    -0.073     0.005    -0.010    -0.007     0.013        0.030        0.035
    10    21     0.000     0.000     0.000     0.000     0.000     0.000        0.000        0.000
    10    25     0.000     0.000     0.000    -0.001     0.002     0.002        0.001        0.002
    10    26    -0.089    -0.029    -0.006    -0.010     0.004     0.004        0.058        0.055
    10    27     0.233     0.075     0.016     0.025    -0.009    -0.011       -0.151       -0.144
    10    34     0.588     0.192     0.040     0.064    -0.025    -0.029       -0.381       -0.361
    10    35    -1.811    -0.591    -0.123    -0.198     0.075     0.088        1.172        1.109
    10    57     0.048     0.027     0.000     0.004     0.002    -0.004       -0.020       -0.021
    10    58     0.038     0.021     0.000     0.003     0.001    -0.003       -0.016       -0.017
    10    62     0.000     0.000     0.000     0.000     0.000     0.001        0.000        0.001
    10    63     0.000     0.000     0.000     0.000     0.000    -0.001        0.000       -0.001
    10    70     0.000     0.000     0.000     0.000     0.000    -0.001        0.000        0.000
    10    71    -0.890    -0.601     0.049    -0.059    -0.087     0.057        0.252        0.288
    10    72    -0.371    -0.250     0.020    -0.024    -0.036     0.023        0.105        0.119
    10    79     0.000     0.000     0.001     0.002    -0.004    -0.008       -0.003       -0.006
    10    80     0.035     0.024    -0.002     0.003     0.002    -0.004       -0.010       -0.012
    11    29     0.000     0.000     0.000     0.000     0.001     0.001        0.000        0.001
    11    31     0.164     0.053     0.011     0.018    -0.006    -0.007       -0.107       -0.101
    11    37     1.922     0.630     0.129     0.210    -0.077    -0.090       -1.241       -1.174
    11    61    -0.004    -0.002     0.001     0.001    -0.002    -0.003        0.000        0.000
    11    66     0.000     0.000     0.000     0.000     0.001     0.001        0.001        0.001
    11    68     0.021     0.012    -0.001     0.001     0.002     0.000       -0.008       -0.009
    11    74     0.969     0.656    -0.054     0.067     0.093    -0.066       -0.274       -0.313
    12    28     0.000     0.000     0.000     0.000     0.000     0.000        0.000        0.000
    12    33    -0.164    -0.053    -0.012    -0.018     0.008     0.009        0.108        0.102
    12    36     1.922     0.630     0.128     0.208    -0.074    -0.086       -1.238       -1.170
    12    59    -0.004    -0.002     0.000     0.000    -0.001    -0.001        0.001        0.001
    12    64     0.000     0.000     0.000     0.000     0.000     0.000        0.000        0.000
    12    69     0.021     0.012    -0.001     0.001     0.002     0.000       -0.008       -0.008
    12    75     0.969     0.656    -0.053     0.067     0.090    -0.071       -0.276       -0.317
    13    30     0.000     0.000     0.000     0.000    -0.001    -0.001        0.000       -0.001
    13    32    -0.164    -0.053    -0.011    -0.018     0.006     0.007        0.106        0.101
    13    38    -1.922    -0.630    -0.129    -0.210     0.078     0.091        1.241        1.174
    13    60    -0.004    -0.002     0.001     0.001    -0.002    -0.003        0.000       -0.001
    13    65     0.000     0.000     0.000     0.000    -0.001    -0.001       -0.001       -0.001
    13    67    -0.021    -0.012     0.001    -0.001    -0.002     0.000        0.008        0.009
    13    73    -0.969    -0.656     0.054    -0.066    -0.093     0.066        0.274        0.312
    14    19     0.000     0.000     0.001     0.001    -0.001    -0.001        0.000        0.000
    14    22     0.036     0.022     0.002     0.002     0.005     0.005       -0.007       -0.006
    14    40     0.041     0.004     0.004     0.003    -0.003    -0.001       -0.037       -0.035
    14    43     0.000     0.000     0.000     0.001    -0.001    -0.001        0.000        0.000
    14    47    -0.018    -0.001    -0.003    -0.003     0.003     0.003        0.017        0.017
    14    51    -1.075    -0.104    -0.142    -0.116     0.135     0.023        0.965        0.878
    14    55     0.000     0.000    -0.003    -0.004     0.003     0.005        0.000        0.000
    14    77    -0.024    -0.018    -0.001    -0.003    -0.001     0.001        0.004        0.004
    15    18     0.000     0.000     0.002     0.002    -0.002    -0.002        0.000        0.000
    15    23     0.036     0.022     0.002     0.002     0.005     0.005       -0.007       -0.006
    15    39    -0.041    -0.004    -0.004    -0.003     0.003     0.001        0.037        0.035
    15    42     0.000     0.000    -0.001    -0.001     0.001     0.001        0.000        0.000
    15    46     0.018     0.001     0.003     0.003    -0.003    -0.003       -0.017       -0.017
    15    52    -1.075    -0.104    -0.141    -0.115     0.134     0.022        0.965        0.878
    15    54     0.000     0.000    -0.003    -0.005     0.003     0.005        0.000        0.000
    15    78    -0.024    -0.018    -0.001    -0.003    -0.001     0.001        0.004        0.004
    16    17     0.000     0.000     0.000     0.000     0.000     0.000        0.000        0.000
    16    24     0.036     0.022     0.002     0.002     0.003     0.004       -0.008       -0.007
    16    41    -0.041    -0.004    -0.004    -0.004     0.004     0.002        0.037        0.035
    16    44     0.000     0.000     0.000     0.000     0.000     0.000        0.000        0.000
    16    45     0.018     0.001     0.003     0.003    -0.003    -0.003       -0.017       -0.017
    16    50    -1.075    -0.104    -0.137    -0.109     0.130     0.015        0.964        0.878
    16    53     0.000     0.000     0.000     0.001     0.000    -0.001        0.000        0.000
    16    76    -0.024    -0.018    -0.002    -0.005    -0.001     0.002        0.003        0.003
    17    24     0.000     0.000     0.000     0.000     0.000     0.000        0.000        0.000
    17    41     0.000     0.000     0.000     0.000     0.000     0.000        0.000        0.000
    17    44    -0.003     0.000     0.001     0.002    -0.002    -0.003        0.002        0.001
    17    45     0.000     0.000     0.000     0.000     0.000     0.000        0.000        0.000
    17    50     0.000     0.000     0.000    -0.001     0.000     0.001        0.000        0.000
    17    53     1.079     0.104     0.140     0.112    -0.132    -0.017       -0.967       -0.879
    17    76     0.000     0.000     0.000     0.000     0.000     0.000        0.000        0.000
    18    23     0.000     0.000     0.000     0.000     0.001     0.002        0.001        0.001
    18    39     0.000     0.000    -0.001    -0.001     0.001     0.001        0.000        0.000
    18    42    -0.003     0.000     0.000     0.000    -0.001    -0.001        0.002        0.001
    18    46     0.000     0.000     0.000     0.000    -0.001    -0.001        0.000        0.000
    18    52     0.000     0.000     0.004     0.005    -0.003    -0.005        0.000        0.000
    18    54     1.079     0.104     0.133     0.102    -0.127    -0.009       -0.969       -0.882
    18    78     0.000     0.000    -0.001    -0.001     0.001     0.003        0.000        0.001
    19    22     0.000     0.000     0.000     0.000     0.001     0.001        0.001        0.001
    19    40     0.000     0.000     0.000     0.001    -0.001    -0.001        0.000        0.000
    19    43     0.003     0.000     0.000     0.000     0.000     0.001       -0.002       -0.002
    19    47     0.000     0.000     0.000     0.000     0.001     0.001        0.000        0.000
    19    51     0.000     0.000     0.003     0.005    -0.003    -0.004        0.000        0.000
    19    55     1.079     0.104     0.132     0.101    -0.126    -0.008       -0.969       -0.882
    19    77     0.000     0.000    -0.001    -0.001     0.001     0.002        0.000        0.001
    20    48     0.000     0.000     0.000     0.000     0.000     0.000        0.000        0.000
    20    49     0.000     0.000     0.000     0.000     0.000     0.000        0.000        0.000
    20    56    -1.084    -0.105    -0.131    -0.098     0.125     0.005        0.973        0.886
    21    25    -0.092    -0.043    -0.012    -0.014     0.001     0.000        0.038        0.035
    21    26     0.000     0.000     0.000     0.000     0.000     0.000        0.000        0.000
    21    27     0.000     0.000     0.000     0.000     0.001     0.001        0.001        0.001
    21    34     0.000     0.000     0.000     0.000     0.000     0.000        0.000        0.000
    21    35     0.000     0.000     0.000     0.000     0.000     0.000        0.000        0.000
    21    57     0.000     0.000     0.000     0.000     0.000     0.000        0.000        0.000
    21    58     0.000     0.000     0.000     0.000    -0.001    -0.001       -0.001       -0.001
    21    62     0.026     0.012     0.003     0.005     0.001     0.000       -0.010       -0.009
    21    63     0.000     0.000     0.000     0.000     0.000     0.000        0.000        0.000
    21    70     3.277     1.504     0.385     0.445    -0.017    -0.111       -1.404       -1.438
    21    71     0.000     0.000     0.000     0.000     0.000     0.000        0.000        0.000
    21    72     0.000     0.000     0.000     0.000     0.000     0.000        0.000        0.000
    21    79     0.198     0.100     0.022     0.017     0.003    -0.011       -0.074       -0.091
    21    80     0.000     0.000     0.000     0.000     0.000     0.000        0.000        0.000
    22    40    -0.064    -0.027    -0.007    -0.008     0.002     0.002        0.032        0.031
    22    43     0.000     0.000     0.000     0.000     0.000     0.000        0.000        0.000
    22    47    -0.040    -0.017    -0.004    -0.005     0.000     0.000        0.019        0.019
    22    51     0.052     0.029     0.003     0.005     0.005     0.005       -0.016       -0.013
    22    55     0.000     0.000     0.000     0.000    -0.002    -0.002       -0.001       -0.002
    22    77     3.573     1.516     0.325     0.252    -0.023    -0.087       -1.755       -1.892
    23    39     0.064     0.027     0.006     0.008    -0.002    -0.001       -0.032       -0.031
    23    42     0.000     0.000     0.000     0.000     0.000     0.000        0.000        0.000
    23    46     0.040     0.017     0.004     0.005     0.000     0.000       -0.019       -0.019
    23    52     0.052     0.029     0.003     0.006     0.004     0.005       -0.016       -0.013
    23    54     0.000     0.000     0.000     0.000    -0.002    -0.002       -0.002       -0.002
    23    78     3.573     1.516     0.325     0.252    -0.023    -0.086       -1.755       -1.892
    24    41     0.064     0.027     0.006     0.007     0.000     0.000       -0.031       -0.029
    24    44     0.000     0.000     0.000     0.000     0.000     0.000        0.000        0.000
    24    45     0.040     0.017     0.004     0.005     0.000     0.000       -0.020       -0.019
    24    50     0.052     0.029     0.004     0.006     0.003     0.003       -0.017       -0.014
    24    53     0.000     0.000     0.000     0.000     0.000     0.000        0.000        0.000
    24    76     3.573     1.516     0.325     0.252    -0.022    -0.085       -1.754       -1.891
    25    26     0.000     0.000     0.000     0.000     0.000     0.000        0.000        0.000
    25    27     0.000     0.000     0.000     0.000    -0.001    -0.001       -0.001       -0.001
    25    34     0.000     0.000     0.000     0.000     0.000     0.000        0.000        0.000
    25    35     0.000     0.000    -0.001    -0.001     0.002     0.002        0.002        0.002
    25    57     0.000     0.000     0.000     0.000     0.000     0.000        0.000        0.000
    25    58     0.000     0.000     0.000     0.000     0.000    -0.001        0.000        0.000
    25    62     0.037     0.002     0.004     0.004    -0.006    -0.002       -0.037       -0.033
    25    63     0.000     0.000     0.000     0.000     0.000     0.000        0.000        0.000
    25    70     0.050     0.042     0.006     0.009     0.010     0.004        0.007        0.005
    25    71     0.000     0.000     0.000     0.000    -0.001    -0.001       -0.001       -0.001
    25    72     0.000     0.000     0.000     0.000     0.000     0.000        0.000        0.000
    25    79     0.760     0.032     0.087     0.066    -0.130     0.010       -0.770       -0.651
    25    80     0.000     0.000     0.000     0.000     0.000     0.000        0.000        0.000
    26    27     0.000     0.000     0.000     0.000     0.000     0.000        0.000        0.000
    26    34     0.369     0.148     0.021     0.022     0.005     0.006       -0.194       -0.194
    26    35    -0.019    -0.007    -0.001    -0.001     0.000     0.000        0.010        0.010
    26    57     0.037     0.008     0.003     0.003    -0.003    -0.001       -0.030       -0.027
    26    58    -0.023    -0.005    -0.002    -0.002     0.002     0.001        0.018        0.016
    26    62     0.000     0.000     0.000     0.000     0.000     0.000        0.000        0.000
    26    63     0.000     0.000     0.000     0.000     0.000     0.000        0.000        0.000
    26    70     0.000     0.000     0.000     0.000     0.000     0.000        0.000        0.000
    26    71     0.014     0.005     0.000     0.001     0.000     0.000       -0.009       -0.008
    26    72    -0.481    -0.176    -0.016    -0.027     0.012    -0.001        0.302        0.278
    26    79     0.000     0.000     0.000     0.000     0.000     0.000        0.000        0.000
    26    80    -0.700    -0.009    -0.085    -0.063     0.129    -0.010        0.735        0.618
    27    34     0.019     0.007     0.001     0.001     0.000     0.000       -0.010       -0.010
    27    35     0.369     0.148     0.021     0.022     0.006     0.006       -0.194       -0.193
    27    57    -0.023    -0.005    -0.002    -0.002     0.002     0.001        0.018        0.016
    27    58    -0.037    -0.008    -0.003    -0.003     0.003     0.001        0.030        0.027
    27    62     0.000     0.000     0.000     0.000     0.000     0.000        0.000        0.000
    27    63     0.000     0.000     0.000     0.000     0.000     0.000        0.000        0.000
    27    70     0.000     0.000     0.000     0.000     0.001     0.001        0.001        0.001
    27    71     0.481     0.176     0.016     0.027    -0.011     0.003       -0.301       -0.276
    27    72     0.014     0.005     0.000     0.001     0.000     0.000       -0.009       -0.008
    27    79     0.000     0.000    -0.001    -0.001     0.002     0.003        0.001        0.002
    27    80    -0.030     0.000    -0.004    -0.003     0.005     0.000        0.031        0.026
    28    33     0.000     0.000     0.000     0.000     0.000     0.000        0.000        0.000
    28    36     0.000     0.000     0.000     0.000     0.000     0.000        0.000        0.000
    28    59     0.000     0.000     0.000     0.000     0.000     0.000        0.000        0.000
    28    64     0.009     0.000     0.001     0.001    -0.001    -0.001       -0.010       -0.009
    28    69     0.000     0.000     0.000     0.000     0.000     0.000        0.000        0.000
    28    75     0.000     0.000     0.000     0.000     0.000     0.000        0.000        0.000
    29    31     0.000     0.000     0.000     0.000     0.000     0.000        0.000        0.000
    29    37     0.000     0.000     0.000     0.000    -0.001    -0.001       -0.001       -0.001
    29    61     0.000     0.000     0.000     0.000     0.000     0.000        0.000        0.000
    29    66     0.009     0.000     0.001     0.001    -0.001    -0.001       -0.009       -0.009
    29    68     0.000     0.000     0.000     0.000     0.000     0.000        0.000        0.000
    29    74     0.000     0.000     0.000     0.000     0.000     0.001        0.000        0.001
    30    32     0.000     0.000     0.000     0.000     0.000     0.000        0.000        0.000
    30    38     0.000     0.000     0.000     0.000    -0.001    -0.001       -0.001       -0.001
    30    60     0.000     0.000     0.000     0.000     0.000     0.000        0.000        0.000
    30    65     0.009     0.000     0.001     0.001    -0.001    -0.001       -0.009       -0.009
    30    67     0.000     0.000     0.000     0.000     0.000     0.000        0.000        0.000
    30    73     0.000     0.000     0.000     0.000     0.000     0.001        0.000        0.001
    31    37    -0.244    -0.098    -0.014    -0.015    -0.004    -0.004        0.128        0.128
    31    61    -0.001     0.000     0.000     0.000     0.000    -0.001        0.001        0.000
    31    66     0.000     0.000     0.000     0.000     0.000     0.000        0.000        0.000
    31    68    -0.005    -0.002     0.000     0.000     0.000     0.000        0.003        0.002
    31    74    -0.317    -0.116    -0.010    -0.018     0.007    -0.001        0.198        0.182
    32    38    -0.244    -0.098    -0.014    -0.015    -0.004    -0.004        0.128        0.128
    32    60     0.001     0.000     0.000     0.000     0.000     0.001       -0.001        0.000
    32    65     0.000     0.000     0.000     0.000     0.000     0.000        0.000        0.000
    32    67    -0.005    -0.002     0.000     0.000     0.000    -0.001        0.003        0.002
    32    73    -0.317    -0.116    -0.010    -0.018     0.007    -0.001        0.198        0.182
    33    36     0.244     0.098     0.015     0.015     0.002     0.002       -0.130       -0.129
    33    59     0.001     0.000     0.000     0.000    -0.001     0.000       -0.001       -0.001
    33    64     0.000     0.000     0.000     0.000     0.000     0.000        0.000        0.000
    33    69     0.005     0.002     0.000     0.000     0.000     0.000       -0.003       -0.002
    33    75     0.317     0.116     0.010     0.017    -0.006     0.003       -0.197       -0.180
    34    35     0.000     0.000     0.000     0.000     0.000     0.000        0.000        0.000
    34    57    -0.142    -0.058    -0.005    -0.010     0.003     0.002        0.082        0.077
    34    58     0.096     0.039     0.003     0.007    -0.002    -0.001       -0.056       -0.052
    34    62     0.000     0.000     0.000     0.000     0.000     0.000        0.000        0.000
    34    63     0.000     0.000     0.000     0.000     0.001     0.002        0.001        0.001
    34    70     0.000     0.000     0.000     0.000     0.000     0.000        0.000        0.000
    34    71    -0.250    -0.109    -0.004    -0.012    -0.002    -0.002        0.135        0.127
    34    72     3.092     1.347     0.048     0.150     0.030     0.022       -1.667       -1.573
    34    79     0.000     0.000     0.000     0.001    -0.001    -0.001        0.000       -0.001
    34    80    -0.463    -0.164    -0.018    -0.028     0.017     0.008        0.297        0.278
    35    57     0.096     0.039     0.003     0.007    -0.001    -0.001       -0.055       -0.051
    35    58     0.142     0.058     0.005     0.010    -0.002    -0.001       -0.082       -0.076
    35    62     0.000     0.000     0.000     0.000     0.001     0.001        0.001        0.001
    35    63     0.000     0.000     0.000     0.000     0.000     0.000        0.000        0.000
    35    70     0.000     0.000     0.000     0.000    -0.001    -0.001       -0.001       -0.001
    35    71    -3.092    -1.347    -0.048    -0.149    -0.029    -0.021        1.668        1.575
    35    72    -0.250    -0.109    -0.004    -0.012    -0.002    -0.002        0.135        0.127
    35    79     0.000     0.000     0.002     0.003    -0.004    -0.008       -0.002       -0.004
    35    80     0.004     0.001     0.000     0.000     0.000     0.000       -0.003       -0.002
    36    59     0.011     0.004    -0.001    -0.001     0.001     0.000       -0.007       -0.007
    36    64     0.000     0.000     0.000     0.000     0.000     0.000        0.000        0.000
    36    69    -0.061    -0.024    -0.001    -0.003    -0.001    -0.001        0.034        0.032
    36    75    -3.141    -1.365    -0.050    -0.152    -0.024    -0.007        1.702        1.616
    37    61     0.011     0.004    -0.001    -0.001     0.003     0.002       -0.005       -0.005
    37    66     0.000     0.000     0.000     0.000    -0.001    -0.001       -0.001       -0.001
    37    68    -0.061    -0.024    -0.002    -0.003     0.000    -0.001        0.035        0.033
    37    74    -3.141    -1.365    -0.049    -0.151    -0.026    -0.012        1.701        1.613
    38    60    -0.011    -0.004     0.001     0.001    -0.003    -0.003        0.005        0.005
    38    65     0.000     0.000     0.000     0.000    -0.001    -0.001       -0.001       -0.001
    38    67    -0.061    -0.024    -0.002    -0.003     0.000    -0.001        0.035        0.033
    38    73    -3.141    -1.365    -0.049    -0.151    -0.026    -0.012        1.700        1.612
    39    42     0.000     0.000     0.000     0.000     0.000     0.000        0.000        0.000
    39    46     0.000     0.000     0.000     0.000     0.000     0.000       -0.001       -0.001
    39    52    -0.054    -0.008    -0.002    -0.001    -0.003    -0.002        0.041        0.043
    39    54     0.000     0.000     0.001     0.002    -0.002    -0.002       -0.001       -0.001
    39    78    -0.054    -0.025    -0.006    -0.005    -0.002    -0.001        0.020        0.022
    40    43     0.000     0.000     0.000     0.000     0.000     0.000        0.000        0.000
    40    47     0.000     0.000     0.000     0.000     0.000     0.000       -0.001       -0.001
    40    51     0.054     0.008     0.002     0.001     0.004     0.002       -0.041       -0.043
    40    55     0.000     0.000    -0.001    -0.001     0.002     0.002        0.001        0.001
    40    77     0.054     0.025     0.006     0.005     0.002     0.001       -0.020       -0.022
    41    44     0.000     0.000     0.000     0.000     0.000     0.000        0.000        0.000
    41    45     0.000     0.000     0.000     0.000     0.000     0.000        0.000        0.000
    41    50    -0.054    -0.008    -0.003    -0.003    -0.001     0.000        0.041        0.044
    41    53     0.000     0.000     0.000     0.000     0.000     0.000        0.000        0.000
    41    76    -0.054    -0.025    -0.006    -0.005    -0.002     0.000        0.021        0.024
    42    46     0.000     0.000     0.000     0.000     0.000     0.000        0.000        0.000
    42    52     0.000     0.000    -0.002    -0.002     0.002     0.002        0.000        0.000
    42    54     0.004     0.000    -0.001    -0.001     0.002     0.001       -0.003       -0.003
    42    78     0.000     0.000     0.000     0.000     0.000    -0.001        0.000        0.000
    43    47     0.000     0.000     0.000     0.000     0.000     0.000        0.000        0.000
    43    51     0.000     0.000     0.001     0.002    -0.002    -0.002        0.000        0.000
    43    55    -0.004     0.000     0.001     0.001    -0.001    -0.001        0.003        0.003
    43    77     0.000     0.000     0.000     0.000     0.000     0.001        0.000        0.000
    44    45     0.000     0.000     0.000     0.000     0.000     0.000        0.000        0.000
    44    50     0.000     0.000     0.000     0.000     0.000     0.000        0.000        0.000
    44    53     0.004     0.000    -0.004    -0.005     0.006     0.006       -0.002       -0.002
    44    76     0.000     0.000     0.000     0.000     0.000     0.000        0.000        0.000
    45    50     0.024     0.003     0.005     0.005    -0.003    -0.004       -0.020       -0.020
    45    53     0.000     0.000     0.000     0.000     0.000     0.000        0.000        0.000
    45    76    -0.035    -0.016    -0.003    -0.003    -0.001    -0.001        0.014        0.016
    46    52     0.024     0.003     0.004     0.004    -0.003    -0.004       -0.020       -0.021
    46    54     0.000     0.000    -0.001    -0.001     0.002     0.002        0.001        0.001
    46    78    -0.035    -0.016    -0.003    -0.002    -0.001    -0.001        0.015        0.016
    47    51    -0.024    -0.003    -0.004    -0.004     0.003     0.004        0.020        0.021
    47    55     0.000     0.000     0.001     0.001    -0.002    -0.002       -0.001       -0.001
    47    77     0.035     0.016     0.003     0.002     0.001     0.001       -0.015       -0.016
    48    49     0.000     0.000     0.000     0.000     0.000     0.000        0.000        0.000
    48    56     0.000     0.000     0.000     0.000     0.000     0.000        0.000        0.000
    49    56     0.000     0.000     0.000     0.000     0.000     0.000        0.000        0.000
    50    53     0.000     0.000     0.001     0.001    -0.001    -0.001        0.000        0.000
    50    76    -0.028    -0.023    -0.008    -0.012     0.000     0.008       -0.003        0.000
    51    55     0.000     0.000    -0.011    -0.011     0.009     0.009       -0.002       -0.002
    51    77    -0.028    -0.023    -0.005    -0.008    -0.002     0.005       -0.002        0.001
    52    54     0.000     0.000    -0.012    -0.012     0.010     0.010       -0.002       -0.002
    52    78    -0.028    -0.023    -0.005    -0.008    -0.002     0.005       -0.003        0.001
    53    76     0.000     0.000     0.000     0.000     0.000     0.001        0.000        0.000
    54    78     0.000     0.000     0.002     0.003    -0.003    -0.005       -0.001       -0.001
    55    77     0.000     0.000     0.002     0.003    -0.003    -0.004       -0.001       -0.001
    57    58     0.000     0.000     0.000     0.000     0.000     0.000        0.000        0.000
    57    62     0.000     0.000     0.000     0.000     0.000     0.000        0.000        0.000
    57    63     0.000     0.000     0.000     0.000     0.000     0.000        0.000        0.000
    57    70     0.000     0.000     0.000     0.000     0.000     0.000        0.000        0.000
    57    71     0.103     0.043     0.004     0.005     0.001     0.002       -0.055       -0.054
    57    72     0.183     0.076     0.008     0.008     0.002     0.003       -0.097       -0.095
    57    79     0.000     0.000     0.000     0.000     0.001     0.001        0.001        0.001
    57    80     0.001    -0.007     0.002     0.002    -0.001    -0.001       -0.008       -0.008
    58    62     0.000     0.000     0.000     0.000     0.000     0.000        0.000        0.000
    58    63     0.000     0.000     0.000     0.000     0.000     0.000        0.000        0.000
    58    70     0.000     0.000     0.000     0.000     0.000     0.000        0.000        0.000
    58    71     0.183     0.076     0.008     0.008     0.002     0.003       -0.097       -0.096
    58    72    -0.103    -0.043    -0.004    -0.005    -0.001    -0.002        0.055        0.054
    58    79     0.000     0.000     0.000     0.000     0.002     0.002        0.001        0.002
    58    80    -0.001     0.005    -0.001    -0.001     0.001     0.001        0.005        0.005
    59    64     0.000     0.000     0.000     0.000     0.000     0.000        0.000        0.000
    59    69     0.000     0.000     0.000     0.000     0.000     0.000        0.000        0.000
    59    75     0.013     0.005    -0.002    -0.002     0.002     0.003       -0.008       -0.007
    60    65     0.000     0.000     0.000     0.000     0.000     0.000        0.000        0.000
    60    67     0.000     0.000     0.000     0.000     0.000     0.000        0.000        0.000
    60    73    -0.013    -0.005     0.002     0.002     0.000    -0.002        0.009        0.008
    61    66     0.000     0.000     0.000     0.000     0.000     0.000        0.000        0.000
    61    68     0.000     0.000     0.000     0.000     0.000     0.000        0.000        0.000
    61    74     0.013     0.005    -0.002    -0.002     0.000     0.002       -0.009       -0.008
    62    63     0.000     0.000     0.000     0.000     0.000     0.000        0.000        0.000
    62    70    -0.028    -0.013    -0.005    -0.004    -0.001    -0.002        0.010        0.010
    62    71     0.000     0.000     0.000     0.000     0.000     0.000        0.000        0.000
    62    72     0.000     0.000     0.000     0.000     0.000     0.000        0.000        0.000
    62    79    -0.045    -0.004    -0.006    -0.006     0.004     0.003        0.040        0.038
    62    80     0.000     0.000     0.000     0.000     0.000     0.000        0.000        0.000
    63    70     0.000     0.000     0.000     0.000     0.000     0.000        0.000        0.000
    63    71     0.000     0.000     0.000     0.000     0.000     0.000        0.000        0.000
    63    72     0.000     0.000     0.000     0.000     0.000     0.000        0.000        0.000
    63    79     0.000     0.000     0.000     0.000     0.000     0.000        0.000        0.000
    63    80     0.000     0.000     0.000     0.000    -0.001    -0.001       -0.001       -0.001
    64    69     0.000     0.000     0.000     0.000     0.000     0.000        0.000        0.000
    64    75     0.000     0.000     0.000     0.000     0.000     0.000        0.000        0.000
    65    67     0.000     0.000     0.000     0.000     0.000     0.000        0.000        0.000
    65    73     0.000     0.000     0.000     0.000     0.000     0.000        0.000        0.000
    66    68     0.000     0.000     0.000     0.000     0.000     0.000        0.000        0.000
    66    74     0.000     0.000     0.000     0.000     0.000     0.000        0.000        0.000
    67    73    -0.072    -0.030    -0.002    -0.002    -0.001    -0.002        0.039        0.038
    68    74    -0.072    -0.030    -0.002    -0.002    -0.001    -0.002        0.039        0.038
    69    75    -0.072    -0.030    -0.002    -0.002    -0.001    -0.002        0.039        0.038
    70    71     0.000     0.000     0.000     0.000     0.001     0.001        0.001        0.001
    70    72     0.000     0.000     0.000     0.000     0.000     0.000        0.000        0.000
    70    79    -0.197    -0.104    -0.021    -0.018    -0.026    -0.022        0.046        0.052
    70    80     0.000     0.000     0.000     0.000     0.000     0.000        0.000        0.000
    71    72     0.000     0.000     0.000     0.000     0.000     0.000        0.000        0.000
    71    79     0.000     0.000     0.000     0.000     0.003     0.003        0.003        0.003
    71    80    -0.027    -0.014     0.000     0.000    -0.002    -0.002        0.010        0.010
    72    79     0.000     0.000     0.000     0.000     0.000     0.000        0.000        0.000
    72    80     0.371     0.200    -0.003    -0.006     0.030     0.033       -0.145       -0.144
    79    80     0.000     0.000     0.000     0.000     0.001     0.001        0.001        0.001

-----------------------------------------------------------------
