-----------------------------------------------------------------

 OUTPUT SELF-ENERGY DIAGONAL MATRIX ELEMENTS (eV)
     n   occ        E_dft     V_xc   Sigma_x  Sigma_sx   Sigma_c   Sigma_g  Sigma-V_xc   zfac  Im[Sigma]      E_0      E_qp  
     1   1.000   -19.612   -18.106   -30.749     9.044     4.291    -0.297    -8.649     0.847     5.638   -19.612   -28.745
     2   1.000    -8.476   -17.198   -24.777     5.888    -0.122     0.558    -7.143     0.804     0.894    -8.476   -14.515
     3   1.000    -8.476   -17.198   -24.777     5.888    -0.122     0.558    -7.143     0.804     0.894    -8.476   -14.515
     4   1.000    -8.476   -17.198   -24.777     5.888    -0.123     0.558    -7.144     0.804     0.894    -8.476   -14.516
     5   0.000     1.054    -3.303    -1.130     0.284    -0.508     0.466     2.131     0.996    -0.002     1.054     3.177
     6   0.000     2.994    -3.176    -1.235     0.320    -0.572     0.461     1.831     1.001     0.022     2.994     4.826
     7   0.000     2.994    -3.176    -1.235     0.320    -0.572     0.461     1.831     1.001     0.022     2.994     4.826
     8   0.000     2.994    -3.176    -1.235     0.320    -0.572     0.461     1.831     1.001     0.022     2.994     4.826
     9   0.000     4.980    -2.162    -0.365     0.014    -0.323     0.495     1.969     1.013     0.059     4.980     6.972
    10   0.000     4.980    -2.162    -0.365     0.014    -0.323     0.495     1.969     1.013     0.059     4.980     6.972
    11   0.000     5.006    -2.179    -0.369     0.013    -0.326     0.500     1.983     1.013     0.059     5.006     7.012
    12   0.000     5.006    -2.179    -0.369     0.013    -0.327     0.501     1.983     1.013     0.059     5.006     7.012
    13   0.000     5.006    -2.179    -0.369     0.013    -0.326     0.499     1.983     1.013     0.059     5.006     7.012
    14   0.000     8.785    -1.341    -0.053     0.000    -0.224     0.451     1.515     1.016     0.096     8.785    10.325
    15   0.000     8.785    -1.341    -0.053     0.000    -0.224     0.451     1.515     1.016     0.096     8.785    10.324
    16   0.000     8.785    -1.341    -0.053     0.000    -0.226     0.452     1.514     1.016     0.096     8.785    10.324
    17   0.000     8.807    -1.346    -0.054     0.000    -0.226     0.451     1.518     1.016     0.096     8.807    10.350
    18   0.000     8.807    -1.346    -0.054     0.000    -0.229     0.453     1.517     1.016     0.096     8.807    10.349
    19   0.000     8.807    -1.346    -0.054     0.000    -0.229     0.454     1.518     1.016     0.096     8.807    10.349
    20   0.000     8.847    -1.356    -0.054     0.000    -0.234     0.462     1.530     1.016     0.097     8.847    10.402
    21   0.000     9.631    -4.005    -1.518     0.147    -0.884     0.467     2.069     0.976    -0.099     9.631    11.654
    22   0.000    11.882    -4.480    -1.662     0.390    -1.186     0.577     2.209     1.001    -0.152    11.882    14.099
    23   0.000    11.882    -4.480    -1.662     0.390    -1.186     0.577     2.208     1.001    -0.152    11.882    14.099
    24   0.000    11.882    -4.480    -1.662     0.390    -1.186     0.576     2.208     1.001    -0.152    11.882    14.099
    25   0.000    12.724    -1.030    -0.016     0.000    -0.157     0.408     1.265     1.010     0.130    12.724    14.006
    26   0.000    12.753    -1.080    -0.034     0.001    -0.166     0.409     1.288     1.009     0.130    12.753    14.058
    27   0.000    12.753    -1.080    -0.034     0.001    -0.166     0.408     1.287     1.009     0.130    12.753    14.057
    28   0.000    12.808    -1.040    -0.015     0.000    -0.159     0.409     1.275     1.009     0.133    12.808    14.099
    29   0.000    12.808    -1.040    -0.015     0.000    -0.159     0.409     1.275     1.009     0.133    12.808    14.099
    30   0.000    12.808    -1.040    -0.015     0.000    -0.159     0.409     1.275     1.009     0.133    12.808    14.099
    31   0.000    12.834    -1.064    -0.023     0.001    -0.164     0.412     1.289     1.009     0.133    12.834    14.140
    32   0.000    12.834    -1.064    -0.023     0.001    -0.163     0.411     1.288     1.009     0.133    12.834    14.140
    33   0.000    12.834    -1.064    -0.023     0.001    -0.164     0.412     1.289     1.009     0.133    12.834    14.140
    34   0.000    13.115    -3.938    -1.170     0.061    -0.767     0.602     2.604     1.002     0.003    13.115    15.722
    35   0.000    13.115    -3.938    -1.170     0.061    -0.767     0.602     2.603     1.002     0.003    13.115    15.721
    36   0.000    13.191    -3.984    -1.186     0.056    -0.777     0.608     2.628     1.002     0.002    13.191    15.822
    37   0.000    13.191    -3.984    -1.186     0.056    -0.776     0.607     2.628     1.002     0.002    13.191    15.822
    38   0.000    13.191    -3.984    -1.186     0.056    -0.776     0.606     2.628     1.002     0.002    13.191    15.822
    39   0.000    17.113    -0.864    -0.006     0.000    -0.122     0.372     1.108     0.995     0.162    17.113    18.221
    40   0.000    17.113    -0.864    -0.006     0.000    -0.122     0.372     1.108     0.995     0.162    17.113    18.221
    41   0.000    17.113    -0.864    -0.006     0.000    -0.122     0.372     1.107     0.995     0.162    17.113    18.221
    42   0.000    17.184    -0.867    -0.006     0.000    -0.121     0.371     1.111     0.994     0.164    17.184    18.294
    43   0.000    17.184    -0.867    -0.006     0.000    -0.121     0.371     1.111     0.994     0.164    17.184    18.294
    44   0.000    17.184    -0.867    -0.006     0.000    -0.121     0.370     1.111     0.994     0.164    17.184    18.294
    45   0.000    17.231    -0.873    -0.006     0.000    -0.123     0.374     1.118     0.994     0.165    17.231    18.348
    46   0.000    17.231    -0.873    -0.006     0.000    -0.123     0.374     1.118     0.994     0.165    17.231    18.348
    47   0.000    17.231    -0.873    -0.006     0.000    -0.123     0.374     1.118     0.994     0.165    17.231    18.348
    48   0.000    17.244    -0.873    -0.006     0.000    -0.123     0.376     1.119     0.994     0.165    17.244    18.362
    49   0.000    17.244    -0.873    -0.006     0.000    -0.123     0.376     1.119     0.994     0.165    17.244    18.362
    50   0.000    19.735    -2.623    -0.237     0.005    -0.634     0.800     2.552     0.965     0.142    19.735    22.258
    51   0.000    19.735    -2.623    -0.237     0.005    -0.628     0.798     2.556     0.965     0.143    19.735    22.262
    52   0.000    19.735    -2.623    -0.237     0.005    -0.629     0.798     2.556     0.965     0.143    19.735    22.261
    53   0.000    19.784    -2.637    -0.239     0.005    -0.635     0.799     2.562     0.965     0.141    19.784    22.314
    54   0.000    19.784    -2.637    -0.239     0.005    -0.645     0.807     2.559     0.965     0.142    19.784    22.312
    55   0.000    19.784    -2.637    -0.239     0.005    -0.646     0.808     2.559     0.965     0.142    19.784    22.313
    56   0.000    19.881    -2.650    -0.241     0.005    -0.655     0.821     2.575     0.965     0.140    19.881    22.421
    57   0.000    21.893    -0.760    -0.007     0.000    -0.112     0.343     0.984     0.984     0.181    21.893    22.863
    58   0.000    21.893    -0.760    -0.007     0.000    -0.112     0.343     0.984     0.984     0.181    21.893    22.863
    59   0.000    21.989    -0.755    -0.003     0.000    -0.109     0.340     0.983     0.984     0.184    21.989    22.959
    60   0.000    21.989    -0.755    -0.003     0.000    -0.109     0.339     0.982     0.984     0.184    21.989    22.957
    61   0.000    21.989    -0.755    -0.003     0.000    -0.109     0.340     0.983     0.984     0.184    21.989    22.959
    62   0.000    22.016    -0.759    -0.003     0.000    -0.110     0.341     0.987     0.984     0.184    22.016    22.989
    63   0.000    22.040    -0.758    -0.003     0.000    -0.109     0.339     0.984     0.984     0.184    22.040    23.010
    64   0.000    22.077    -0.761    -0.003     0.000    -0.111     0.343     0.990     0.984     0.185    22.077    23.053
    65   0.000    22.077    -0.761    -0.003     0.000    -0.111     0.343     0.990     0.984     0.185    22.077    23.053
    66   0.000    22.077    -0.761    -0.003     0.000    -0.111     0.343     0.990     0.984     0.185    22.077    23.053
    67   0.000    22.088    -0.763    -0.003     0.000    -0.111     0.343     0.991     0.984     0.185    22.088    23.065
    68   0.000    22.088    -0.763    -0.003     0.000    -0.111     0.343     0.991     0.984     0.185    22.088    23.066
    69   0.000    22.088    -0.763    -0.003     0.000    -0.111     0.343     0.991     0.984     0.185    22.088    23.066
    70   0.000    23.413    -4.718    -1.614    -0.205    -1.258     0.413     2.260     1.009    -0.352    23.413    25.706
    71   0.000    25.301    -5.066    -1.748     0.025    -1.250     0.583     2.650     0.970     0.043    25.301    27.868
    72   0.000    25.301    -5.066    -1.748     0.027    -1.251     0.584     2.651     0.970     0.043    25.301    27.869
    73   0.000    25.477    -5.100    -1.758     0.015    -1.251     0.578     2.669     0.970     0.039    25.477    28.063
    74   0.000    25.477    -5.100    -1.758     0.015    -1.251     0.578     2.669     0.970     0.039    25.477    28.063
    75   0.000    25.477    -5.100    -1.758     0.016    -1.251     0.576     2.668     0.969     0.037    25.477    28.060
    76   0.000    25.700    -5.006    -1.537     0.159    -1.491     0.605     2.583     0.976    -0.226    25.700    28.268
    77   0.000    25.700    -5.006    -1.537     0.159    -1.492     0.605     2.582     0.976    -0.227    25.700    28.268
    78   0.000    25.700    -5.006    -1.537     0.159    -1.492     0.605     2.582     0.976    -0.227    25.700    28.268
    79   0.000    26.066    -2.027    -0.081    -0.001    -0.461     0.682     2.166     0.977     0.255    26.066    28.192
    80   0.000    26.149    -2.071    -0.099    -0.001    -0.471     0.679     2.180     0.977     0.255    26.149    28.289
-----------------------------------------------------------------


 OUTPUT SELF-ENERGY OFF-DIAGONAL MATRIX ELEMENTS (eV)
    n1    n2     V_xc    Sigma_x  Sigma_c1  Sigma_c2  Sigma_g1  Sigma_g2  Sigma-V_xc1  Sigma-V_xc2
     1     5    -2.856    -3.424     0.324    -0.074    -0.020    -0.053       -0.264       -0.695
     1     9     0.000     0.000     0.000     0.000     0.000     0.000        0.000        0.000
     1    10     0.000     0.000     0.000     0.000     0.000     0.000        0.000        0.000
     1    21     3.099     3.655    -0.309     0.416     0.033     0.010        0.281        0.982
     1    25     0.086     0.101    -0.008     0.013     0.001     0.000        0.008        0.029
     1    26     0.000     0.000     0.000     0.000     0.000     0.000        0.000        0.000
     1    27     0.000     0.000     0.000     0.000     0.000     0.000        0.000        0.000
     1    34     0.000     0.000     0.000     0.000     0.000     0.000        0.000        0.000
     1    35     0.000     0.000     0.000     0.000    -0.001     0.000        0.000        0.000
     1    57     0.000     0.000     0.000     0.000     0.000     0.000        0.000        0.000
     1    58     0.000     0.000     0.000     0.000     0.000     0.000        0.000        0.000
     1    62    -0.022    -0.026     0.002    -0.005     0.000     0.000       -0.002       -0.008
     1    63     0.000     0.000     0.000     0.000     0.000     0.000        0.000        0.000
     1    70    -2.783    -3.200     0.197    -0.440    -0.032    -0.141       -0.253       -0.998
     1    71     0.000     0.000     0.000     0.000     0.000     0.000        0.000        0.000
     1    72     0.000     0.000     0.000     0.000     0.000     0.000        0.000        0.000
     1    79    -0.183    -0.210     0.013    -0.026    -0.004    -0.007       -0.017       -0.059
     1    80     0.000     0.000     0.000     0.000     0.000     0.000        0.000        0.000
     2     6     3.740     4.229     0.165     0.462     0.051     0.065        0.706        1.017
     2    14    -0.057    -0.062    -0.005    -0.011    -0.002    -0.002       -0.012       -0.018
     2    19     0.000     0.000    -0.001    -0.001     0.000     0.000       -0.001       -0.001
     2    22     3.791     4.079     0.341     0.812     0.061     0.071        0.690        1.171
     2    40     0.058     0.060     0.007     0.014     0.001     0.001        0.010        0.018
     2    43     0.000     0.000     0.000     0.000     0.000     0.000        0.000        0.000
     2    47     0.035     0.037     0.003     0.008     0.001     0.001        0.005        0.011
     2    51    -0.066    -0.067    -0.011    -0.020    -0.001    -0.004       -0.014       -0.025
     2    55     0.000     0.000     0.002     0.001     0.000    -0.001        0.002        0.000
     2    77    -2.979    -2.991    -0.480    -0.877     0.002    -0.288       -0.489       -1.176
     3     7     3.740     4.229     0.165     0.462     0.051     0.065        0.706        1.017
     3    15    -0.057    -0.062    -0.005    -0.011    -0.002    -0.002       -0.012       -0.019
     3    18     0.000     0.000    -0.001    -0.001     0.000     0.000       -0.001       -0.001
     3    23     3.791     4.079     0.341     0.812     0.061     0.071        0.690        1.171
     3    39    -0.058    -0.060    -0.007    -0.014    -0.001    -0.001       -0.010       -0.018
     3    42     0.000     0.000     0.000     0.000     0.000     0.000        0.000        0.000
     3    46    -0.035    -0.037    -0.003    -0.008    -0.001    -0.001       -0.005       -0.011
     3    52    -0.066    -0.067    -0.012    -0.020    -0.001    -0.004       -0.014       -0.025
     3    54     0.000     0.000     0.003     0.001     0.000    -0.001        0.002        0.001
     3    78    -2.979    -2.991    -0.480    -0.877     0.002    -0.288       -0.489       -1.176
     4     8     3.740     4.229     0.165     0.462     0.051     0.065        0.706        1.017
     4    16    -0.057    -0.062    -0.007    -0.012    -0.001    -0.002       -0.013       -0.019
     4    17     0.000     0.000     0.000     0.000     0.000     0.000        0.000        0.000
     4    24     3.791     4.079     0.341     0.812     0.061     0.071        0.690        1.171
     4    41    -0.058    -0.060    -0.006    -0.014    -0.001    -0.001       -0.010       -0.018
     4    44     0.000     0.000     0.000     0.000     0.000     0.000        0.000        0.000
     4    45    -0.035    -0.037    -0.003    -0.008    -0.001    -0.001       -0.006       -0.011
     4    50    -0.066    -0.067    -0.015    -0.021     0.000    -0.004       -0.016       -0.027
     4    53     0.000     0.000     0.000     0.000     0.000     0.000        0.000        0.000
     4    76    -2.979    -2.991    -0.479    -0.877     0.002    -0.287       -0.489       -1.176
     5     9     0.000     0.000     0.000     0.000     0.000     0.000        0.000        0.000
     5    10     0.000     0.000     0.000     0.000     0.000     0.000        0.000        0.000
     5    21     2.651     1.272     0.460     0.675    -0.191    -0.199       -1.110       -0.903
     5    25     0.069     0.035     0.013     0.019    -0.004    -0.005       -0.025       -0.019
     5    26     0.000     0.000     0.000     0.000     0.000     0.000        0.000        0.000
     5    27     0.000     0.000     0.000     0.000    -0.001    -0.001        0.000       -0.001
     5    34     0.000     0.000     0.000     0.000     0.000     0.000        0.000        0.000
     5    35     0.000     0.000     0.000     0.000     0.000     0.000        0.000        0.000
     5    57     0.000     0.000     0.000     0.000     0.000     0.000        0.000        0.000
     5    58     0.000     0.000     0.000     0.000     0.000     0.000        0.000        0.000
     5    62    -0.015    -0.009    -0.002    -0.004    -0.002    -0.002        0.001       -0.001
     5    63     0.000     0.000     0.000     0.000     0.000     0.000        0.000        0.000
     5    70    -1.783    -1.185    -0.368    -0.510    -0.057     0.020        0.172        0.108
     5    71     0.000     0.000     0.000     0.000     0.000     0.000        0.000        0.000
     5    72     0.000     0.000     0.000     0.000     0.000     0.000        0.000        0.000
     5    79    -0.114    -0.078    -0.024    -0.028    -0.006     0.010        0.005        0.017
     5    80     0.000     0.000     0.000     0.000     0.000    -0.001        0.000       -0.001
     6    14     0.042     0.020     0.009     0.011    -0.004    -0.004       -0.016       -0.014
     6    19     0.000     0.000     0.000     0.000     0.000     0.000        0.001        0.001
     6    22    -2.813    -1.376    -0.634    -0.799     0.240     0.271        1.041        0.908
     6    40    -0.040    -0.022    -0.010    -0.012     0.004     0.005        0.012        0.011
     6    43     0.000     0.000     0.000     0.000     0.001     0.001        0.001        0.001
     6    47    -0.024    -0.013    -0.006    -0.007     0.000     0.001        0.006        0.005
     6    51     0.041     0.025     0.012     0.014    -0.002    -0.003       -0.007       -0.006
     6    55     0.000     0.000    -0.001     0.000     0.000    -0.001        0.000       -0.001
     6    77     1.808     1.151     0.530     0.552     0.041    -0.078       -0.085       -0.183
     7    15     0.042     0.020     0.009     0.011    -0.004    -0.004       -0.016       -0.014
     7    18     0.000     0.000     0.000     0.000     0.000     0.000        0.000        0.001
     7    23    -2.813    -1.376    -0.635    -0.799     0.240     0.271        1.042        0.908
     7    39     0.040     0.022     0.010     0.012    -0.004    -0.005       -0.012       -0.011
     7    42     0.000     0.000     0.000     0.000     0.000     0.000        0.000        0.000
     7    46     0.024     0.013     0.006     0.007     0.000     0.000       -0.005       -0.005
     7    52     0.041     0.025     0.012     0.014    -0.002    -0.003       -0.007       -0.006
     7    54     0.000     0.000    -0.001     0.000     0.000    -0.001       -0.001       -0.001
     7    78     1.808     1.151     0.530     0.552     0.041    -0.078       -0.085       -0.182
     8    16     0.042     0.020     0.010     0.011    -0.004    -0.004       -0.016       -0.014
     8    17     0.000     0.000     0.000     0.000     0.000     0.000        0.000        0.000
     8    24    -2.813    -1.376    -0.634    -0.799     0.240     0.271        1.041        0.908
     8    41     0.040     0.022     0.010     0.012    -0.003    -0.004       -0.011       -0.010
     8    44     0.000     0.000     0.000     0.000     0.000     0.000        0.000        0.000
     8    45     0.024     0.013     0.006     0.007     0.000    -0.001       -0.006       -0.005
     8    50     0.041     0.025     0.013     0.014    -0.002    -0.004       -0.006       -0.006
     8    53     0.000     0.000     0.000     0.000     0.000     0.000        0.000        0.000
     8    76     1.808     1.151     0.530     0.552     0.041    -0.077       -0.085       -0.182
     9    10     0.000     0.000     0.000     0.000     0.000     0.000        0.000        0.000
     9    21     0.000     0.000     0.000     0.000     0.000     0.000        0.000        0.000
     9    25     0.000     0.000     0.000     0.000     0.000     0.000        0.000        0.000
     9    26     0.233     0.075     0.039     0.049    -0.031    -0.033       -0.150       -0.142
     9    27     0.089     0.029     0.015     0.019    -0.012    -0.012       -0.057       -0.054
     9    34    -1.811    -0.591    -0.308    -0.383     0.242     0.255        1.154        1.092
     9    35    -0.588    -0.192    -0.100    -0.124     0.079     0.083        0.375        0.354
     9    57    -0.038    -0.021    -0.007    -0.010     0.001     0.005        0.010        0.011
     9    58     0.048     0.027     0.009     0.013     0.000    -0.005       -0.013       -0.014
     9    62     0.000     0.000     0.000     0.000     0.000     0.000        0.000        0.000
     9    63     0.000     0.000     0.000     0.000    -0.001     0.000        0.000        0.000
     9    70     0.000     0.000     0.000     0.000     0.000     0.000        0.000        0.000
     9    71    -0.371    -0.250    -0.068    -0.112    -0.034     0.025        0.018        0.034
     9    72     0.890     0.601     0.162     0.270     0.083    -0.061       -0.044       -0.080
     9    79     0.000     0.000     0.000     0.000     0.001    -0.002        0.000       -0.002
     9    80    -0.105    -0.073    -0.018    -0.033    -0.013     0.007        0.001        0.006
    10    21     0.000     0.000     0.000     0.000     0.000     0.000        0.000        0.000
    10    25     0.000     0.000     0.000     0.000     0.000     0.000        0.000        0.000
    10    26    -0.089    -0.029    -0.015    -0.019     0.012     0.013        0.057        0.054
    10    27     0.233     0.075     0.039     0.049    -0.031    -0.033       -0.150       -0.142
    10    34     0.588     0.192     0.100     0.124    -0.078    -0.083       -0.374       -0.354
    10    35    -1.811    -0.591    -0.308    -0.383     0.242     0.255        1.154        1.091
    10    57     0.048     0.027     0.009     0.013     0.000    -0.005       -0.012       -0.013
    10    58     0.038     0.021     0.007     0.010     0.000    -0.004       -0.010       -0.010
    10    62     0.000     0.000     0.000     0.000     0.000     0.000        0.000        0.000
    10    63     0.000     0.000     0.000     0.000     0.000     0.000        0.000        0.000
    10    70     0.000     0.000     0.000     0.000     0.000     0.000        0.000        0.000
    10    71    -0.890    -0.601    -0.162    -0.270    -0.083     0.061        0.045        0.081
    10    72    -0.371    -0.250    -0.068    -0.112    -0.034     0.025        0.019        0.033
    10    79     0.000     0.000    -0.001     0.000     0.001    -0.003        0.001       -0.003
    10    80     0.035     0.024     0.006     0.011     0.004    -0.002        0.000       -0.002
    11    29     0.000     0.000     0.000     0.000     0.000     0.000        0.000        0.000
    11    31     0.164     0.053     0.028     0.035    -0.024    -0.025       -0.107       -0.102
    11    37     1.922     0.630     0.327     0.407    -0.256    -0.269       -1.222       -1.155
    11    61    -0.004    -0.002    -0.001    -0.001     0.001     0.000        0.001        0.001
    11    66     0.000     0.000     0.000     0.000    -0.001     0.000       -0.001        0.000
    11    68     0.021     0.012     0.004     0.005     0.001    -0.001       -0.004       -0.005
    11    74     0.969     0.656     0.175     0.296     0.093    -0.066       -0.045       -0.083
    12    28     0.000     0.000     0.000     0.000     0.000     0.000        0.000        0.000
    12    33    -0.164    -0.053    -0.028    -0.035     0.024     0.026        0.107        0.102
    12    36     1.922     0.630     0.328     0.407    -0.258    -0.270       -1.223       -1.155
    12    59    -0.004    -0.002    -0.001    -0.001     0.001     0.001        0.002        0.002
    12    64     0.000     0.000     0.000     0.000     0.000     0.000        0.000        0.000
    12    69     0.021     0.012     0.004     0.005     0.001    -0.001       -0.004       -0.004
    12    75     0.969     0.656     0.175     0.296     0.094    -0.068       -0.044       -0.085
    13    30     0.000     0.000     0.000     0.000     0.000     0.000        0.000        0.000
    13    32    -0.164    -0.053    -0.029    -0.035     0.024     0.025        0.107        0.102
    13    38    -1.922    -0.630    -0.327    -0.407     0.256     0.270        1.223        1.155
    13    60    -0.004    -0.002    -0.001    -0.002     0.001     0.001        0.002        0.001
    13    65     0.000     0.000     0.000     0.000     0.001     0.000        0.000        0.000
    13    67    -0.021    -0.012    -0.004    -0.005    -0.002     0.000        0.004        0.004
    13    73    -0.969    -0.656    -0.175    -0.296    -0.093     0.065        0.044        0.083
    14    19     0.000     0.000    -0.001    -0.001     0.001     0.001       -0.001       -0.001
    14    22     0.036     0.022     0.011     0.011     0.001     0.001       -0.002       -0.001
    14    40     0.041     0.004     0.011     0.011    -0.013    -0.010       -0.039       -0.037
    14    43     0.000     0.000     0.000     0.000     0.001     0.000        0.000        0.000
    14    47    -0.018    -0.001    -0.004    -0.005     0.007     0.007        0.019        0.019
    14    51    -1.075    -0.104    -0.259    -0.233     0.322     0.210        1.035        0.949
    14    55     0.000     0.000     0.003     0.002    -0.002     0.000        0.001        0.002
    14    77    -0.024    -0.018    -0.007    -0.009    -0.003    -0.001       -0.004       -0.004
    15    18     0.000     0.000    -0.002    -0.002     0.001     0.001       -0.001       -0.001
    15    23     0.036     0.022     0.011     0.011     0.001     0.001       -0.002       -0.001
    15    39    -0.041    -0.004    -0.011    -0.011     0.013     0.010        0.039        0.037
    15    42     0.000     0.000     0.001     0.000    -0.001     0.000        0.000        0.000
    15    46     0.018     0.001     0.004     0.005    -0.007    -0.007       -0.020       -0.019
    15    52    -1.075    -0.104    -0.259    -0.233     0.323     0.210        1.035        0.948
    15    54     0.000     0.000     0.004     0.002    -0.002     0.000        0.001        0.002
    15    78    -0.024    -0.018    -0.007    -0.009    -0.003    -0.001       -0.004       -0.004
    16    17     0.000     0.000     0.000     0.000     0.000     0.000        0.000        0.000
    16    24     0.036     0.022     0.011     0.011     0.001     0.001       -0.002       -0.001
    16    41    -0.041    -0.004    -0.010    -0.010     0.012     0.010        0.039        0.037
    16    44     0.000     0.000     0.000     0.000     0.000     0.000        0.000        0.000
    16    45     0.018     0.001     0.004     0.004    -0.006    -0.006       -0.019       -0.019
    16    50    -1.075    -0.104    -0.263    -0.235     0.325     0.210        1.033        0.946
    16    53     0.000     0.000     0.000     0.000     0.000     0.000        0.000        0.000
    16    76    -0.024    -0.018    -0.006    -0.009    -0.004    -0.001       -0.004       -0.004
    17    24     0.000     0.000     0.000     0.000     0.000     0.000        0.000        0.000
    17    41     0.000     0.000     0.000     0.000     0.000     0.000        0.000        0.000
    17    44    -0.003     0.000    -0.003    -0.002     0.003     0.002        0.003        0.002
    17    45     0.000     0.000     0.000     0.000    -0.001    -0.001        0.000        0.000
    17    50     0.000     0.000     0.000     0.000     0.000     0.000        0.000        0.000
    17    53     1.079     0.104     0.263     0.235    -0.326    -0.211       -1.038       -0.950
    17    76     0.000     0.000     0.000     0.000     0.000     0.000        0.000        0.000
    18    23     0.000     0.000     0.000     0.000     0.000     0.001        0.000        0.001
    18    39     0.000     0.000     0.001     0.000    -0.001     0.000        0.000        0.000
    18    42    -0.003     0.000    -0.002    -0.001     0.003     0.002        0.004        0.003
    18    46     0.000     0.000     0.000     0.000     0.000     0.000        0.000        0.000
    18    52     0.000     0.000    -0.004    -0.002     0.002     0.001       -0.001       -0.001
    18    54     1.079     0.104     0.271     0.240    -0.332    -0.214       -1.036       -0.949
    18    78     0.000     0.000     0.001     0.000     0.000     0.002        0.001        0.001
    19    22     0.000     0.000     0.000     0.000     0.000     0.000        0.000        0.000
    19    40     0.000     0.000     0.000     0.000     0.000     0.000        0.000        0.000
    19    43     0.003     0.000     0.001     0.001    -0.002    -0.001       -0.003       -0.003
    19    47     0.000     0.000     0.000     0.000     0.000     0.000        0.000        0.000
    19    51     0.000     0.000    -0.003    -0.002     0.002     0.001       -0.001       -0.001
    19    55     1.079     0.104     0.272     0.240    -0.332    -0.214       -1.035       -0.948
    19    77     0.000     0.000     0.001     0.000     0.000     0.001        0.001        0.001
    20    48     0.000     0.000     0.000     0.000     0.000     0.000        0.000        0.000
    20    49     0.000     0.000     0.000     0.000     0.001     0.001        0.001        0.000
    20    56    -1.084    -0.105    -0.276    -0.243     0.334     0.215        1.038        0.951
    21    25    -0.092    -0.043    -0.023    -0.024     0.005     0.003        0.031        0.029
    21    26     0.000     0.000     0.000     0.000     0.000     0.000        0.000        0.000
    21    27     0.000     0.000     0.000     0.000     0.000     0.000        0.000        0.000
    21    34     0.000     0.000     0.000     0.000     0.000     0.000        0.000        0.000
    21    35     0.000     0.000     0.000     0.000     0.000     0.000        0.000        0.000
    21    57     0.000     0.000     0.000     0.000     0.000     0.000        0.000        0.000
    21    58     0.000     0.000     0.000     0.000     0.000     0.000        0.000        0.000
    21    62     0.026     0.012     0.007     0.009    -0.005    -0.005       -0.012       -0.010
    21    63     0.000     0.000     0.000     0.000     0.000     0.000        0.000        0.000
    21    70     3.277     1.504     0.852     0.912    -0.279    -0.373       -1.200       -1.234
    21    71     0.000     0.000     0.000     0.000     0.000     0.000        0.000        0.000
    21    72     0.000     0.000     0.000     0.000     0.000     0.000        0.000        0.000
    21    79     0.198     0.100     0.055     0.050    -0.011    -0.024       -0.055       -0.072
    21    80     0.000     0.000     0.000     0.000     0.000     0.000        0.000        0.000
    22    40    -0.064    -0.027    -0.019    -0.020     0.005     0.005        0.023        0.022
    22    43     0.000     0.000     0.000     0.000     0.000     0.000        0.000        0.000
    22    47    -0.040    -0.017    -0.012    -0.013     0.005     0.004        0.016        0.015
    22    51     0.052     0.029     0.017     0.019     0.000     0.000       -0.007       -0.004
    22    55     0.000     0.000     0.000     0.000     0.000     0.000        0.000        0.000
    22    77     3.573     1.516     1.133     1.060    -0.336    -0.400       -1.261       -1.397
    23    39     0.064     0.027     0.018     0.020    -0.005    -0.004       -0.023       -0.022
    23    42     0.000     0.000     0.000     0.000    -0.001    -0.001        0.000       -0.001
    23    46     0.040     0.017     0.012     0.013    -0.005    -0.005       -0.016       -0.015
    23    52     0.052     0.029     0.017     0.019     0.000     0.000       -0.007       -0.004
    23    54     0.000     0.000     0.000     0.000     0.000     0.000        0.000        0.000
    23    78     3.573     1.516     1.133     1.060    -0.337    -0.400       -1.261       -1.398
    24    41     0.064     0.027     0.018     0.020    -0.004    -0.004       -0.022       -0.021
    24    44     0.000     0.000     0.000     0.000     0.000     0.000        0.000        0.000
    24    45     0.040     0.017     0.012     0.013    -0.005    -0.005       -0.016       -0.015
    24    50     0.052     0.029     0.017     0.019     0.000     0.000       -0.007       -0.004
    24    53     0.000     0.000     0.000     0.000     0.000     0.000        0.000        0.000
    24    76     3.573     1.516     1.133     1.060    -0.337    -0.400       -1.261       -1.397
    25    26     0.000     0.000     0.000     0.000     0.000     0.000        0.000        0.000
    25    27     0.000     0.000     0.000     0.000     0.000     0.000        0.000        0.000
    25    34     0.000     0.000     0.000     0.000     0.000     0.000        0.000        0.000
    25    35     0.000     0.000     0.000     0.000     0.000     0.000        0.000        0.000
    25    57     0.000     0.000     0.000     0.000     0.000     0.000        0.000        0.000
    25    58     0.000     0.000     0.000     0.000     0.000     0.000        0.000        0.000
    25    62     0.037     0.002     0.008     0.008    -0.015    -0.010       -0.042       -0.038
    25    63     0.000     0.000     0.000     0.000     0.000     0.000        0.000        0.000
    25    70     0.050     0.042     0.017     0.020     0.012     0.006        0.021        0.018
    25    71     0.000     0.000     0.000     0.000    -0.001    -0.001        0.000       -0.001
    25    72     0.000     0.000     0.000     0.000     0.000     0.000        0.000        0.000
    25    79     0.760     0.032     0.180     0.159    -0.316    -0.176       -0.863       -0.744
    25    80     0.000     0.000     0.000     0.000     0.000     0.000        0.000        0.000
    26    27     0.000     0.000     0.000     0.000     0.000     0.000        0.000        0.000
    26    34     0.369     0.148     0.078     0.078    -0.026    -0.026       -0.169       -0.169
    26    35    -0.019    -0.007    -0.004    -0.004     0.001     0.001        0.009        0.008
    26    57     0.037     0.008     0.007     0.008    -0.007    -0.004       -0.029       -0.026
    26    58    -0.023    -0.005    -0.004    -0.005     0.004     0.002        0.017        0.015
    26    62     0.000     0.000     0.000     0.000     0.001     0.001        0.001        0.001
    26    63     0.000     0.000     0.000     0.000     0.000     0.000        0.000        0.000
    26    70     0.000     0.000     0.000     0.000     0.000     0.000        0.000        0.000
    26    71     0.014     0.005     0.003     0.004    -0.002    -0.002       -0.008       -0.007
    26    72    -0.481    -0.176    -0.110    -0.121     0.069     0.055        0.264        0.240
    26    79     0.000     0.000     0.000     0.000     0.000     0.000        0.000        0.000
    26    80    -0.700    -0.009    -0.168    -0.145     0.312     0.173        0.836        0.719
    27    34     0.019     0.007     0.004     0.004    -0.002    -0.002       -0.009       -0.009
    27    35     0.369     0.148     0.077     0.078    -0.026    -0.026       -0.170       -0.169
    27    57    -0.023    -0.005    -0.004    -0.005     0.004     0.002        0.017        0.015
    27    58    -0.037    -0.008    -0.008    -0.008     0.007     0.004        0.029        0.026
    27    62     0.000     0.000     0.000     0.000     0.000     0.000        0.000        0.000
    27    63     0.000     0.000     0.000     0.000     0.000     0.000        0.000        0.000
    27    70     0.000     0.000     0.000     0.000     0.001     0.001        0.001        0.001
    27    71     0.481     0.176     0.110     0.121    -0.069    -0.055       -0.265       -0.240
    27    72     0.014     0.005     0.003     0.004    -0.002    -0.002       -0.008       -0.007
    27    79     0.000     0.000     0.000     0.000     0.000     0.001        0.000        0.001
    27    80    -0.030     0.000    -0.007    -0.006     0.013     0.008        0.036        0.031
    28    33     0.000     0.000     0.000     0.000     0.000     0.000        0.000        0.000
    28    36     0.000     0.000     0.000     0.000     0.000     0.000        0.000        0.000
    28    59     0.000     0.000     0.000     0.000     0.000     0.000        0.000        0.000
    28    64     0.009     0.000     0.002     0.002    -0.005    -0.005       -0.012       -0.012
    28    69     0.000     0.000     0.000     0.000     0.000     0.000        0.000        0.000
    28    75     0.000     0.000     0.000     0.000     0.000     0.000        0.000        0.000
    29    31     0.000     0.000     0.000     0.000     0.000     0.000        0.000        0.000
    29    37     0.000     0.000     0.000     0.000     0.000     0.000        0.000        0.000
    29    61     0.000     0.000     0.000     0.000     0.000     0.000        0.000        0.000
    29    66     0.009     0.000     0.002     0.002    -0.005    -0.005       -0.012       -0.011
    29    68     0.000     0.000     0.000     0.000     0.000     0.000        0.000        0.000
    29    74     0.000     0.000     0.000     0.000     0.001     0.001        0.000        0.001
    30    32     0.000     0.000     0.000     0.000     0.000     0.000        0.000        0.000
    30    38     0.000     0.000     0.000     0.000     0.000     0.000        0.000        0.000
    30    60     0.000     0.000     0.000     0.000     0.000     0.000        0.000        0.000
    30    65     0.009     0.000     0.002     0.002    -0.005    -0.005       -0.012       -0.011
    30    67     0.000     0.000     0.000     0.000     0.000     0.000        0.000        0.000
    30    73     0.000     0.000     0.000     0.000     0.000     0.001        0.000        0.001
    31    37    -0.244    -0.098    -0.051    -0.051     0.015     0.015        0.111        0.110
    31    61    -0.001     0.000     0.000     0.000     0.001     0.000        0.002        0.001
    31    66     0.000     0.000     0.000     0.000     0.000     0.000        0.000        0.000
    31    68    -0.005    -0.002    -0.001    -0.001     0.001     0.001        0.003        0.002
    31    74    -0.317    -0.116    -0.073    -0.080     0.046     0.038        0.175        0.159
    32    38    -0.244    -0.098    -0.050    -0.051     0.014     0.014        0.110        0.110
    32    60     0.001     0.000     0.000     0.000    -0.002    -0.001       -0.003       -0.002
    32    65     0.000     0.000     0.000     0.000     0.000     0.000        0.000        0.000
    32    67    -0.005    -0.002    -0.001    -0.002     0.001     0.001        0.003        0.003
    32    73    -0.317    -0.116    -0.073    -0.080     0.047     0.038        0.175        0.159
    33    36     0.244     0.098     0.050     0.051    -0.015    -0.015       -0.111       -0.110
    33    59     0.001     0.000     0.000     0.000    -0.001     0.000       -0.002       -0.001
    33    64     0.000     0.000     0.000     0.000     0.000     0.000        0.000        0.000
    33    69     0.005     0.002     0.001     0.001    -0.001    -0.001       -0.003       -0.003
    33    75     0.317     0.116     0.073     0.080    -0.046    -0.037       -0.174       -0.158
    34    35     0.000     0.000     0.000     0.000     0.000     0.000        0.000        0.000
    34    57    -0.142    -0.058    -0.031    -0.036     0.013     0.012        0.066        0.061
    34    58     0.096     0.039     0.021     0.024    -0.009    -0.008       -0.045       -0.041
    34    62     0.000     0.000     0.000     0.000     0.000     0.001        0.000        0.000
    34    63     0.000     0.000     0.000     0.000     0.000     0.000        0.000        0.000
    34    70     0.000     0.000     0.000     0.000     0.000     0.000        0.000        0.000
    34    71    -0.250    -0.109    -0.057    -0.066     0.021     0.021        0.104        0.097
    34    72     3.092     1.347     0.711     0.813    -0.258    -0.265       -1.291       -1.198
    34    79     0.000     0.000     0.000     0.000     0.000     0.000        0.000        0.000
    34    80    -0.463    -0.164    -0.108    -0.118     0.071     0.062        0.262        0.243
    35    57     0.096     0.039     0.021     0.024    -0.008    -0.008       -0.045       -0.041
    35    58     0.142     0.058     0.031     0.036    -0.012    -0.011       -0.066       -0.060
    35    62     0.000     0.000     0.000     0.000     0.000     0.001        0.000        0.001
    35    63     0.000     0.000     0.000     0.000     0.000     0.000        0.000        0.000
    35    70     0.000     0.000     0.000     0.000     0.000     0.000        0.000        0.000
    35    71    -3.092    -1.347    -0.711    -0.812     0.257     0.265        1.291        1.198
    35    72    -0.250    -0.109    -0.057    -0.066     0.021     0.021        0.104        0.097
    35    79     0.000     0.000    -0.001     0.000     0.001    -0.002        0.001       -0.002
    35    80     0.004     0.001     0.001     0.001     0.000     0.000       -0.002       -0.002
    36    59     0.011     0.004     0.003     0.003    -0.001    -0.002       -0.005       -0.006
    36    64     0.000     0.000     0.000     0.000     0.000     0.000        0.000        0.000
    36    69    -0.061    -0.024    -0.014    -0.016     0.007     0.007        0.029        0.027
    36    75    -3.141    -1.365    -0.721    -0.823     0.261     0.277        1.316        1.229
    37    61     0.011     0.004     0.003     0.003    -0.001    -0.002       -0.004       -0.005
    37    66     0.000     0.000     0.000     0.000     0.000     0.000        0.000        0.000
    37    68    -0.061    -0.024    -0.014    -0.016     0.007     0.007        0.030        0.028
    37    74    -3.141    -1.365    -0.721    -0.823     0.262     0.276        1.317        1.229
    38    60    -0.011    -0.004    -0.003    -0.003     0.000     0.001        0.004        0.004
    38    65     0.000     0.000     0.000     0.000     0.000     0.000        0.000        0.000
    38    67    -0.061    -0.024    -0.014    -0.016     0.008     0.007        0.030        0.028
    38    73    -3.141    -1.365    -0.721    -0.824     0.263     0.277        1.317        1.229
    39    42     0.000     0.000     0.000     0.000     0.001     0.001        0.000        0.000
    39    46     0.000     0.000     0.000     0.000     0.000     0.000        0.000        0.000
    39    52    -0.054    -0.008    -0.019    -0.018     0.012     0.014        0.040        0.042
    39    54     0.000     0.000    -0.001     0.000     0.000    -0.001       -0.001       -0.001
    39    78    -0.054    -0.025    -0.020    -0.019     0.001     0.003        0.009        0.012
    40    43     0.000     0.000     0.000     0.000     0.000     0.000        0.000        0.000
    40    47     0.000     0.000     0.000     0.000     0.000     0.000        0.000        0.000
    40    51     0.054     0.008     0.019     0.018    -0.012    -0.014       -0.040       -0.042
    40    55     0.000     0.000     0.001     0.001     0.000     0.000        0.001        0.001
    40    77     0.054     0.025     0.019     0.019     0.000    -0.002       -0.009       -0.012
    41    44     0.000     0.000     0.000     0.000     0.000     0.000        0.000        0.000
    41    45     0.000     0.000     0.000     0.000     0.000     0.000        0.000        0.000
    41    50    -0.054    -0.008    -0.018    -0.018     0.012     0.014        0.040        0.043
    41    53     0.000     0.000     0.000     0.000     0.000     0.000        0.000        0.000
    41    76    -0.054    -0.025    -0.020    -0.019     0.002     0.004        0.010        0.013
    42    46     0.000     0.000     0.000     0.000     0.000     0.000        0.000        0.000
    42    52     0.000     0.000     0.001     0.001     0.000     0.000        0.000        0.000
    42    54     0.004     0.000     0.002     0.002     0.000     0.000       -0.001       -0.002
    42    78     0.000     0.000     0.000     0.000    -0.001    -0.001       -0.001       -0.001
    43    47     0.000     0.000     0.000     0.000     0.000     0.000        0.000        0.000
    43    51     0.000     0.000    -0.001    -0.001     0.000     0.000        0.000        0.000
    43    55    -0.004     0.000    -0.002    -0.001     0.000     0.001        0.002        0.002
    43    77     0.000     0.000     0.000     0.000     0.000     0.000        0.000        0.000
    44    45     0.000     0.000     0.000     0.000     0.000     0.000        0.000        0.000
    44    50     0.000     0.000     0.000     0.000     0.000     0.000        0.000        0.000
    44    53     0.004     0.000     0.003     0.003     0.000     0.000        0.001        0.000
    44    76     0.000     0.000     0.000     0.000     0.000     0.000        0.000        0.000
    45    50     0.024     0.003     0.006     0.006    -0.004    -0.005       -0.019       -0.020
    45    53     0.000     0.000     0.000     0.000    -0.001    -0.001        0.000        0.000
    45    76    -0.035    -0.016    -0.012    -0.012    -0.001     0.000        0.006        0.007
    46    52     0.024     0.003     0.007     0.007    -0.004    -0.005       -0.019       -0.020
    46    54     0.000     0.000     0.000     0.000     0.001     0.001        0.001        0.001
    46    78    -0.035    -0.016    -0.012    -0.012     0.000     0.000        0.006        0.007
    47    51    -0.024    -0.003    -0.007    -0.007     0.005     0.006        0.019        0.020
    47    55     0.000     0.000     0.000     0.000     0.000    -0.001       -0.001       -0.001
    47    77     0.035     0.016     0.012     0.012     0.000     0.000       -0.007       -0.008
    48    49     0.000     0.000     0.000     0.000     0.000     0.000        0.000        0.000
    48    56     0.000     0.000     0.000     0.000     0.000     0.000        0.000        0.000
    49    56     0.000     0.000     0.000     0.000     0.001     0.001        0.001        0.001
    50    53     0.000     0.000    -0.001    -0.001     0.001     0.001        0.000        0.000
    50    76    -0.028    -0.023    -0.011    -0.015    -0.008    -0.001       -0.014       -0.011
    51    55     0.000     0.000     0.005     0.005    -0.003    -0.003        0.002        0.002
    51    77    -0.028    -0.023    -0.012    -0.015    -0.008    -0.001       -0.015       -0.012
    52    54     0.000     0.000     0.005     0.005    -0.003    -0.003        0.002        0.002
    52    78    -0.028    -0.023    -0.011    -0.015    -0.008    -0.001       -0.015       -0.012
    53    76     0.000     0.000     0.000     0.000     0.000     0.000        0.000        0.000
    54    78     0.000     0.000    -0.001     0.000     0.001     0.000        0.000       -0.001
    55    77     0.000     0.000    -0.001     0.000     0.000    -0.001        0.000       -0.001
    57    58     0.000     0.000     0.000     0.000     0.000     0.000        0.000        0.000
    57    62     0.000     0.000     0.000     0.000     0.000     0.000        0.000        0.000
    57    63     0.000     0.000     0.000     0.000     0.000     0.000        0.000        0.000
    57    70     0.000     0.000     0.000     0.000     0.000     0.000        0.000        0.000
    57    71     0.103     0.043     0.027     0.027    -0.006    -0.005       -0.039       -0.038
    57    72     0.183     0.076     0.048     0.048    -0.010    -0.009       -0.069       -0.067
    57    79     0.000     0.000     0.000     0.000     0.000     0.000        0.000        0.000
    57    80     0.001    -0.007     0.001     0.001    -0.006    -0.006       -0.013       -0.013
    58    62     0.000     0.000     0.000     0.000     0.000     0.000        0.000        0.000
    58    63     0.000     0.000     0.000     0.000     0.000     0.000        0.000        0.000
    58    70     0.000     0.000     0.000     0.000     0.000     0.000        0.000        0.000
    58    71     0.183     0.076     0.048     0.048    -0.011    -0.010       -0.069       -0.068
    58    72    -0.103    -0.043    -0.027    -0.027     0.005     0.005        0.039        0.038
    58    79     0.000     0.000     0.000     0.000     0.000     0.001        0.000        0.001
    58    80    -0.001     0.005    -0.001    -0.001     0.004     0.004        0.009        0.009
    59    64     0.000     0.000     0.000     0.000     0.000     0.000        0.000        0.000
    59    69     0.000     0.000     0.000     0.000     0.000     0.000        0.000        0.000
    59    75     0.013     0.005     0.004     0.004    -0.002     0.000       -0.005       -0.004
    60    65     0.000     0.000     0.000     0.000     0.000     0.000        0.000        0.000
    60    67     0.000     0.000     0.000     0.000     0.001     0.001        0.001        0.001
    60    73    -0.013    -0.005    -0.005    -0.004     0.004     0.003        0.007        0.006
    61    66     0.000     0.000     0.000     0.000     0.000     0.000        0.000        0.000
    61    68     0.000     0.000     0.000     0.000     0.000     0.000        0.000        0.000
    61    74     0.013     0.005     0.004     0.004    -0.003    -0.002       -0.006       -0.005
    62    63     0.000     0.000     0.000     0.000     0.001     0.001        0.000        0.000
    62    70    -0.028    -0.013    -0.008    -0.007    -0.002    -0.003        0.005        0.005
    62    71     0.000     0.000     0.000     0.000    -0.001    -0.001       -0.001       -0.001
    62    72     0.000     0.000     0.000     0.000     0.000     0.000        0.000        0.000
    62    79    -0.045    -0.004    -0.012    -0.013     0.012     0.010        0.041        0.039
    62    80     0.000     0.000     0.000     0.000    -0.001    -0.001       -0.001       -0.001
    63    70     0.000     0.000     0.000     0.000     0.000     0.000        0.000        0.000
    63    71     0.000     0.000     0.000     0.000     0.000     0.000        0.000        0.000
    63    72     0.000     0.000     0.000     0.000     0.000     0.000        0.000        0.000
    63    79     0.000     0.000     0.000     0.000     0.000     0.000        0.000        0.000
    63    80     0.000     0.000     0.000     0.000    -0.001    -0.001       -0.001       -0.001
    64    69     0.000     0.000     0.000     0.000     0.000     0.000        0.000        0.000
    64    75     0.000     0.000     0.000     0.000     0.000     0.000        0.000        0.000
    65    67     0.000     0.000     0.000     0.000     0.000     0.000        0.000        0.000
    65    73     0.000     0.000     0.000     0.000     0.000     0.000        0.000        0.000
    66    68     0.000     0.000     0.000     0.000     0.000     0.000        0.000        0.000
    66    74     0.000     0.000     0.000     0.000     0.000     0.000        0.000        0.000
    67    73    -0.072    -0.030    -0.019    -0.019     0.003     0.002        0.026        0.025
    68    74    -0.072    -0.030    -0.019    -0.019     0.003     0.002        0.026        0.025
    69    75    -0.072    -0.030    -0.019    -0.019     0.004     0.002        0.026        0.026
    70    71     0.000     0.000     0.000     0.000     0.000     0.000        0.000        0.000
    70    72     0.000     0.000     0.000     0.000     0.000     0.000        0.000        0.000
    70    79    -0.197    -0.104    -0.061    -0.058    -0.016    -0.013        0.015        0.021
    70    80     0.000     0.000     0.000     0.000     0.000     0.000        0.000        0.000
    71    72     0.000     0.000     0.000     0.000     0.000     0.000        0.000        0.000
    71    79     0.000     0.000     0.000     0.000     0.001     0.002        0.001        0.002
    71    80    -0.027    -0.014    -0.007    -0.007    -0.001    -0.001        0.004        0.004
    72    79     0.000     0.000     0.000     0.000     0.000     0.000        0.000        0.000
    72    80     0.371     0.200     0.098     0.095     0.012     0.016       -0.061       -0.060
    79    80     0.000     0.000     0.000     0.000     0.000     0.000        0.000        0.000

-----------------------------------------------------------------
