-----------------------------------------------------------------

 OUTPUT SELF-ENERGY DIAGONAL MATRIX ELEMENTS (eV)
     n   occ        E_dft     V_xc   Sigma_x  Sigma_sx   Sigma_c   Sigma_g  Sigma-V_xc   zfac  Im[Sigma]      E_0      E_qp  
     1   1.000   -14.883   -12.729   -17.867     4.689    -0.033     1.172    -3.999     0.844     0.475   -14.883   -18.330
     2   0.000    -4.158   -11.255    -3.411     0.981    -2.013     0.046     5.877     0.853    -0.606    -4.158     1.025
     3   0.000    -4.158   -11.255    -3.411     0.980    -2.013     0.047     5.878     0.853    -0.606    -4.158     1.026
     4   0.000    -4.158   -11.255    -3.411     0.981    -2.013     0.046     5.877     0.853    -0.606    -4.158     1.025
     5   0.000     1.656    -2.507    -0.496     0.233    -0.460     0.455     2.006     0.999     0.001     1.656     3.659
     6   0.000     3.692    -2.864    -0.413     0.081    -0.740     0.352     2.063     0.995    -0.172     3.692     5.722
     7   0.000     3.692    -2.864    -0.413     0.081    -0.740     0.353     2.064     0.995    -0.172     3.692     5.723
     8   0.000     3.692    -2.864    -0.413     0.081    -0.740     0.352     2.063     0.995    -0.172     3.692     5.722
     9   0.000     5.275    -1.695    -0.052     0.000    -0.321     0.362     1.684     1.012     0.011     5.275     6.975
    10   0.000     5.275    -1.695    -0.052     0.000    -0.322     0.364     1.685     1.012     0.011     5.275     6.977
    11   0.000     5.304    -1.708    -0.053     0.000    -0.322     0.358     1.692     1.012     0.010     5.304     7.012
    12   0.000     5.304    -1.708    -0.053     0.000    -0.324     0.363     1.695     1.012     0.010     5.304     7.015
    13   0.000     5.304    -1.708    -0.053     0.000    -0.324     0.363     1.695     1.012     0.010     5.304     7.015
    14   0.000     8.930    -1.160    -0.008     0.000    -0.193     0.311     1.271     1.012     0.064     8.930    10.215
    15   0.000     8.930    -1.160    -0.008     0.000    -0.193     0.311     1.271     1.012     0.064     8.930    10.215
    16   0.000     8.930    -1.160    -0.008     0.000    -0.196     0.313     1.270     1.012     0.064     8.930    10.214
    17   0.000     8.952    -1.165    -0.008     0.000    -0.194     0.313     1.276     1.012     0.064     8.952    10.243
    18   0.000     8.952    -1.165    -0.008     0.000    -0.193     0.312     1.276     1.012     0.064     8.952    10.243
    19   0.000     8.952    -1.165    -0.008     0.000    -0.193     0.312     1.276     1.012     0.064     8.952    10.243
    20   0.000     8.994    -1.173    -0.008     0.000    -0.189     0.308     1.284     1.012     0.065     8.994    10.292
    21   0.000    10.515    -3.208    -0.698     0.126    -0.619     0.433     2.324     0.970    -0.029    10.515    12.792
    22   0.000    12.817    -0.926    -0.003     0.000    -0.141     0.279     1.060     1.011     0.089    12.817    13.889
    23   0.000    12.849    -0.931    -0.002     0.000    -0.142     0.280     1.067     1.011     0.089    12.849    13.929
    24   0.000    12.849    -0.931    -0.002     0.000    -0.142     0.280     1.066     1.011     0.089    12.849    13.928
    25   0.000    12.902    -0.933    -0.002     0.000    -0.142     0.278     1.067     1.010     0.091    12.902    13.981
    26   0.000    12.902    -0.933    -0.002     0.000    -0.142     0.281     1.069     1.010     0.091    12.902    13.983
    27   0.000    12.902    -0.933    -0.002     0.000    -0.142     0.281     1.069     1.010     0.091    12.902    13.983
    28   0.000    12.931    -0.938    -0.002     0.000    -0.143     0.280     1.073     1.010     0.091    12.931    14.016
    29   0.000    12.931    -0.938    -0.002     0.000    -0.143     0.280     1.073     1.010     0.091    12.931    14.016
    30   0.000    12.931    -0.938    -0.002     0.000    -0.143     0.281     1.073     1.010     0.091    12.931    14.016
    31   0.000    12.950    -3.734    -0.440     0.053    -1.076     0.417     2.635     1.010    -0.535    12.950    15.503
    32   0.000    12.950    -3.734    -0.440     0.053    -1.076     0.417     2.635     1.010    -0.535    12.950    15.503
    33   0.000    12.950    -3.734    -0.440     0.053    -1.076     0.420     2.637     1.010    -0.535    12.950    15.506
    34   0.000    13.848    -3.024    -0.216     0.005    -0.424     0.243     2.627     1.010    -0.184    13.848    16.460
    35   0.000    13.848    -3.024    -0.216     0.005    -0.426     0.247     2.628     1.010    -0.184    13.848    16.462
    36   0.000    13.930    -3.046    -0.219     0.006    -0.423     0.243     2.646     1.013    -0.189    13.930    16.563
    37   0.000    13.930    -3.046    -0.219     0.006    -0.426     0.248     2.648     1.013    -0.189    13.930    16.566
    38   0.000    13.930    -3.046    -0.219     0.006    -0.426     0.248     2.648     1.013    -0.189    13.930    16.566
    39   0.000    17.181    -0.790    -0.001     0.000    -0.115     0.251     0.925     0.999     0.120    17.181    18.108
    40   0.000    17.181    -0.790    -0.001     0.000    -0.115     0.251     0.925     0.999     0.120    17.181    18.108
    41   0.000    17.181    -0.790    -0.001     0.000    -0.116     0.252     0.925     0.999     0.120    17.181    18.108
    42   0.000    17.251    -0.794    -0.001     0.000    -0.116     0.252     0.929     0.998     0.122    17.251    18.183
    43   0.000    17.251    -0.794    -0.001     0.000    -0.116     0.252     0.929     0.998     0.122    17.251    18.183
    44   0.000    17.251    -0.794    -0.001     0.000    -0.116     0.253     0.929     0.998     0.122    17.251    18.183
    45   0.000    17.299    -0.798    -0.001     0.000    -0.116     0.252     0.933     0.998     0.122    17.299    18.234
    46   0.000    17.299    -0.798    -0.001     0.000    -0.116     0.252     0.933     0.998     0.122    17.299    18.234
    47   0.000    17.299    -0.798    -0.001     0.000    -0.116     0.252     0.933     0.998     0.122    17.299    18.234
    48   0.000    17.312    -0.798    -0.001     0.000    -0.116     0.252     0.933     0.998     0.123    17.312    18.247
    49   0.000    17.312    -0.798    -0.001     0.000    -0.116     0.253     0.934     0.998     0.123    17.312    18.247
    50   0.000    20.152    -2.134    -0.044    -0.001    -0.401     0.424     2.113     0.978     0.086    20.152    22.260
    51   0.000    20.152    -2.134    -0.044     0.000    -0.376     0.410     2.123     0.978     0.088    20.152    22.271
    52   0.000    20.152    -2.134    -0.044     0.000    -0.376     0.409     2.123     0.978     0.088    20.152    22.271
    53   0.000    20.204    -2.144    -0.045     0.000    -0.373     0.412     2.138     0.977     0.090    20.204    22.337
    54   0.000    20.204    -2.144    -0.045    -0.001    -0.358     0.403     2.144     0.977     0.091    20.204    22.343
    55   0.000    20.204    -2.144    -0.045    -0.001    -0.358     0.403     2.144     0.977     0.091    20.204    22.343
    56   0.000    20.304    -2.155    -0.045    -0.001    -0.349     0.389     2.149     0.975     0.089    20.304    22.443
    57   0.000    21.946    -0.700    -0.001     0.000    -0.069     0.193     0.824     0.988     0.144    21.946    22.762
    58   0.000    21.946    -0.700    -0.001     0.000    -0.069     0.194     0.824     0.988     0.144    21.946    22.762
    59   0.000    22.042    -0.699     0.000     0.000    -0.069     0.193     0.823     0.988     0.146    22.042    22.856
    60   0.000    22.042    -0.699     0.000     0.000    -0.069     0.193     0.824     0.988     0.146    22.042    22.857
    61   0.000    22.042    -0.699     0.000     0.000    -0.069     0.193     0.824     0.988     0.146    22.042    22.857
    62   0.000    22.069    -0.702     0.000     0.000    -0.069     0.193     0.826     0.988     0.146    22.069    22.886
    63   0.000    22.092    -0.702     0.000     0.000    -0.069     0.193     0.826     0.988     0.147    22.092    22.910
    64   0.000    22.130    -0.704     0.000     0.000    -0.069     0.193     0.828     0.988     0.147    22.130    22.949
    65   0.000    22.130    -0.704     0.000     0.000    -0.069     0.192     0.827     0.988     0.147    22.130    22.948
    66   0.000    22.130    -0.704     0.000     0.000    -0.069     0.193     0.828     0.988     0.147    22.130    22.949
    67   0.000    22.142    -0.706     0.000     0.000    -0.069     0.192     0.828     0.988     0.147    22.142    22.961
    68   0.000    22.142    -0.706     0.000     0.000    -0.069     0.192     0.828     0.988     0.147    22.142    22.961
    69   0.000    22.142    -0.706     0.000     0.000    -0.069     0.193     0.829     0.988     0.147    22.142    22.962
    70   0.000    24.497    -3.697    -0.695    -0.113    -0.239    -0.123     2.639     1.037    -0.267    24.497    27.149
    71   0.000    26.295    -3.051    -0.237     0.009    -0.229     0.122     2.706     1.006    -0.158    26.295    28.930
    72   0.000    26.295    -3.051    -0.237     0.010    -0.229     0.119     2.703     1.006    -0.160    26.295    28.927
    73   0.000    26.355    -1.717    -0.020    -0.001    -0.220     0.287     1.765     0.985     0.176    26.355    28.089
    74   0.000    26.499    -3.225    -0.264     0.010    -0.223     0.094     2.831     1.026    -0.224    26.499    29.273
    75   0.000    26.499    -3.225    -0.264     0.010    -0.223     0.094     2.832     1.026    -0.224    26.499    29.274
    76   0.000    26.499    -3.225    -0.264     0.010    -0.223     0.089     2.826     1.025    -0.226    26.499    29.267
    77   0.000    26.503    -2.556    -0.153     0.007    -0.233     0.190     2.360     0.996    -0.023    26.503    28.812
    78   0.000    26.503    -2.556    -0.153     0.006    -0.231     0.184     2.355     0.997    -0.028    26.503    28.808
    79   0.000    26.529    -1.716    -0.014     0.000    -0.222     0.283     1.764     0.985     0.174    26.529    28.263
    80   0.000    26.529    -1.716    -0.014     0.000    -0.222     0.283     1.764     0.985     0.174    26.529    28.263
-----------------------------------------------------------------


 OUTPUT SELF-ENERGY OFF-DIAGONAL MATRIX ELEMENTS (eV)
    n1    n2     V_xc    Sigma_x  Sigma_c1  Sigma_c2  Sigma_g1  Sigma_g2  Sigma-V_xc1  Sigma-V_xc2
     1     5     2.127     2.201    -0.185     0.447    -0.080    -0.359       -0.191        0.162
     1     9     0.000     0.000     0.000     0.000     0.000     0.000        0.000        0.000
     1    10     0.000     0.000     0.000     0.000     0.000     0.000        0.000        0.000
     1    21     2.268     2.310    -0.270     0.188    -0.106     0.049       -0.334        0.279
     1    22     0.081     0.082    -0.010     0.012    -0.005    -0.002       -0.013        0.011
     1    23     0.000     0.000     0.000     0.000     0.000     0.000        0.000        0.000
     1    24     0.000     0.000     0.000     0.000     0.000     0.000        0.000        0.000
     1    34     0.000     0.000     0.000     0.000     0.000     0.000        0.000        0.000
     1    35     0.000     0.000     0.000     0.001     0.000     0.000        0.000        0.001
     1    57     0.000     0.000     0.000     0.000     0.000     0.000        0.000        0.000
     1    58     0.000     0.000     0.000     0.000     0.000     0.000        0.000        0.000
     1    62     0.010     0.010    -0.001     0.003    -0.001    -0.003       -0.002        0.000
     1    63     0.000     0.000     0.000     0.000     0.000     0.000        0.000        0.000
     1    70    -1.902    -1.931     0.293    -0.024     0.120    -0.515        0.384       -0.568
     1    71     0.000     0.000     0.000     0.002     0.000     0.000        0.000        0.002
     1    72     0.000     0.000     0.000     0.000     0.000     0.000        0.000        0.000
     1    73    -0.179    -0.182     0.027     0.008     0.013    -0.053        0.037       -0.049
     1    77     0.000     0.000     0.000     0.000     0.000     0.000        0.000        0.000
     1    78     0.000     0.000     0.000     0.002     0.000     0.000        0.000        0.002
     2     6     3.320     1.081     0.672     1.139     0.107     0.076       -1.460       -1.025
     2    14     0.039     0.013     0.006     0.008     0.000     0.000       -0.020       -0.018
     2    19     0.000     0.000     0.000     0.000    -0.001    -0.001        0.000       -0.001
     2    31    -2.788    -0.890    -0.648    -1.045    -0.098    -0.053        1.153        0.801
     2    40    -0.046    -0.014    -0.011    -0.014    -0.001     0.001        0.020        0.019
     2    43     0.000     0.000     0.000     0.000     0.000     0.000        0.000        0.000
     2    47    -0.028    -0.009    -0.010    -0.014    -0.001     0.001        0.008        0.006
     2    51     0.044     0.013     0.008    -0.002     0.002     0.002       -0.021       -0.030
     2    55     0.000     0.000     0.000     0.000    -0.001    -0.001       -0.001       -0.001
     3     7     3.320     1.081     0.672     1.139     0.108     0.077       -1.459       -1.024
     3    16    -0.039    -0.013    -0.006    -0.008     0.000     0.000        0.020        0.018
     3    17     0.000     0.000     0.000     0.000     0.000     0.000        0.000        0.000
     3    33    -2.788    -0.890    -0.648    -1.044    -0.098    -0.054        1.152        0.800
     3    41     0.046     0.014     0.011     0.014     0.001    -0.001       -0.020       -0.019
     3    44     0.000     0.000     0.000     0.000     0.000     0.000        0.000        0.000
     3    45     0.028     0.009     0.010     0.014     0.001    -0.001       -0.008       -0.006
     3    50     0.044     0.013     0.008    -0.002     0.001     0.002       -0.021       -0.031
     3    53     0.000     0.000     0.000     0.000     0.000     0.000        0.000        0.000
     4     8    -3.320    -1.081    -0.672    -1.139    -0.108    -0.076        1.460        1.025
     4    15     0.039     0.013     0.006     0.008     0.000     0.000       -0.020       -0.018
     4    18     0.000     0.000     0.000     0.000     0.001     0.001        0.000        0.001
     4    32    -2.788    -0.890    -0.648    -1.045    -0.098    -0.053        1.153        0.801
     4    39     0.046     0.014     0.011     0.014     0.001    -0.001       -0.020       -0.019
     4    42     0.000     0.000     0.000     0.000     0.000     0.000        0.000        0.000
     4    46     0.028     0.009     0.010     0.014     0.001    -0.001       -0.008       -0.006
     4    52     0.044     0.013     0.008    -0.002     0.002     0.003       -0.021       -0.030
     4    54     0.000     0.000     0.000     0.000    -0.001    -0.001       -0.001       -0.001
     5     9     0.000     0.000     0.000     0.000     0.000     0.000        0.000        0.000
     5    10     0.000     0.000     0.000     0.000    -0.001    -0.001       -0.001       -0.001
     5    21    -1.967    -0.577    -0.365    -0.488     0.195     0.176        1.220        1.078
     5    22    -0.067    -0.021    -0.013    -0.018     0.007     0.007        0.041        0.035
     5    23     0.000     0.000     0.000     0.000     0.000     0.000        0.000        0.000
     5    24     0.000     0.000     0.000     0.000     0.000     0.000        0.000        0.000
     5    34     0.000     0.000     0.000     0.000     0.000     0.000        0.000        0.000
     5    35     0.000     0.000     0.000     0.000     0.001     0.001        0.001        0.001
     5    57     0.000     0.000     0.000     0.000     0.000     0.000        0.000        0.000
     5    58     0.000     0.000     0.000     0.000     0.000     0.000        0.000        0.000
     5    62    -0.006    -0.003    -0.001    -0.002     0.001     0.001        0.004        0.003
     5    63     0.000     0.000     0.000     0.000     0.000     0.000        0.000        0.000
     5    70     1.210     0.534     0.202     0.156    -0.071     0.166       -0.545       -0.354
     5    71     0.000     0.000     0.000     0.000     0.000     0.001        0.000        0.000
     5    72     0.000     0.000     0.000     0.000     0.000     0.000        0.000        0.000
     5    73     0.112     0.051     0.018     0.005    -0.009     0.012       -0.051       -0.044
     5    77     0.000     0.000     0.000     0.000     0.000     0.000        0.000        0.000
     5    78     0.000     0.000     0.000     0.000    -0.001    -0.002       -0.001       -0.002
     6    14    -0.031    -0.005    -0.008    -0.007     0.001     0.000        0.019        0.019
     6    19     0.000     0.000     0.000     0.000    -0.001    -0.001       -0.001       -0.001
     6    31     2.370     0.399     0.687     0.805    -0.123    -0.099       -1.406       -1.264
     6    40     0.038     0.007     0.011     0.011    -0.001    -0.001       -0.021       -0.021
     6    43     0.000     0.000     0.000     0.000     0.000     0.000        0.000        0.000
     6    47     0.023     0.004     0.008     0.008    -0.001    -0.002       -0.012       -0.012
     6    51    -0.033    -0.007    -0.009    -0.003    -0.001    -0.002        0.016        0.021
     6    55     0.000     0.000     0.000     0.000    -0.001    -0.002       -0.001       -0.002
     7    16     0.031     0.005     0.008     0.007    -0.001    -0.001       -0.019       -0.019
     7    17     0.000     0.000     0.000     0.000     0.000     0.000        0.000        0.000
     7    33     2.370     0.399     0.687     0.805    -0.125    -0.101       -1.408       -1.266
     7    41    -0.038    -0.007    -0.011    -0.011     0.001     0.001        0.021        0.021
     7    44     0.000     0.000     0.000     0.000     0.000     0.000        0.000        0.000
     7    45    -0.023    -0.004    -0.008    -0.008     0.001     0.002        0.012        0.012
     7    50    -0.033    -0.007    -0.009    -0.003    -0.002    -0.002        0.016        0.021
     7    53     0.000     0.000     0.000     0.000     0.000     0.000        0.000        0.000
     8    15     0.031     0.005     0.008     0.007    -0.001     0.000       -0.019       -0.019
     8    18     0.000     0.000     0.000     0.000    -0.001    -0.001       -0.001       -0.001
     8    32    -2.370    -0.399    -0.687    -0.805     0.123     0.099        1.406        1.264
     8    39     0.038     0.007     0.011     0.011    -0.001    -0.001       -0.021       -0.021
     8    42     0.000     0.000     0.000     0.000     0.000     0.000        0.000        0.000
     8    46     0.023     0.004     0.008     0.008    -0.001    -0.002       -0.012       -0.012
     8    52     0.033     0.007     0.009     0.003     0.001     0.002       -0.016       -0.021
     8    54     0.000     0.000     0.000     0.000     0.001     0.002        0.001        0.002
     9    10     0.000     0.000     0.000     0.000     0.001     0.001        0.001        0.001
     9    21     0.000     0.000     0.000     0.000     0.000     0.000        0.000        0.000
     9    22     0.000     0.000     0.000     0.000     0.000     0.000        0.000        0.000
     9    23    -0.033    -0.002    -0.007    -0.005     0.003     0.001        0.027        0.026
     9    24     0.060     0.004     0.013     0.010    -0.006    -0.002       -0.049       -0.048
     9    34    -1.352    -0.100    -0.294    -0.242     0.133     0.040        1.091        1.050
     9    35     0.259     0.019     0.057     0.047    -0.026    -0.009       -0.209       -0.202
     9    57    -0.021    -0.003    -0.005    -0.001     0.002     0.001        0.014        0.018
     9    58     0.029     0.004     0.007     0.001    -0.002    -0.001       -0.020       -0.025
     9    62     0.000     0.000     0.000     0.000     0.000     0.000        0.000        0.000
     9    63     0.000     0.000     0.000     0.000    -0.001    -0.001       -0.001       -0.001
     9    70     0.000     0.000     0.000     0.000     0.000     0.000        0.000        0.000
     9    71     0.158     0.030     0.043     0.027    -0.003    -0.006       -0.087       -0.106
     9    72    -0.458    -0.088    -0.125    -0.080     0.009     0.020        0.254        0.310
     9    73     0.000     0.000     0.000     0.000     0.000    -0.001        0.000       -0.001
     9    77     0.364     0.070     0.101     0.069    -0.009    -0.017       -0.202       -0.242
     9    78     0.102     0.020     0.028     0.019    -0.003    -0.005       -0.057       -0.068
    10    21     0.000     0.000     0.000     0.000    -0.001    -0.001       -0.001       -0.001
    10    22     0.000     0.000     0.000     0.000     0.000     0.000        0.000        0.000
    10    23    -0.060    -0.004    -0.013    -0.010     0.006     0.002        0.049        0.048
    10    24    -0.033    -0.002    -0.007    -0.005     0.003     0.001        0.027        0.026
    10    34     0.259     0.019     0.056     0.046    -0.025    -0.007       -0.209       -0.201
    10    35     1.352     0.100     0.296     0.244    -0.136    -0.044       -1.092       -1.052
    10    57     0.029     0.004     0.007     0.001    -0.001     0.000       -0.019       -0.024
    10    58     0.021     0.003     0.005     0.001    -0.001     0.000       -0.014       -0.017
    10    62     0.000     0.000     0.000     0.000     0.000     0.000        0.000        0.000
    10    63     0.000     0.000     0.000     0.000     0.000     0.000        0.000        0.000
    10    70     0.000     0.000     0.000     0.000     0.000    -0.001        0.000       -0.001
    10    71     0.458     0.088     0.125     0.079    -0.008    -0.018       -0.253       -0.309
    10    72     0.158     0.030     0.043     0.028    -0.003    -0.007       -0.088       -0.107
    10    73     0.000     0.000     0.000     0.000    -0.001    -0.002        0.000       -0.001
    10    77    -0.102    -0.020    -0.028    -0.019     0.002     0.005        0.056        0.068
    10    78     0.364     0.070     0.101     0.069    -0.010    -0.018       -0.203       -0.243
    11    25     0.000     0.000     0.000     0.000     0.000     0.000        0.000        0.000
    11    30    -0.045    -0.003    -0.010    -0.007     0.003    -0.001        0.035        0.034
    11    36    -1.385    -0.103    -0.299    -0.246     0.132     0.035        1.114        1.071
    11    59    -0.002     0.000     0.000     0.000    -0.002    -0.003        0.000       -0.001
    11    65     0.000     0.000     0.000     0.000     0.000     0.000        0.000        0.000
    11    69    -0.013    -0.002    -0.003     0.000     0.000     0.000        0.008        0.010
    11    76     0.511     0.099     0.140     0.094    -0.015    -0.029       -0.287       -0.348
    12    27     0.000     0.000     0.000     0.000     0.000     0.000        0.000        0.000
    12    29     0.045     0.003     0.009     0.007    -0.002     0.002       -0.034       -0.033
    12    37     1.385     0.103     0.301     0.249    -0.136    -0.041       -1.117       -1.074
    12    61     0.002     0.000     0.000     0.000     0.001     0.001       -0.001       -0.001
    12    66     0.000     0.000     0.000     0.000     0.000     0.000        0.000        0.000
    12    68     0.013     0.002     0.003     0.000    -0.001     0.000       -0.008       -0.010
    12    74    -0.511    -0.099    -0.139    -0.093     0.012     0.024        0.285        0.344
    12    79     0.000     0.000     0.000     0.000    -0.001    -0.001       -0.001       -0.001
    13    26     0.000     0.000     0.000     0.000     0.000     0.000        0.000        0.000
    13    28    -0.045    -0.003    -0.009    -0.007     0.002    -0.002        0.034        0.033
    13    38     1.385     0.103     0.301     0.249    -0.137    -0.041       -1.117       -1.074
    13    60     0.002     0.000     0.000     0.000     0.001     0.001       -0.001       -0.001
    13    64     0.000     0.000     0.000     0.000     0.000     0.000        0.000        0.000
    13    67    -0.013    -0.002    -0.003     0.000     0.001     0.000        0.008        0.011
    13    75     0.511     0.099     0.139     0.093    -0.012    -0.024       -0.285       -0.344
    13    80     0.000     0.000     0.000     0.000     0.001     0.001        0.001        0.001
    14    19     0.000     0.000     0.002     0.002    -0.002    -0.002        0.000        0.000
    14    31     0.024     0.005     0.008     0.009     0.001     0.002       -0.010       -0.008
    14    40     0.030     0.001     0.004     0.004    -0.003    -0.001       -0.028       -0.026
    14    43     0.000     0.000    -0.001    -0.001     0.001     0.001        0.000        0.000
    14    47    -0.013     0.000    -0.002    -0.002     0.001     0.001        0.012        0.012
    14    51    -0.850    -0.018    -0.147    -0.132     0.111     0.025        0.796        0.725
    14    55     0.000     0.000     0.006     0.008    -0.004    -0.006        0.002        0.002
    15    18     0.000     0.000    -0.002    -0.002     0.002     0.002        0.000        0.000
    15    32     0.024     0.005     0.008     0.009     0.001     0.002       -0.010       -0.008
    15    39    -0.030    -0.001    -0.004    -0.004     0.003     0.001        0.028        0.026
    15    42     0.000     0.000     0.001     0.001    -0.001    -0.001        0.000        0.000
    15    46     0.013     0.000     0.002     0.002    -0.001    -0.001       -0.013       -0.012
    15    52    -0.850    -0.018    -0.147    -0.132     0.111     0.024        0.796        0.725
    15    54     0.000     0.000     0.006     0.008    -0.004    -0.006        0.002        0.002
    16    17     0.000     0.000     0.000     0.000     0.000     0.000        0.000        0.000
    16    33    -0.024    -0.005    -0.008    -0.009    -0.001    -0.002        0.010        0.008
    16    41     0.030     0.001     0.005     0.006    -0.004    -0.003       -0.028       -0.026
    16    44     0.000     0.000     0.000     0.000     0.000     0.000        0.000        0.000
    16    45    -0.013     0.000    -0.002    -0.002     0.001     0.001        0.012        0.012
    16    50     0.850     0.018     0.154     0.142    -0.115    -0.030       -0.793       -0.720
    16    53     0.000     0.000     0.000     0.000     0.000     0.000        0.000        0.000
    17    33     0.000     0.000     0.000     0.000     0.000     0.000        0.000        0.000
    17    41     0.000     0.000     0.000     0.000     0.000     0.000        0.000        0.000
    17    44     0.002     0.000     0.000     0.000     0.000     0.001       -0.002       -0.001
    17    45     0.000     0.000     0.000     0.000     0.000     0.000        0.000        0.000
    17    50     0.000     0.000     0.000     0.000     0.000     0.000        0.000        0.000
    17    53     0.853     0.018     0.148     0.133    -0.112    -0.026       -0.799       -0.728
    18    32     0.000     0.000     0.000     0.000    -0.001    -0.001       -0.001       -0.001
    18    39     0.000     0.000    -0.001    -0.001     0.001     0.001        0.000        0.000
    18    42     0.002     0.000     0.000    -0.001     0.001     0.002       -0.002       -0.001
    18    46     0.000     0.000     0.000     0.000     0.001     0.001        0.000        0.000
    18    52     0.000     0.000    -0.006    -0.008     0.004     0.006       -0.002       -0.002
    18    54     0.853     0.018     0.144     0.127    -0.109    -0.021       -0.800       -0.730
    19    31     0.000     0.000     0.000     0.000     0.001     0.001        0.001        0.001
    19    40     0.000     0.000    -0.001    -0.001     0.001     0.001        0.000        0.000
    19    43     0.002     0.000     0.000    -0.001     0.001     0.002       -0.002       -0.001
    19    47     0.000     0.000     0.000     0.000     0.001     0.001        0.000        0.000
    19    51     0.000     0.000     0.006     0.008    -0.004    -0.006        0.002        0.002
    19    55    -0.853    -0.018    -0.144    -0.127     0.109     0.021        0.800        0.730
    20    48     0.000     0.000     0.000     0.000     0.000     0.000        0.000        0.000
    20    49     0.000     0.000     0.000     0.000     0.000     0.000        0.000        0.000
    20    56    -0.856    -0.018    -0.137    -0.116     0.103     0.011        0.804        0.733
    21    22    -0.091    -0.026    -0.018    -0.020     0.007     0.006        0.054        0.051
    21    23     0.000     0.000     0.000     0.000    -0.001    -0.001       -0.001       -0.001
    21    24     0.000     0.000     0.000     0.000     0.000     0.000        0.000        0.000
    21    34     0.000     0.000     0.000     0.000     0.000     0.000        0.000        0.000
    21    35     0.000     0.000     0.000     0.000     0.001     0.001        0.001        0.001
    21    57     0.000     0.000     0.000     0.000     0.000     0.000        0.000        0.000
    21    58     0.000     0.000     0.000     0.000     0.000    -0.001        0.000       -0.001
    21    62    -0.012    -0.003    -0.002    -0.002    -0.001    -0.001        0.006        0.005
    21    63     0.000     0.000     0.000     0.000     0.000     0.000        0.000        0.000
    21    70     2.479     0.676     0.383     0.264    -0.166     0.106       -1.586       -1.433
    21    71     0.000     0.000     0.000     0.000     0.000     0.000        0.000       -0.001
    21    72     0.000     0.000     0.000     0.000     0.000     0.000        0.000        0.000
    21    73     0.214     0.065     0.032     0.005    -0.012     0.017       -0.130       -0.127
    21    77     0.000     0.000     0.000     0.000     0.000     0.000        0.000        0.000
    21    78     0.000     0.000     0.000     0.000    -0.001    -0.001       -0.001       -0.001
    22    23     0.000     0.000     0.000     0.000     0.000     0.000        0.000        0.000
    22    24     0.000     0.000     0.000     0.000     0.000     0.000        0.000        0.000
    22    34     0.000     0.000     0.000     0.000     0.000     0.000        0.000        0.000
    22    35     0.000     0.000     0.000     0.000    -0.001    -0.001       -0.001       -0.001
    22    57     0.000     0.000     0.000     0.000     0.000     0.000        0.000        0.000
    22    58     0.000     0.000     0.000     0.000     0.000     0.000        0.000        0.000
    22    62    -0.029     0.000    -0.004    -0.004     0.004     0.001        0.029        0.027
    22    63     0.000     0.000     0.000     0.000     0.000     0.000        0.000        0.000
    22    70     0.038     0.025     0.007     0.004     0.006     0.012        0.000        0.003
    22    71     0.000     0.000     0.000     0.000     0.000     0.000        0.000        0.000
    22    72     0.000     0.000     0.000     0.000     0.000     0.000        0.000        0.000
    22    73     0.629     0.007     0.086     0.067    -0.097     0.007       -0.634       -0.549
    22    77     0.000     0.000     0.000     0.000     0.000     0.000        0.000        0.000
    22    78     0.000     0.000     0.000     0.000     0.000     0.000        0.000        0.000
    23    24     0.000     0.000     0.000     0.000     0.000     0.000        0.000        0.000
    23    34    -0.029    -0.003    -0.003    -0.004    -0.001    -0.001        0.022        0.021
    23    35     0.090     0.009     0.010     0.012     0.004     0.004       -0.066       -0.065
    23    57     0.010     0.000     0.001     0.001    -0.001    -0.001       -0.010       -0.009
    23    58     0.020     0.001     0.003     0.002    -0.003    -0.001       -0.020       -0.019
    23    62     0.000     0.000     0.000     0.000     0.000     0.000        0.000        0.000
    23    63     0.000     0.000     0.000     0.000     0.000     0.000        0.000        0.000
    23    70     0.000     0.000     0.000     0.000     0.000    -0.001        0.000       -0.001
    23    71     0.461     0.013     0.057     0.047    -0.055     0.005       -0.446       -0.395
    23    72    -0.079    -0.002    -0.010    -0.008     0.010    -0.001        0.077        0.069
    23    73     0.000     0.000     0.000     0.000     0.000     0.000        0.000        0.000
    23    77    -0.097     0.001    -0.014    -0.011     0.018    -0.001        0.102        0.087
    23    78    -0.417     0.004    -0.061    -0.045     0.075    -0.007        0.435        0.368
    24    34     0.090     0.009     0.010     0.012     0.004     0.004       -0.067       -0.066
    24    35     0.029     0.003     0.003     0.004     0.001     0.001       -0.022       -0.021
    24    57     0.020     0.001     0.003     0.002    -0.003    -0.001       -0.020       -0.019
    24    58    -0.010     0.000    -0.001    -0.001     0.001     0.000        0.009        0.009
    24    62     0.000     0.000     0.000     0.000     0.000     0.000        0.000        0.000
    24    63     0.000     0.000     0.000     0.000     0.000     0.000        0.000        0.000
    24    70     0.000     0.000     0.000     0.000     0.000     0.000        0.000        0.000
    24    71     0.079     0.002     0.010     0.008    -0.009     0.001       -0.077       -0.068
    24    72     0.461     0.013     0.057     0.047    -0.056     0.004       -0.447       -0.397
    24    73     0.000     0.000     0.000     0.000     0.000     0.000        0.000        0.000
    24    77     0.417    -0.004     0.061     0.046    -0.077     0.003       -0.437       -0.372
    24    78    -0.097     0.001    -0.014    -0.011     0.018    -0.002        0.102        0.086
    25    30     0.000     0.000     0.000     0.000     0.000     0.000        0.000        0.000
    25    36     0.000     0.000     0.000     0.000     0.000     0.000        0.000        0.000
    25    59     0.000     0.000     0.000     0.000     0.000     0.000        0.000        0.000
    25    65     0.008     0.000     0.001     0.001    -0.001    -0.001       -0.008       -0.008
    25    69     0.000     0.000     0.000     0.000     0.000     0.000        0.000        0.000
    25    76     0.000     0.000     0.000     0.000     0.000     0.000        0.000        0.000
    26    28     0.000     0.000     0.000     0.000     0.000     0.000        0.000        0.000
    26    38     0.000     0.000     0.000     0.000     0.000     0.000        0.000        0.000
    26    60     0.000     0.000     0.000     0.000     0.000     0.000        0.000        0.000
    26    64    -0.008     0.000    -0.001    -0.001     0.000     0.000        0.007        0.007
    26    67     0.000     0.000     0.000     0.000     0.000     0.000        0.000        0.000
    26    75     0.000     0.000     0.000     0.000    -0.001    -0.001        0.000       -0.001
    26    80     0.629     0.005     0.085     0.067    -0.094     0.009       -0.633       -0.548
    27    29     0.000     0.000     0.000     0.000     0.000     0.000        0.000        0.000
    27    37     0.000     0.000     0.000     0.000     0.001     0.001        0.000        0.000
    27    61     0.000     0.000     0.000     0.000     0.000     0.000        0.000        0.000
    27    66    -0.008     0.000    -0.001    -0.001     0.000     0.000        0.007        0.007
    27    68     0.000     0.000     0.000     0.000     0.000     0.000        0.000        0.000
    27    74     0.000     0.000     0.000     0.000     0.001     0.001        0.000        0.001
    27    79    -0.629    -0.005    -0.085    -0.067     0.094    -0.009        0.633        0.548
    28    38     0.062     0.006     0.007     0.008     0.005     0.005       -0.043       -0.043
    28    60    -0.001     0.000     0.000     0.000     0.000     0.000        0.001        0.001
    28    64     0.000     0.000     0.000     0.000     0.000     0.000        0.000        0.000
    28    67    -0.001     0.000     0.000     0.000     0.000     0.000        0.001        0.001
    28    75     0.408     0.009     0.052     0.044    -0.050     0.005       -0.397       -0.350
    28    80     0.000     0.000     0.000     0.000    -0.001    -0.001        0.000       -0.001
    29    37    -0.062    -0.006    -0.007    -0.008    -0.005    -0.005        0.044        0.043
    29    61     0.001     0.000     0.000     0.000     0.000     0.000       -0.001       -0.001
    29    66     0.000     0.000     0.000     0.000     0.000     0.000        0.000        0.000
    29    68    -0.001     0.000     0.000     0.000     0.000     0.000        0.001        0.001
    29    74     0.408     0.009     0.052     0.044    -0.050     0.005       -0.397       -0.350
    29    79     0.000     0.000     0.000     0.000    -0.001    -0.001        0.000       -0.001
    30    36    -0.062    -0.006    -0.008    -0.009    -0.003    -0.003        0.045        0.044
    30    59     0.001     0.000     0.000     0.000     0.000     0.001       -0.001        0.000
    30    65     0.000     0.000     0.000     0.000     0.000     0.000        0.000        0.000
    30    69    -0.001     0.000     0.000     0.000     0.000     0.000        0.001        0.001
    30    76     0.408     0.009     0.052     0.044    -0.050     0.005       -0.396       -0.349
    31    40    -0.058    -0.008    -0.018    -0.017     0.004     0.004        0.036        0.036
    31    43     0.000     0.000     0.000     0.000     0.000     0.000        0.000        0.000
    31    47    -0.035    -0.005    -0.011    -0.010     0.001     0.001        0.021        0.021
    31    51     0.041     0.007     0.014     0.010     0.000     0.002       -0.020       -0.022
    31    55     0.000     0.000     0.000     0.000     0.001     0.002        0.001        0.002
    32    39     0.058     0.008     0.018     0.017    -0.004    -0.003       -0.036       -0.036
    32    42     0.000     0.000     0.000     0.000     0.000     0.000        0.000        0.000
    32    46     0.035     0.005     0.011     0.010    -0.001    -0.001       -0.021       -0.021
    32    52     0.041     0.007     0.014     0.010     0.000     0.002       -0.020       -0.022
    32    54     0.000     0.000     0.000     0.000     0.001     0.002        0.001        0.002
    33    41     0.058     0.008     0.018     0.017    -0.003    -0.002       -0.035       -0.035
    33    44     0.000     0.000     0.000     0.000     0.000     0.000        0.000        0.000
    33    45     0.035     0.005     0.011     0.010    -0.002    -0.001       -0.021       -0.021
    33    50     0.041     0.007     0.014     0.010     0.001     0.004       -0.019       -0.020
    33    53     0.000     0.000     0.000     0.000     0.000     0.000        0.000        0.000
    34    35     0.000     0.000     0.000     0.000    -0.001    -0.001        0.000        0.000
    34    57    -0.078    -0.008    -0.008    -0.004     0.001    -0.001        0.063        0.065
    34    58     0.074     0.008     0.008     0.004    -0.001     0.001       -0.060       -0.062
    34    62     0.000     0.000     0.000     0.000     0.000     0.000        0.000        0.000
    34    63     0.000     0.000     0.000     0.000     0.000     0.000        0.000        0.000
    34    70     0.000     0.000     0.000     0.000     0.000     0.000        0.000        0.000
    34    71     0.252     0.030     0.021     0.023     0.008     0.004       -0.193       -0.194
    34    72    -1.755    -0.211    -0.145    -0.164    -0.055    -0.025        1.343        1.355
    34    73     0.000     0.000     0.000     0.000     0.000     0.000        0.000        0.000
    34    77     1.427     0.168     0.122     0.140     0.035     0.008       -1.103       -1.111
    34    78     0.119     0.014     0.010     0.012     0.003     0.000       -0.092       -0.093
    35    57    -0.074    -0.008    -0.007    -0.004     0.000    -0.002        0.059        0.061
    35    58    -0.078    -0.008    -0.008    -0.004     0.000    -0.003        0.062        0.064
    35    62     0.000     0.000     0.000     0.000     0.001     0.001        0.001        0.001
    35    63     0.000     0.000     0.000     0.000     0.000     0.000        0.000        0.000
    35    70     0.000     0.000     0.000     0.000     0.001     0.001        0.001        0.001
    35    71    -1.755    -0.211    -0.144    -0.162    -0.057    -0.028        1.343        1.353
    35    72    -0.252    -0.030    -0.021    -0.023    -0.008    -0.004        0.193        0.194
    35    73     0.000     0.000     0.000    -0.001     0.000     0.001        0.000        0.000
    35    77     0.119     0.014     0.010     0.012     0.003     0.001       -0.092       -0.093
    35    78    -1.427    -0.168    -0.122    -0.140    -0.034    -0.007        1.104        1.113
    36    59    -0.007    -0.001     0.000     0.000    -0.002    -0.002        0.004        0.005
    36    65     0.000     0.000     0.000     0.000     0.000     0.000        0.000        0.000
    36    69    -0.038    -0.004    -0.003    -0.001    -0.002    -0.003        0.029        0.029
    36    76     1.887     0.227     0.154     0.175     0.053     0.012       -1.454       -1.473
    37    61    -0.007    -0.001     0.000     0.000    -0.002    -0.001        0.004        0.005
    37    66     0.000     0.000     0.000     0.000     0.000     0.000        0.000        0.000
    37    68    -0.038    -0.004    -0.003    -0.001    -0.002    -0.003        0.029        0.030
    37    74     1.887     0.227     0.153     0.173     0.056     0.018       -1.452       -1.469
    37    79     0.000     0.000     0.000     0.000     0.001     0.001        0.001        0.001
    38    60    -0.007    -0.001     0.000     0.000    -0.002    -0.002        0.004        0.005
    38    64     0.000     0.000     0.000     0.000     0.000     0.000        0.000        0.000
    38    67     0.038     0.004     0.003     0.001     0.002     0.003       -0.029       -0.030
    38    75    -1.887    -0.227    -0.153    -0.173    -0.056    -0.018        1.452        1.469
    38    80     0.000     0.000     0.000     0.000    -0.001    -0.001       -0.001       -0.001
    39    42     0.000     0.000     0.000     0.000    -0.001    -0.001        0.000        0.000
    39    46     0.000     0.000     0.000     0.000     0.000     0.000        0.000        0.000
    39    52    -0.036    -0.001    -0.004    -0.004    -0.002     0.000        0.029        0.032
    39    54     0.000     0.000     0.002     0.003    -0.001    -0.001        0.001        0.001
    40    43     0.000     0.000     0.000     0.000    -0.001    -0.001        0.000        0.000
    40    47     0.000     0.000     0.000     0.000     0.000     0.000        0.000        0.000
    40    51     0.036     0.001     0.004     0.004     0.002     0.000       -0.029       -0.031
    40    55     0.000     0.000    -0.002    -0.003     0.001     0.001       -0.001       -0.001
    41    44     0.000     0.000     0.000     0.000     0.000     0.000        0.000        0.000
    41    45     0.000     0.000     0.000     0.000     0.000     0.000        0.000        0.000
    41    50    -0.036    -0.001    -0.007    -0.007     0.001     0.004        0.029        0.031
    41    53     0.000     0.000     0.000     0.000     0.000     0.000        0.000        0.000
    42    46     0.000     0.000     0.000     0.000    -0.001    -0.001        0.000        0.000
    42    52     0.000     0.000     0.003     0.003    -0.002    -0.002        0.001        0.001
    42    54    -0.002     0.000     0.002     0.002    -0.002    -0.002        0.002        0.003
    43    47     0.000     0.000     0.000     0.000    -0.001    -0.001        0.000        0.000
    43    51     0.000     0.000    -0.003    -0.003     0.002     0.002       -0.001       -0.001
    43    55     0.002     0.000    -0.002    -0.002     0.002     0.001       -0.003       -0.003
    44    45     0.000     0.000     0.000     0.000     0.000     0.000        0.000        0.000
    44    50     0.000     0.000     0.000     0.000     0.000     0.000        0.000        0.000
    44    53    -0.002     0.000     0.000     0.000    -0.001    -0.001        0.001        0.001
    45    50     0.016     0.000     0.002     0.002    -0.001    -0.002       -0.014       -0.015
    45    53     0.000     0.000     0.000     0.000     0.000     0.000        0.000        0.000
    46    52     0.016     0.000     0.003     0.003    -0.002    -0.003       -0.014       -0.015
    46    54     0.000     0.000     0.001     0.001    -0.002    -0.002       -0.001       -0.001
    47    51    -0.016     0.000    -0.003    -0.003     0.002     0.002        0.014        0.015
    47    55     0.000     0.000    -0.001    -0.001     0.001     0.002        0.000        0.001
    48    49     0.000     0.000     0.000     0.000     0.000     0.000        0.000        0.000
    48    56     0.000     0.000     0.000     0.000     0.000     0.000        0.000        0.000
    49    56     0.000     0.000     0.000     0.000     0.000     0.000        0.000        0.000
    50    53     0.000     0.000     0.000     0.000     0.000     0.000        0.000        0.000
    51    55     0.000     0.000     0.020     0.020    -0.012    -0.012        0.007        0.007
    52    54     0.000     0.000     0.020     0.020    -0.012    -0.013        0.007        0.007
    57    58     0.000     0.000     0.000     0.000     0.000     0.000        0.000        0.000
    57    62     0.000     0.000     0.000     0.000     0.000     0.000        0.000        0.000
    57    63     0.000     0.000     0.000     0.000     0.000     0.000        0.000        0.000
    57    70     0.000     0.000     0.000     0.000     0.000     0.000        0.000        0.000
    57    71    -0.063    -0.007    -0.002    -0.005    -0.002    -0.002        0.052        0.049
    57    72    -0.089    -0.010    -0.002    -0.007    -0.003    -0.004        0.073        0.068
    57    73     0.000     0.000     0.000     0.000     0.000     0.000        0.000        0.000
    57    77     0.048     0.007    -0.001     0.002     0.003     0.005       -0.039       -0.034
    57    78    -0.038    -0.006     0.001    -0.001    -0.003    -0.004        0.031        0.027
    58    62     0.000     0.000     0.000     0.000     0.000     0.000        0.000        0.000
    58    63     0.000     0.000     0.000     0.000     0.000     0.000        0.000        0.000
    58    70     0.000     0.000     0.000     0.000     0.000     0.000        0.000        0.000
    58    71    -0.089    -0.010    -0.002    -0.007    -0.003    -0.004        0.074        0.069
    58    72     0.063     0.007     0.002     0.005     0.002     0.003       -0.052       -0.048
    58    73     0.000     0.000     0.000     0.000     0.001     0.001        0.001        0.001
    58    77    -0.038    -0.006     0.001    -0.001    -0.003    -0.004        0.031        0.027
    58    78    -0.048    -0.007     0.001    -0.002    -0.004    -0.005        0.038        0.034
    59    65     0.000     0.000     0.000     0.000     0.000     0.000        0.000        0.000
    59    69     0.000     0.000     0.000     0.000    -0.001    -0.001       -0.001       -0.001
    59    76     0.006     0.001     0.000     0.000     0.000     0.002       -0.005       -0.003
    60    64     0.000     0.000     0.000     0.000     0.000     0.000        0.000        0.000
    60    67     0.000     0.000     0.000     0.000     0.000     0.000        0.000        0.000
    60    75    -0.006    -0.001     0.000     0.000     0.000    -0.001        0.005        0.004
    60    80     0.000     0.000     0.000     0.000     0.000     0.000        0.000        0.000
    61    66     0.000     0.000     0.000     0.000     0.000     0.000        0.000        0.000
    61    68     0.000     0.000     0.000     0.000     0.000     0.000        0.000        0.000
    61    74     0.006     0.001     0.000     0.000     0.000     0.001       -0.005       -0.004
    61    79     0.000     0.000     0.000     0.000     0.000     0.000        0.000        0.000
    62    63     0.000     0.000     0.000     0.000     0.000     0.000        0.000        0.000
    62    70     0.011     0.003     0.001     0.000     0.002     0.004       -0.005       -0.004
    62    71     0.000     0.000     0.000     0.000     0.000     0.000        0.000        0.000
    62    72     0.000     0.000     0.000     0.000     0.000     0.000        0.000        0.000
    62    73     0.033     0.001     0.005     0.005    -0.003    -0.003       -0.031       -0.030
    62    77     0.000     0.000     0.000     0.000     0.000     0.000        0.000        0.000
    62    78     0.000     0.000     0.000     0.000    -0.001    -0.001        0.000       -0.001
    63    70     0.000     0.000     0.000     0.000     0.000     0.000        0.000        0.000
    63    71     0.000     0.000     0.000     0.000     0.000     0.000        0.000        0.000
    63    72     0.000     0.000     0.000     0.000     0.001     0.001        0.001        0.001
    63    73     0.000     0.000     0.000     0.000     0.000     0.000        0.000        0.000
    63    77     0.000     0.000     0.000     0.000     0.000     0.001        0.000        0.001
    63    78     0.000     0.000     0.000     0.000     0.000     0.000        0.000        0.000
    64    67     0.000     0.000     0.000     0.000     0.000     0.000        0.000        0.000
    64    75     0.000     0.000     0.000     0.000     0.000     0.000        0.000        0.000
    64    80     0.009     0.000     0.001     0.001     0.000     0.001       -0.008       -0.007
    65    69     0.000     0.000     0.000     0.000     0.000     0.000        0.000        0.000
    65    76     0.000     0.000     0.000     0.000     0.000     0.000        0.000        0.000
    66    68     0.000     0.000     0.000     0.000     0.000     0.000        0.000        0.000
    66    74     0.000     0.000     0.000     0.000     0.000     0.000        0.000        0.000
    66    79    -0.009     0.000    -0.001    -0.001     0.000    -0.001        0.008        0.007
    67    75     0.036     0.004     0.000     0.001     0.003     0.004       -0.028       -0.025
    67    80     0.000     0.000     0.000     0.000     0.000     0.000        0.000        0.000
    68    74     0.036     0.004     0.000     0.001     0.003     0.004       -0.028       -0.025
    68    79     0.000     0.000     0.000     0.000     0.000     0.000        0.000        0.000
    69    76     0.036     0.004     0.000     0.002     0.003     0.004       -0.029       -0.026
    70    71     0.000     0.000     0.000     0.000     0.000     0.000        0.000        0.000
    70    72     0.000     0.000     0.000     0.000     0.000     0.000        0.000        0.000
    70    73    -0.205    -0.066     0.002     0.013    -0.052    -0.061        0.090        0.091
    70    77     0.000     0.000     0.000     0.000     0.000     0.000        0.000        0.000
    70    78     0.000     0.000     0.000     0.000    -0.002    -0.002       -0.002       -0.002
    71    72     0.000     0.000     0.000     0.000     0.000     0.000        0.000        0.000
    71    73     0.000     0.000     0.000     0.000     0.000     0.000        0.000        0.000
    71    77    -0.063    -0.010    -0.001    -0.001    -0.008    -0.008        0.044        0.044
    71    78    -1.067    -0.177    -0.009    -0.009    -0.133    -0.137        0.748        0.745
    72    73     0.000     0.000     0.000     0.000     0.000     0.000        0.000        0.000
    72    77     1.067     0.177     0.009     0.009     0.135     0.139       -0.745       -0.742
    72    78    -0.063    -0.010    -0.001    -0.001    -0.008    -0.008        0.044        0.044
    73    77     0.000     0.000     0.000     0.000     0.000     0.000        0.000        0.000
    73    78     0.000     0.000     0.000     0.000     0.000     0.000        0.000        0.000
    74    79     0.000     0.000    -0.001    -0.001     0.002     0.002        0.002        0.002
    75    80     0.000     0.000     0.000     0.000     0.002     0.002        0.001        0.001
    77    78     0.000     0.000     0.000     0.000     0.000     0.000        0.000        0.000

-----------------------------------------------------------------
