-----------------------------------------------------------------

 OUTPUT SELF-ENERGY DIAGONAL MATRIX ELEMENTS (eV)
     n   occ        E_dft     V_xc   Sigma_x  Sigma_sx   Sigma_c   Sigma_g  Sigma-V_xc   zfac  Im[Sigma]      E_0      E_qp  
     1   1.000   -14.883   -12.729   -17.867     4.689    -1.176     1.532    -4.782     0.835     0.539   -14.883   -18.988
     2   0.000    -4.158   -11.255    -3.411     0.981    -4.551     1.346     4.639     0.866    -0.502    -4.158    -0.039
     3   0.000    -4.158   -11.255    -3.411     0.980    -4.550     1.346     4.639     0.866    -0.502    -4.158    -0.039
     4   0.000    -4.158   -11.255    -3.411     0.981    -4.551     1.346     4.639     0.866    -0.502    -4.158    -0.039
     5   0.000     1.656    -2.507    -0.496     0.233    -0.643     0.546     1.914     0.999     0.001     1.656     3.567
     6   0.000     3.692    -2.864    -0.413     0.081    -1.308     0.641     1.784     0.991    -0.160     3.692     5.446
     7   0.000     3.692    -2.864    -0.413     0.081    -1.307     0.641     1.784     0.991    -0.160     3.692     5.446
     8   0.000     3.692    -2.864    -0.413     0.081    -1.308     0.641     1.784     0.991    -0.160     3.692     5.446
     9   0.000     5.275    -1.695    -0.052     0.000    -0.375     0.417     1.685     1.012     0.011     5.275     6.976
    10   0.000     5.275    -1.695    -0.052     0.000    -0.373     0.415     1.684     1.012     0.011     5.275     6.975
    11   0.000     5.304    -1.708    -0.053     0.000    -0.380     0.423     1.699     1.012     0.010     5.304     7.019
    12   0.000     5.304    -1.708    -0.053     0.000    -0.379     0.422     1.698     1.012     0.010     5.304     7.019
    13   0.000     5.304    -1.708    -0.053     0.000    -0.379     0.421     1.698     1.012     0.010     5.304     7.019
    14   0.000     8.930    -1.160    -0.008     0.000    -0.211     0.358     1.300     1.012     0.064     8.930    10.244
    15   0.000     8.930    -1.160    -0.008     0.000    -0.211     0.358     1.300     1.012     0.064     8.930    10.244
    16   0.000     8.930    -1.160    -0.008     0.000    -0.207     0.355     1.300     1.012     0.064     8.930    10.245
    17   0.000     8.952    -1.165    -0.008     0.000    -0.210     0.354     1.301     1.012     0.065     8.952    10.268
    18   0.000     8.952    -1.165    -0.008     0.000    -0.212     0.355     1.300     1.012     0.065     8.952    10.267
    19   0.000     8.952    -1.165    -0.008     0.000    -0.212     0.355     1.301     1.012     0.065     8.952    10.268
    20   0.000     8.994    -1.173    -0.008     0.000    -0.221     0.369     1.313     1.012     0.065     8.994    10.322
    21   0.000    10.515    -3.208    -0.698     0.126    -1.119     0.688     2.079     0.973    -0.030    10.515    12.553
    22   0.000    12.817    -0.926    -0.003     0.000    -0.154     0.331     1.100     1.010     0.090    12.817    13.930
    23   0.000    12.849    -0.931    -0.002     0.000    -0.153     0.327     1.102     1.010     0.090    12.849    13.964
    24   0.000    12.849    -0.931    -0.002     0.000    -0.154     0.328     1.103     1.010     0.090    12.849    13.965
    25   0.000    12.902    -0.933    -0.002     0.000    -0.154     0.331     1.107     1.010     0.092    12.902    14.022
    26   0.000    12.902    -0.933    -0.002     0.000    -0.154     0.330     1.107     1.010     0.092    12.902    14.021
    27   0.000    12.902    -0.933    -0.002     0.000    -0.154     0.330     1.107     1.010     0.092    12.902    14.021
    28   0.000    12.931    -0.938    -0.002     0.000    -0.156     0.333     1.113     1.010     0.092    12.931    14.056
    29   0.000    12.931    -0.938    -0.002     0.000    -0.156     0.333     1.113     1.010     0.092    12.931    14.056
    30   0.000    12.931    -0.938    -0.002     0.000    -0.156     0.333     1.113     1.010     0.092    12.931    14.056
    31   0.000    12.950    -3.734    -0.440     0.053    -2.013     0.901     2.182     0.990    -0.487    12.950    15.050
    32   0.000    12.950    -3.734    -0.440     0.053    -2.013     0.901     2.182     0.990    -0.487    12.950    15.050
    33   0.000    12.950    -3.734    -0.440     0.053    -2.012     0.901     2.182     0.990    -0.487    12.950    15.050
    34   0.000    13.848    -3.024    -0.216     0.005    -0.841     0.504     2.471     1.007    -0.179    13.848    16.303
    35   0.000    13.848    -3.024    -0.216     0.005    -0.839     0.501     2.470     1.007    -0.179    13.848    16.302
    36   0.000    13.930    -3.046    -0.219     0.006    -0.853     0.509     2.482     1.009    -0.184    13.930    16.398
    37   0.000    13.930    -3.046    -0.219     0.006    -0.852     0.507     2.482     1.009    -0.183    13.930    16.398
    38   0.000    13.930    -3.046    -0.219     0.006    -0.852     0.507     2.482     1.009    -0.183    13.930    16.398
    39   0.000    17.181    -0.790    -0.001     0.000    -0.120     0.310     0.979     0.999     0.121    17.181    18.162
    40   0.000    17.181    -0.790    -0.001     0.000    -0.120     0.310     0.980     0.999     0.121    17.181    18.162
    41   0.000    17.181    -0.790    -0.001     0.000    -0.119     0.309     0.979     0.999     0.121    17.181    18.162
    42   0.000    17.251    -0.794    -0.001     0.000    -0.119     0.308     0.982     0.998     0.123    17.251    18.235
    43   0.000    17.251    -0.794    -0.001     0.000    -0.119     0.309     0.982     0.998     0.123    17.251    18.235
    44   0.000    17.251    -0.794    -0.001     0.000    -0.119     0.308     0.982     0.998     0.123    17.251    18.235
    45   0.000    17.299    -0.798    -0.001     0.000    -0.121     0.312     0.988     0.998     0.124    17.299    18.289
    46   0.000    17.299    -0.798    -0.001     0.000    -0.121     0.312     0.988     0.998     0.124    17.299    18.289
    47   0.000    17.299    -0.798    -0.001     0.000    -0.121     0.312     0.988     0.998     0.124    17.299    18.289
    48   0.000    17.312    -0.798    -0.001     0.000    -0.121     0.313     0.990     0.998     0.124    17.312    18.303
    49   0.000    17.312    -0.798    -0.001     0.000    -0.121     0.313     0.990     0.998     0.124    17.312    18.303
    50   0.000    20.152    -2.134    -0.044    -0.001    -0.587     0.634     2.136     0.977     0.087    20.152    22.284
    51   0.000    20.152    -2.134    -0.044     0.000    -0.599     0.645     2.135     0.977     0.088    20.152    22.283
    52   0.000    20.152    -2.134    -0.044     0.000    -0.599     0.645     2.135     0.977     0.088    20.152    22.283
    53   0.000    20.204    -2.144    -0.045     0.000    -0.602     0.637     2.134     0.977     0.090    20.204    22.333
    54   0.000    20.204    -2.144    -0.045    -0.001    -0.609     0.641     2.131     0.977     0.090    20.204    22.331
    55   0.000    20.204    -2.144    -0.045    -0.001    -0.609     0.642     2.131     0.977     0.090    20.204    22.331
    56   0.000    20.304    -2.155    -0.045    -0.001    -0.622     0.670     2.157     0.975     0.089    20.304    22.451
    57   0.000    21.946    -0.700    -0.001     0.000    -0.110     0.293     0.882     0.988     0.146    21.946    22.819
    58   0.000    21.946    -0.700    -0.001     0.000    -0.110     0.293     0.882     0.988     0.146    21.946    22.819
    59   0.000    22.042    -0.699     0.000     0.000    -0.109     0.291     0.881     0.988     0.148    22.042    22.914
    60   0.000    22.042    -0.699     0.000     0.000    -0.108     0.289     0.880     0.988     0.148    22.042    22.912
    61   0.000    22.042    -0.699     0.000     0.000    -0.109     0.290     0.881     0.988     0.148    22.042    22.913
    62   0.000    22.069    -0.702     0.000     0.000    -0.109     0.291     0.884     0.988     0.147    22.069    22.943
    63   0.000    22.092    -0.702     0.000     0.000    -0.109     0.289     0.882     0.988     0.148    22.092    22.965
    64   0.000    22.130    -0.704     0.000     0.000    -0.110     0.293     0.887     0.988     0.148    22.130    23.008
    65   0.000    22.130    -0.704     0.000     0.000    -0.110     0.293     0.887     0.988     0.148    22.130    23.008
    66   0.000    22.130    -0.704     0.000     0.000    -0.110     0.293     0.887     0.988     0.148    22.130    23.008
    67   0.000    22.142    -0.706     0.000     0.000    -0.110     0.293     0.888     0.988     0.148    22.142    23.020
    68   0.000    22.142    -0.706     0.000     0.000    -0.110     0.293     0.888     0.988     0.148    22.142    23.020
    69   0.000    22.142    -0.706     0.000     0.000    -0.110     0.293     0.888     0.988     0.148    22.142    23.020
    70   0.000    24.497    -3.697    -0.695    -0.113    -1.417     0.504     2.089     1.033    -0.239    24.497    26.578
    71   0.000    26.295    -3.051    -0.237     0.009    -0.998     0.587     2.404     0.995    -0.140    26.295    28.628
    72   0.000    26.295    -3.051    -0.237     0.010    -0.999     0.590     2.405     0.995    -0.141    26.295    28.628
    73   0.000    26.355    -1.717    -0.020    -0.001    -0.455     0.572     1.815     0.985     0.177    26.355    28.139
    74   0.000    26.499    -3.225    -0.264     0.010    -1.067     0.584     2.478     1.009    -0.199    26.499    28.914
    75   0.000    26.499    -3.225    -0.264     0.010    -1.067     0.584     2.478     1.009    -0.198    26.499    28.914
    76   0.000    26.499    -3.225    -0.264     0.010    -1.067     0.581     2.475     1.008    -0.201    26.499    28.910
    77   0.000    26.503    -2.556    -0.153     0.007    -0.798     0.582     2.186     0.993    -0.018    26.503    28.640
    78   0.000    26.503    -2.556    -0.153     0.006    -0.796     0.575     2.182     0.993    -0.023    26.503    28.635
    79   0.000    26.529    -1.716    -0.014     0.000    -0.452     0.561     1.812     0.985     0.175    26.529    28.310
    80   0.000    26.529    -1.716    -0.014     0.000    -0.452     0.561     1.812     0.985     0.175    26.529    28.310
-----------------------------------------------------------------


 OUTPUT SELF-ENERGY OFF-DIAGONAL MATRIX ELEMENTS (eV)
    n1    n2     V_xc    Sigma_x  Sigma_c1  Sigma_c2  Sigma_g1  Sigma_g2  Sigma-V_xc1  Sigma-V_xc2
     1     5     2.127     2.201     0.215     0.847    -0.255    -0.535        0.034        0.386
     1     9     0.000     0.000     0.000     0.000     0.000     0.000        0.000        0.000
     1    10     0.000     0.000     0.000     0.000     0.000     0.000        0.000        0.000
     1    21     2.268     2.310     0.278     0.736    -0.306    -0.152        0.013        0.626
     1    22     0.081     0.082     0.010     0.031    -0.010    -0.007        0.001        0.025
     1    23     0.000     0.000     0.000     0.000     0.000     0.000        0.000        0.000
     1    24     0.000     0.000     0.000     0.000     0.000     0.000        0.000        0.000
     1    34     0.000     0.000     0.000     0.000     0.000     0.000        0.000        0.000
     1    35     0.000     0.000     0.000     0.001     0.000     0.000        0.000        0.001
     1    57     0.000     0.000     0.000     0.000     0.000     0.000        0.000        0.000
     1    58     0.000     0.000     0.000     0.000     0.000     0.000        0.000        0.000
     1    62     0.010     0.010     0.001     0.005     0.000    -0.001        0.001        0.004
     1    63     0.000     0.000     0.000     0.000     0.000     0.000        0.000        0.000
     1    70    -1.902    -1.931    -0.314    -0.631     0.313    -0.322       -0.030       -0.982
     1    71     0.000     0.000     0.000     0.003     0.000     0.000        0.001        0.002
     1    72     0.000     0.000     0.000     0.000     0.000     0.000        0.000        0.000
     1    73    -0.179    -0.182    -0.029    -0.049     0.030    -0.036       -0.002       -0.088
     1    77     0.000     0.000     0.000     0.000     0.000     0.000        0.000        0.000
     1    78     0.000     0.000     0.000     0.002     0.000     0.000        0.000        0.002
     2     6     3.320     1.081     1.846     2.312    -0.480    -0.512       -0.874       -0.439
     2    14     0.039     0.013     0.031     0.033    -0.009    -0.009       -0.004       -0.002
     2    19     0.000     0.000     0.000     0.000     0.000     0.000        0.000        0.000
     2    31    -2.788    -0.890    -2.030    -2.426     0.523     0.568        0.392        0.040
     2    40    -0.046    -0.014    -0.038    -0.042     0.010     0.012        0.003        0.002
     2    43     0.000     0.000     0.000     0.000     0.000     0.000        0.000        0.000
     2    47    -0.028    -0.009    -0.017    -0.021     0.004     0.006        0.006        0.004
     2    51     0.044     0.013     0.046     0.037    -0.014    -0.013        0.002       -0.007
     2    55     0.000     0.000     0.000     0.000     0.000    -0.001        0.000       -0.001
     3     7     3.320     1.081     1.846     2.313    -0.481    -0.513       -0.874       -0.440
     3    16    -0.039    -0.013    -0.031    -0.033     0.009     0.009        0.004        0.002
     3    17     0.000     0.000     0.000     0.000     0.000     0.000        0.000        0.000
     3    33    -2.788    -0.890    -2.030    -2.427     0.524     0.568        0.392        0.040
     3    41     0.046     0.014     0.038     0.042    -0.010    -0.012       -0.004       -0.002
     3    44     0.000     0.000     0.000     0.000     0.000     0.000        0.000        0.000
     3    45     0.028     0.009     0.017     0.022    -0.004    -0.006       -0.006       -0.004
     3    50     0.044     0.013     0.046     0.036    -0.013    -0.012        0.002       -0.007
     3    53     0.000     0.000     0.000     0.000     0.000     0.000        0.000        0.000
     4     8    -3.320    -1.081    -1.846    -2.312     0.480     0.512        0.874        0.439
     4    15     0.039     0.013     0.031     0.033    -0.009    -0.009       -0.004       -0.002
     4    18     0.000     0.000     0.000     0.000     0.000     0.000        0.000        0.000
     4    32    -2.788    -0.890    -2.030    -2.426     0.523     0.568        0.392        0.040
     4    39     0.046     0.014     0.038     0.042    -0.010    -0.012       -0.003       -0.002
     4    42     0.000     0.000     0.000     0.000     0.000     0.000        0.000        0.000
     4    46     0.028     0.009     0.017     0.021    -0.004    -0.006       -0.006       -0.004
     4    52     0.044     0.013     0.046     0.037    -0.013    -0.013        0.002       -0.007
     4    54     0.000     0.000     0.000     0.000     0.000    -0.001        0.000       -0.001
     5     9     0.000     0.000     0.000     0.000     0.000     0.000        0.000        0.000
     5    10     0.000     0.000     0.000     0.000     0.000     0.000        0.000        0.000
     5    21    -1.967    -0.577    -0.672    -0.795     0.377     0.358        1.095        0.953
     5    22    -0.067    -0.021    -0.024    -0.030     0.012     0.013        0.035        0.029
     5    23     0.000     0.000     0.000     0.000     0.000    -0.001        0.000        0.000
     5    24     0.000     0.000     0.000     0.000     0.000     0.000        0.000        0.000
     5    34     0.000     0.000     0.000     0.000     0.000     0.000        0.000        0.000
     5    35     0.000     0.000     0.000     0.000     0.000     0.000        0.000        0.000
     5    57     0.000     0.000     0.000     0.000     0.000     0.000        0.000        0.000
     5    58     0.000     0.000     0.000     0.000     0.000     0.000        0.000        0.000
     5    62    -0.006    -0.003    -0.002    -0.003    -0.001    -0.001        0.000        0.000
     5    63     0.000     0.000     0.000     0.000     0.000     0.000        0.000        0.000
     5    70     1.210     0.534     0.585     0.540    -0.172     0.065       -0.262       -0.071
     5    71     0.000     0.000     0.000     0.000     0.001     0.001        0.001        0.001
     5    72     0.000     0.000     0.000     0.000     0.000     0.000        0.000        0.000
     5    73     0.112     0.051     0.055     0.042    -0.013     0.007       -0.019       -0.012
     5    77     0.000     0.000     0.000     0.000     0.000     0.000        0.000        0.000
     5    78     0.000     0.000     0.000     0.000    -0.001    -0.002       -0.001       -0.002
     6    14    -0.031    -0.005    -0.020    -0.019     0.008     0.008        0.015        0.014
     6    19     0.000     0.000     0.000     0.000     0.000    -0.001        0.000       -0.001
     6    31     2.370     0.399     1.412     1.530    -0.516    -0.491       -1.073       -0.931
     6    40     0.038     0.007     0.026     0.025    -0.010    -0.010       -0.015       -0.015
     6    43     0.000     0.000     0.000     0.000     0.000     0.000        0.000        0.000
     6    47     0.023     0.004     0.013     0.013    -0.003    -0.003       -0.008       -0.009
     6    51    -0.033    -0.007    -0.028    -0.022     0.010     0.009        0.009        0.014
     6    55     0.000     0.000     0.000     0.000     0.000    -0.001        0.000       -0.001
     7    16     0.031     0.005     0.020     0.019    -0.008    -0.008       -0.014       -0.014
     7    17     0.000     0.000     0.000     0.000     0.000     0.000        0.000        0.000
     7    33     2.370     0.399     1.412     1.530    -0.515    -0.492       -1.073       -0.932
     7    41    -0.038    -0.007    -0.026    -0.025     0.010     0.009        0.015        0.015
     7    44     0.000     0.000     0.000     0.000     0.000     0.000        0.000        0.000
     7    45    -0.023    -0.004    -0.013    -0.013     0.003     0.003        0.008        0.009
     7    50    -0.033    -0.007    -0.028    -0.022     0.011     0.010        0.009        0.014
     7    53     0.000     0.000     0.000     0.000     0.000     0.000        0.000        0.000
     8    15     0.031     0.005     0.020     0.019    -0.008    -0.008       -0.014       -0.014
     8    18     0.000     0.000     0.000     0.000     0.000     0.000        0.000        0.000
     8    32    -2.370    -0.399    -1.412    -1.530     0.516     0.492        1.073        0.931
     8    39     0.038     0.007     0.026     0.025    -0.010    -0.010       -0.015       -0.016
     8    42     0.000     0.000     0.000     0.000     0.000     0.000        0.000        0.000
     8    46     0.023     0.004     0.013     0.013    -0.002    -0.003       -0.008       -0.008
     8    52     0.033     0.007     0.028     0.022    -0.010    -0.010       -0.009       -0.014
     8    54     0.000     0.000     0.000     0.000     0.001     0.001        0.001        0.001
     9    10     0.000     0.000     0.000     0.000    -0.001    -0.001       -0.001       -0.001
     9    21     0.000     0.000     0.000     0.000     0.000     0.000        0.000        0.000
     9    22     0.000     0.000     0.000     0.000     0.000     0.000        0.000        0.000
     9    23    -0.033    -0.002    -0.011    -0.009     0.006     0.003        0.026        0.025
     9    24     0.060     0.004     0.019     0.016    -0.011    -0.007       -0.047       -0.046
     9    34    -1.352    -0.100    -0.457    -0.405     0.270     0.178        1.066        1.025
     9    35     0.259     0.019     0.087     0.077    -0.051    -0.033       -0.204       -0.196
     9    57    -0.021    -0.003    -0.011    -0.006     0.004     0.003        0.011        0.015
     9    58     0.029     0.004     0.015     0.009    -0.005    -0.004       -0.015       -0.020
     9    62     0.000     0.000     0.000     0.000     0.000     0.000        0.000        0.000
     9    63     0.000     0.000     0.000     0.000     0.000     0.000        0.000        0.000
     9    70     0.000     0.000     0.000     0.000     0.000     0.000        0.000        0.000
     9    71     0.158     0.030     0.096     0.080    -0.011    -0.014       -0.042       -0.061
     9    72    -0.458    -0.088    -0.277    -0.232     0.029     0.039        0.121        0.177
     9    73     0.000     0.000     0.000     0.000    -0.001    -0.001        0.000       -0.001
     9    77     0.364     0.070     0.222     0.190    -0.023    -0.031       -0.095       -0.135
     9    78     0.102     0.020     0.062     0.053    -0.006    -0.009       -0.027       -0.038
    10    21     0.000     0.000     0.000     0.000     0.000     0.000        0.000        0.000
    10    22     0.000     0.000     0.000     0.000     0.000     0.000        0.000        0.000
    10    23    -0.060    -0.004    -0.019    -0.017     0.011     0.006        0.047        0.046
    10    24    -0.033    -0.002    -0.011    -0.009     0.006     0.004        0.026        0.025
    10    34     0.259     0.019     0.088     0.078    -0.052    -0.034       -0.204       -0.196
    10    35     1.352     0.100     0.455     0.403    -0.267    -0.175       -1.064       -1.024
    10    57     0.029     0.004     0.015     0.009    -0.005    -0.004       -0.015       -0.020
    10    58     0.021     0.003     0.011     0.006    -0.004    -0.003       -0.011       -0.014
    10    62     0.000     0.000     0.000     0.000     0.000     0.000        0.000        0.000
    10    63     0.000     0.000     0.000     0.000     0.000     0.000        0.000        0.000
    10    70     0.000     0.000     0.000     0.000     0.000     0.000        0.000        0.000
    10    71     0.458     0.088     0.278     0.232    -0.030    -0.040       -0.122       -0.178
    10    72     0.158     0.030     0.096     0.080    -0.010    -0.014       -0.042       -0.061
    10    73     0.000     0.000     0.000     0.001    -0.001    -0.002       -0.001       -0.002
    10    77    -0.102    -0.020    -0.062    -0.053     0.006     0.009        0.027        0.038
    10    78     0.364     0.070     0.221     0.189    -0.023    -0.031       -0.096       -0.136
    11    25     0.000     0.000     0.000     0.000     0.000     0.000        0.000        0.000
    11    30    -0.045    -0.003    -0.015    -0.013     0.013     0.009        0.039        0.038
    11    36    -1.385    -0.103    -0.471    -0.418     0.280     0.183        1.090        1.047
    11    59    -0.002     0.000    -0.002    -0.001     0.002     0.001        0.002        0.002
    11    65     0.000     0.000     0.000     0.000     0.000     0.000        0.000        0.000
    11    69    -0.013    -0.002    -0.006    -0.003     0.001     0.000        0.005        0.007
    11    76     0.511     0.099     0.312     0.266    -0.033    -0.047       -0.134       -0.194
    12    27     0.000     0.000     0.000     0.000     0.000     0.000        0.000        0.000
    12    29     0.045     0.003     0.015     0.013    -0.012    -0.009       -0.038       -0.037
    12    37     1.385     0.103     0.469     0.417    -0.277    -0.182       -1.089       -1.047
    12    61     0.002     0.000     0.001     0.001    -0.001     0.000       -0.001       -0.001
    12    66     0.000     0.000     0.000     0.000     0.000     0.000        0.000        0.000
    12    68     0.013     0.002     0.006     0.003    -0.001     0.000       -0.005       -0.007
    12    74    -0.511    -0.099    -0.312    -0.266     0.033     0.045        0.133        0.192
    12    79     0.000     0.000     0.000     0.000    -0.001    -0.001       -0.001       -0.001
    13    26     0.000     0.000     0.000     0.000     0.000     0.000        0.000        0.000
    13    28    -0.045    -0.003    -0.015    -0.013     0.012     0.009        0.039        0.037
    13    38     1.385     0.103     0.470     0.417    -0.278    -0.182       -1.090       -1.047
    13    60     0.002     0.000     0.002     0.001    -0.001    -0.001       -0.002       -0.002
    13    64     0.000     0.000     0.000     0.000     0.000     0.000        0.000        0.000
    13    67    -0.013    -0.002    -0.006    -0.003     0.000     0.000        0.005        0.007
    13    75     0.511     0.099     0.312     0.265    -0.032    -0.044       -0.133       -0.191
    13    80     0.000     0.000     0.000     0.000     0.001     0.001        0.001        0.001
    14    19     0.000     0.000    -0.003    -0.003     0.002     0.002       -0.001       -0.001
    14    31     0.024     0.005     0.019     0.020    -0.005    -0.004       -0.005       -0.003
    14    40     0.030     0.001     0.009     0.009    -0.008    -0.007       -0.029       -0.027
    14    43     0.000     0.000     0.001     0.001    -0.001     0.000        0.000        0.000
    14    47    -0.013     0.000    -0.004    -0.004     0.006     0.005        0.015        0.014
    14    51    -0.850    -0.018    -0.238    -0.223     0.247     0.161        0.841        0.770
    14    55     0.000     0.000    -0.006    -0.003     0.004     0.001       -0.002       -0.002
    15    18     0.000     0.000     0.003     0.003    -0.002    -0.002        0.001        0.001
    15    32     0.024     0.005     0.019     0.020    -0.005    -0.004       -0.005       -0.003
    15    39    -0.030    -0.001    -0.009    -0.009     0.008     0.007        0.029        0.027
    15    42     0.000     0.000    -0.001    -0.001     0.001     0.000        0.000        0.000
    15    46     0.013     0.000     0.004     0.004    -0.006    -0.005       -0.015       -0.014
    15    52    -0.850    -0.018    -0.238    -0.223     0.247     0.161        0.841        0.770
    15    54     0.000     0.000    -0.006    -0.003     0.004     0.001       -0.002       -0.002
    16    17     0.000     0.000     0.000     0.000     0.000     0.000        0.000        0.000
    16    33    -0.024    -0.005    -0.019    -0.020     0.005     0.004        0.005        0.003
    16    41     0.030     0.001     0.008     0.008    -0.007    -0.006       -0.029       -0.027
    16    44     0.000     0.000     0.000     0.000     0.000     0.000        0.000        0.000
    16    45    -0.013     0.000    -0.004    -0.004     0.006     0.005        0.015        0.014
    16    50     0.850     0.018     0.230     0.218    -0.240    -0.156       -0.843       -0.770
    16    53     0.000     0.000     0.000     0.000     0.000     0.000        0.000        0.000
    17    33     0.000     0.000     0.000     0.000     0.000     0.000        0.000        0.000
    17    41     0.000     0.000     0.000     0.000     0.000     0.000        0.000        0.000
    17    44     0.002     0.000     0.001     0.001    -0.001    -0.001       -0.002       -0.002
    17    45     0.000     0.000     0.000     0.000     0.000     0.000        0.000        0.000
    17    50     0.000     0.000     0.000     0.000     0.000     0.000        0.000        0.000
    17    53     0.853     0.018     0.238     0.223    -0.244    -0.158       -0.841       -0.770
    18    32     0.000     0.000     0.000     0.000    -0.001    -0.001        0.000       -0.001
    18    39     0.000     0.000     0.001     0.001    -0.001     0.000        0.000        0.000
    18    42     0.002     0.000     0.002     0.001    -0.003    -0.002       -0.003       -0.002
    18    46     0.000     0.000     0.000     0.000     0.000     0.000        0.000        0.000
    18    52     0.000     0.000     0.006     0.003    -0.004    -0.002        0.002        0.002
    18    54     0.853     0.018     0.243     0.226    -0.247    -0.159       -0.839       -0.769
    19    31     0.000     0.000     0.000     0.000     0.000     0.000        0.000        0.000
    19    40     0.000     0.000     0.001     0.001    -0.001    -0.001        0.000        0.000
    19    43     0.002     0.000     0.002     0.001    -0.002    -0.001       -0.003       -0.002
    19    47     0.000     0.000     0.000     0.000     0.000     0.000        0.000        0.000
    19    51     0.000     0.000    -0.006    -0.003     0.004     0.002       -0.002       -0.002
    19    55    -0.853    -0.018    -0.243    -0.225     0.246     0.159        0.839        0.768
    20    48     0.000     0.000     0.000     0.000     0.000     0.000        0.000        0.000
    20    49     0.000     0.000     0.000     0.000     0.000     0.000        0.000        0.000
    20    56    -0.856    -0.018    -0.254    -0.233     0.260     0.168        0.845        0.774
    21    22    -0.091    -0.026    -0.038    -0.040     0.016     0.015        0.043        0.041
    21    23     0.000     0.000     0.000     0.000     0.000     0.000        0.000        0.000
    21    24     0.000     0.000     0.000     0.000     0.000     0.000        0.000        0.000
    21    34     0.000     0.000     0.000     0.000     0.000     0.000        0.000        0.000
    21    35     0.000     0.000     0.000     0.000     0.000     0.000        0.000        0.000
    21    57     0.000     0.000     0.000     0.000     0.000     0.000        0.000        0.000
    21    58     0.000     0.000     0.000     0.000     0.000     0.000        0.000        0.000
    21    62    -0.012    -0.003    -0.006    -0.007     0.005     0.005        0.008        0.006
    21    63     0.000     0.000     0.000     0.000     0.000     0.000        0.000        0.000
    21    70     2.479     0.676     1.139     1.020    -0.558    -0.286       -1.223       -1.070
    21    71     0.000     0.000     0.000     0.000     0.001     0.001        0.001        0.000
    21    72     0.000     0.000     0.000     0.000     0.000     0.000        0.000        0.000
    21    73     0.214     0.065     0.106     0.079    -0.046    -0.016       -0.089       -0.087
    21    77     0.000     0.000     0.000     0.000     0.000     0.000        0.000        0.000
    21    78     0.000     0.000     0.000     0.000     0.000    -0.001        0.000       -0.001
    22    23     0.000     0.000     0.000     0.000     0.000     0.000        0.000        0.000
    22    24     0.000     0.000     0.000     0.000     0.000     0.000        0.000        0.000
    22    34     0.000     0.000     0.000     0.000     0.000     0.000        0.000        0.000
    22    35     0.000     0.000     0.000     0.000     0.000     0.000        0.000        0.000
    22    57     0.000     0.000     0.000     0.000     0.000     0.000        0.000        0.000
    22    58     0.000     0.000     0.000     0.000     0.000     0.000        0.000        0.000
    22    62    -0.029     0.000    -0.008    -0.007     0.011     0.008        0.033        0.030
    22    63     0.000     0.000     0.000     0.000     0.000     0.000        0.000        0.000
    22    70     0.038     0.025     0.030     0.028     0.000     0.005        0.017        0.020
    22    71     0.000     0.000     0.000     0.000     0.000     0.000        0.000        0.000
    22    72     0.000     0.000     0.000     0.000     0.000     0.000        0.000        0.000
    22    73     0.629     0.007     0.177     0.158    -0.244    -0.140       -0.690       -0.605
    22    77     0.000     0.000     0.000     0.000     0.000     0.000        0.000        0.000
    22    78     0.000     0.000     0.000     0.000     0.000     0.001        0.000        0.001
    23    24     0.000     0.000     0.000     0.000     0.000     0.000        0.000        0.000
    23    34    -0.029    -0.003    -0.009    -0.010     0.003     0.003        0.019        0.019
    23    35     0.090     0.009     0.029     0.030    -0.007    -0.007       -0.059       -0.058
    23    57     0.010     0.000     0.002     0.002    -0.002    -0.001       -0.009       -0.008
    23    58     0.020     0.001     0.005     0.004    -0.004    -0.002       -0.019       -0.018
    23    62     0.000     0.000     0.000     0.000     0.000     0.000        0.000        0.000
    23    63     0.000     0.000     0.000     0.000     0.000     0.000        0.000        0.000
    23    70     0.000     0.000     0.000     0.000    -0.001    -0.001       -0.001       -0.001
    23    71     0.461     0.013     0.134     0.125    -0.156    -0.096       -0.470       -0.419
    23    72    -0.079    -0.002    -0.023    -0.022     0.027     0.017        0.081        0.073
    23    73     0.000     0.000     0.000     0.000     0.000     0.000        0.000        0.000
    23    77    -0.097     0.001    -0.026    -0.023     0.043     0.024        0.115        0.100
    23    78    -0.417     0.004    -0.111    -0.096     0.178     0.096        0.487        0.421
    24    34     0.090     0.009     0.029     0.030    -0.007    -0.007       -0.059       -0.058
    24    35     0.029     0.003     0.009     0.010    -0.002    -0.002       -0.019       -0.019
    24    57     0.020     0.001     0.005     0.004    -0.004    -0.002       -0.019       -0.018
    24    58    -0.010     0.000    -0.002    -0.002     0.002     0.001        0.009        0.008
    24    62     0.000     0.000     0.000     0.000    -0.001    -0.001       -0.001       -0.001
    24    63     0.000     0.000     0.000     0.000     0.000     0.000        0.000        0.000
    24    70     0.000     0.000     0.000     0.000     0.000     0.000        0.000        0.000
    24    71     0.079     0.002     0.023     0.022    -0.027    -0.016       -0.081       -0.072
    24    72     0.461     0.013     0.135     0.126    -0.158    -0.098       -0.471       -0.421
    24    73     0.000     0.000     0.000     0.000     0.000     0.000        0.000        0.000
    24    77     0.417    -0.004     0.112     0.096    -0.181    -0.101       -0.490       -0.425
    24    78    -0.097     0.001    -0.026    -0.022     0.041     0.022        0.114        0.098
    25    30     0.000     0.000     0.000     0.000     0.000     0.000        0.000        0.000
    25    36     0.000     0.000     0.000     0.000     0.000     0.000        0.000        0.000
    25    59     0.000     0.000     0.000     0.000     0.000     0.000        0.000        0.000
    25    65     0.008     0.000     0.002     0.002    -0.004    -0.004       -0.009       -0.009
    25    69     0.000     0.000     0.000     0.000     0.000     0.000        0.000        0.000
    25    76     0.000     0.000     0.000     0.000     0.000     0.000        0.000        0.000
    26    28     0.000     0.000     0.000     0.000     0.000     0.000        0.000        0.000
    26    38     0.000     0.000     0.000     0.000     0.000     0.000        0.000        0.000
    26    60     0.000     0.000     0.000     0.000     0.000     0.000        0.000        0.000
    26    64    -0.008     0.000    -0.002    -0.002     0.004     0.004        0.009        0.009
    26    67     0.000     0.000     0.000     0.000     0.000     0.000        0.000        0.000
    26    75     0.000     0.000     0.000     0.000     0.000    -0.001        0.000       -0.001
    26    80     0.629     0.005     0.176     0.158    -0.243    -0.140       -0.691       -0.606
    27    29     0.000     0.000     0.000     0.000     0.000     0.000        0.000        0.000
    27    37     0.000     0.000     0.000     0.000     0.000     0.000        0.000        0.000
    27    61     0.000     0.000     0.000     0.000     0.000     0.000        0.000        0.000
    27    66    -0.008     0.000    -0.002    -0.002     0.004     0.004        0.009        0.009
    27    68     0.000     0.000     0.000     0.000     0.000     0.000        0.000        0.000
    27    74     0.000     0.000     0.000     0.000     0.000     0.001        0.000        0.001
    27    79    -0.629    -0.005    -0.176    -0.158     0.243     0.140        0.691        0.606
    28    38     0.062     0.006     0.019     0.020    -0.004    -0.004       -0.041       -0.040
    28    60    -0.001     0.000    -0.001    -0.001     0.002     0.001        0.002        0.002
    28    64     0.000     0.000     0.000     0.000     0.000     0.000        0.000        0.000
    28    67    -0.001     0.000    -0.001    -0.001     0.001     0.001        0.001        0.001
    28    75     0.408     0.009     0.118     0.110    -0.144    -0.089       -0.425       -0.377
    28    80     0.000     0.000     0.000     0.000     0.000     0.000        0.000        0.000
    29    37    -0.062    -0.006    -0.019    -0.020     0.005     0.005        0.041        0.040
    29    61     0.001     0.000     0.000     0.000    -0.001     0.000       -0.002       -0.001
    29    66     0.000     0.000     0.000     0.000     0.000     0.000        0.000        0.000
    29    68    -0.001     0.000     0.000     0.000     0.000     0.000        0.001        0.001
    29    74     0.408     0.009     0.118     0.110    -0.144    -0.089       -0.424       -0.377
    29    79     0.000     0.000     0.000     0.000     0.000     0.000        0.000        0.000
    30    36    -0.062    -0.006    -0.019    -0.020     0.005     0.005        0.042        0.041
    30    59     0.001     0.000     0.000     0.000    -0.001     0.000       -0.002       -0.001
    30    65     0.000     0.000     0.000     0.000     0.000     0.000        0.000        0.000
    30    69    -0.001     0.000     0.000     0.000     0.001     0.001        0.001        0.001
    30    76     0.408     0.009     0.118     0.110    -0.143    -0.088       -0.423       -0.376
    31    40    -0.058    -0.008    -0.036    -0.035     0.013     0.012        0.026        0.027
    31    43     0.000     0.000     0.000     0.000     0.000     0.000        0.000        0.000
    31    47    -0.035    -0.005    -0.022    -0.021     0.009     0.008        0.017        0.018
    31    51     0.041     0.007     0.032     0.028    -0.011    -0.008       -0.013       -0.015
    31    55     0.000     0.000     0.000     0.000     0.000     0.001        0.000        0.001
    32    39     0.058     0.008     0.036     0.035    -0.012    -0.012       -0.026       -0.026
    32    42     0.000     0.000     0.000     0.000     0.000    -0.001        0.000       -0.001
    32    46     0.035     0.005     0.022     0.021    -0.009    -0.009       -0.018       -0.018
    32    52     0.041     0.007     0.032     0.028    -0.011    -0.008       -0.013       -0.015
    32    54     0.000     0.000     0.000     0.000     0.000     0.000        0.000        0.000
    33    41     0.058     0.008     0.036     0.035    -0.012    -0.011       -0.026       -0.026
    33    44     0.000     0.000     0.000     0.000     0.000     0.000        0.000        0.000
    33    45     0.035     0.005     0.022     0.021    -0.009    -0.009       -0.018       -0.018
    33    50     0.041     0.007     0.033     0.028    -0.012    -0.009       -0.013       -0.015
    33    53     0.000     0.000     0.000     0.000     0.000     0.000        0.000        0.000
    34    35     0.000     0.000     0.000     0.000     0.001     0.001        0.000        0.000
    34    57    -0.078    -0.008    -0.027    -0.023     0.009     0.007        0.053        0.054
    34    58     0.074     0.008     0.026     0.022    -0.009    -0.007       -0.050       -0.052
    34    62     0.000     0.000     0.000     0.000     0.000     0.000        0.000        0.000
    34    63     0.000     0.000     0.000     0.000     0.000     0.000        0.000        0.000
    34    70     0.000     0.000     0.000     0.000     0.000     0.000        0.000        0.000
    34    71     0.252     0.030     0.094     0.097    -0.030    -0.034       -0.157       -0.158
    34    72    -1.755    -0.211    -0.658    -0.678     0.206     0.237        1.091        1.103
    34    73     0.000     0.000     0.000     0.000     0.000     0.000        0.000        0.000
    34    77     1.427     0.168     0.534     0.552    -0.181    -0.208       -0.906       -0.915
    34    78     0.119     0.014     0.045     0.046    -0.015    -0.018       -0.076       -0.077
    35    57    -0.074    -0.008    -0.026    -0.022     0.009     0.007        0.050        0.051
    35    58    -0.078    -0.008    -0.027    -0.023     0.009     0.007        0.052        0.054
    35    62     0.000     0.000     0.000     0.000     0.000     0.001        0.000        0.001
    35    63     0.000     0.000     0.000     0.000     0.000     0.000        0.000        0.000
    35    70     0.000     0.000     0.000     0.000    -0.001     0.000       -0.001        0.000
    35    71    -1.755    -0.211    -0.659    -0.677     0.208     0.238        1.093        1.104
    35    72    -0.252    -0.030    -0.094    -0.097     0.030     0.034        0.157        0.158
    35    73     0.000     0.000     0.000    -0.001     0.001     0.002        0.001        0.001
    35    77     0.119     0.014     0.045     0.046    -0.015    -0.017       -0.076       -0.076
    35    78    -1.427    -0.168    -0.533    -0.551     0.181     0.207        0.907        0.916
    36    59    -0.007    -0.001    -0.003    -0.002     0.001     0.001        0.005        0.005
    36    65     0.000     0.000     0.000     0.000     0.000     0.000        0.000        0.000
    36    69    -0.038    -0.004    -0.014    -0.012     0.006     0.005        0.026        0.027
    36    76     1.887     0.227     0.713     0.734    -0.225    -0.265       -1.173       -1.192
    37    61    -0.007    -0.001    -0.002    -0.002     0.000     0.001        0.004        0.005
    37    66     0.000     0.000     0.000     0.000     0.000     0.000        0.000        0.000
    37    68    -0.038    -0.004    -0.014    -0.012     0.006     0.005        0.026        0.027
    37    74     1.887     0.227     0.713     0.733    -0.226    -0.264       -1.174       -1.191
    37    79     0.000     0.000     0.000     0.000     0.001     0.001        0.001        0.001
    38    60    -0.007    -0.001    -0.002    -0.002     0.000     0.000        0.004        0.004
    38    64     0.000     0.000     0.000     0.000     0.000     0.000        0.000        0.000
    38    67     0.038     0.004     0.014     0.012    -0.007    -0.005       -0.027       -0.027
    38    75    -1.887    -0.227    -0.713    -0.733     0.227     0.265        1.174        1.192
    38    80     0.000     0.000     0.000     0.000    -0.001    -0.001       -0.001       -0.001
    39    42     0.000     0.000     0.000     0.000     0.001     0.001        0.000        0.000
    39    46     0.000     0.000     0.000     0.000     0.001     0.001        0.000        0.000
    39    52    -0.036    -0.001    -0.015    -0.015     0.008     0.010        0.027        0.030
    39    54     0.000     0.000    -0.002    -0.001     0.002     0.002        0.000        0.000
    40    43     0.000     0.000     0.000     0.000     0.000     0.000        0.000        0.000
    40    47     0.000     0.000     0.000     0.000     0.000     0.000        0.000        0.000
    40    51     0.036     0.001     0.015     0.015    -0.008    -0.010       -0.027       -0.030
    40    55     0.000     0.000     0.002     0.001    -0.001    -0.001        0.000        0.000
    41    44     0.000     0.000     0.000     0.000     0.000     0.000        0.000        0.000
    41    45     0.000     0.000     0.000     0.000     0.001     0.001        0.000        0.000
    41    50    -0.036    -0.001    -0.013    -0.014     0.006     0.009        0.028        0.030
    41    53     0.000     0.000     0.000     0.000     0.000     0.000        0.000        0.000
    42    46     0.000     0.000     0.000     0.000     0.000     0.000        0.000        0.000
    42    52     0.000     0.000    -0.002    -0.002     0.001     0.001       -0.001       -0.001
    42    54    -0.002     0.000    -0.002    -0.002     0.000     0.000        0.001        0.001
    43    47     0.000     0.000     0.000     0.000     0.000     0.000        0.000        0.000
    43    51     0.000     0.000     0.002     0.002    -0.001    -0.001        0.001        0.001
    43    55     0.002     0.000     0.002     0.002     0.000    -0.001       -0.001       -0.001
    44    45     0.000     0.000     0.000     0.000     0.000     0.000        0.000        0.000
    44    50     0.000     0.000     0.000     0.000     0.000     0.000        0.000        0.000
    44    53    -0.002     0.000     0.000     0.000    -0.002    -0.002        0.000        0.000
    45    50     0.016     0.000     0.006     0.006    -0.003    -0.004       -0.013       -0.014
    45    53     0.000     0.000     0.000     0.000     0.000     0.001        0.000        0.000
    46    52     0.016     0.000     0.006     0.006    -0.003    -0.004       -0.013       -0.014
    46    54     0.000     0.000     0.000     0.000    -0.001    -0.001       -0.001       -0.001
    47    51    -0.016     0.000    -0.006    -0.006     0.003     0.004        0.013        0.014
    47    55     0.000     0.000     0.000     0.000     0.000     0.001        0.001        0.001
    48    49     0.000     0.000     0.000     0.000     0.000     0.000        0.000        0.000
    48    56     0.000     0.000     0.000     0.000     0.000     0.000        0.000        0.000
    49    56     0.000     0.000     0.000     0.000     0.000     0.001        0.000        0.000
    50    53     0.000     0.000     0.000     0.000     0.000     0.000        0.000        0.000
    51    55     0.000     0.000    -0.008    -0.008     0.005     0.005       -0.003       -0.003
    52    54     0.000     0.000    -0.008    -0.008     0.005     0.005       -0.003       -0.003
    57    58     0.000     0.000     0.000     0.000     0.000     0.000        0.000        0.000
    57    62     0.000     0.000     0.000     0.000     0.000     0.000        0.000        0.000
    57    63     0.000     0.000     0.000     0.000     0.000     0.000        0.000        0.000
    57    70     0.000     0.000     0.000     0.000     0.000     0.000        0.000        0.000
    57    71    -0.063    -0.007    -0.021    -0.025     0.007     0.007        0.042        0.038
    57    72    -0.089    -0.010    -0.030    -0.035     0.010     0.009        0.059        0.053
    57    73     0.000     0.000     0.000     0.000     0.000     0.000        0.000        0.000
    57    77     0.048     0.007     0.016     0.019    -0.001     0.000       -0.026       -0.022
    57    78    -0.038    -0.006    -0.013    -0.015     0.001     0.000        0.021        0.018
    58    62     0.000     0.000     0.000     0.000     0.000     0.000        0.000        0.000
    58    63     0.000     0.000     0.000     0.000     0.000     0.000        0.000        0.000
    58    70     0.000     0.000     0.000     0.000     0.000     0.000        0.000        0.000
    58    71    -0.089    -0.010    -0.030    -0.035     0.010     0.009        0.059        0.054
    58    72     0.063     0.007     0.021     0.025    -0.007    -0.006       -0.041       -0.038
    58    73     0.000     0.000     0.000     0.000     0.000     0.000        0.000        0.000
    58    77    -0.038    -0.006    -0.013    -0.015     0.001     0.000        0.021        0.017
    58    78    -0.048    -0.007    -0.016    -0.019     0.002     0.001        0.027        0.022
    59    65     0.000     0.000     0.000     0.000     0.000     0.000        0.000        0.000
    59    69     0.000     0.000     0.000     0.000     0.000     0.000        0.000        0.000
    59    76     0.006     0.001     0.002     0.002    -0.001     0.001       -0.004       -0.002
    60    64     0.000     0.000     0.000     0.000     0.000     0.000        0.000        0.000
    60    67     0.000     0.000     0.000     0.000    -0.001    -0.001       -0.001       -0.001
    60    75    -0.006    -0.001    -0.003    -0.003     0.003     0.002        0.005        0.004
    60    80     0.000     0.000     0.000     0.000     0.000     0.000        0.000        0.000
    61    66     0.000     0.000     0.000     0.000     0.000     0.000        0.000        0.000
    61    68     0.000     0.000     0.000     0.000     0.000     0.000        0.000        0.000
    61    74     0.006     0.001     0.002     0.002    -0.002    -0.001       -0.005       -0.003
    61    79     0.000     0.000     0.000     0.000     0.000     0.000        0.000        0.000
    62    63     0.000     0.000     0.000     0.000    -0.001    -0.001        0.000        0.000
    62    70     0.011     0.003     0.006     0.005     0.000     0.002       -0.002       -0.001
    62    71     0.000     0.000     0.000     0.000     0.000     0.000        0.000        0.000
    62    72     0.000     0.000     0.000     0.000     0.000     0.000        0.000        0.000
    62    73     0.033     0.001     0.011     0.012    -0.009    -0.009       -0.030       -0.029
    62    77     0.000     0.000     0.000     0.000    -0.001    -0.001       -0.001       -0.001
    62    78     0.000     0.000     0.000     0.000    -0.001    -0.001       -0.001       -0.001
    63    70     0.000     0.000     0.000     0.000     0.000     0.000        0.000        0.000
    63    71     0.000     0.000     0.000     0.000     0.000     0.000        0.000        0.000
    63    72     0.000     0.000     0.000     0.000     0.001     0.001        0.001        0.001
    63    73     0.000     0.000     0.000     0.000     0.000     0.000        0.000        0.000
    63    77     0.000     0.000     0.000     0.000     0.001     0.001        0.001        0.001
    63    78     0.000     0.000     0.000     0.000     0.000     0.000        0.000        0.000
    64    67     0.000     0.000     0.000     0.000     0.000     0.000        0.000        0.000
    64    75     0.000     0.000     0.000     0.000     0.000     0.000        0.000        0.000
    64    80     0.009     0.000     0.003     0.003    -0.002     0.000       -0.007       -0.006
    65    69     0.000     0.000     0.000     0.000     0.000     0.000        0.000        0.000
    65    76     0.000     0.000     0.000     0.000     0.000     0.000        0.000        0.000
    66    68     0.000     0.000     0.000     0.000     0.000     0.000        0.000        0.000
    66    74     0.000     0.000     0.000     0.000     0.000     0.000        0.000        0.000
    66    79    -0.009     0.000    -0.003    -0.003     0.002     0.000        0.007        0.006
    67    75     0.036     0.004     0.012     0.013    -0.001     0.000       -0.021       -0.018
    67    80     0.000     0.000     0.000     0.000     0.000     0.000        0.000        0.000
    68    74     0.036     0.004     0.012     0.014    -0.002    -0.001       -0.021       -0.018
    68    79     0.000     0.000     0.000     0.000     0.000     0.000        0.000        0.000
    69    76     0.036     0.004     0.012     0.014    -0.002    -0.001       -0.022       -0.019
    70    71     0.000     0.000     0.000     0.000     0.000     0.000        0.000        0.000
    70    72     0.000     0.000     0.000     0.000     0.000     0.000        0.000        0.000
    70    73    -0.205    -0.066    -0.101    -0.090    -0.002    -0.011        0.036        0.038
    70    77     0.000     0.000     0.000     0.000     0.000     0.000        0.000        0.000
    70    78     0.000     0.000     0.000     0.000    -0.001    -0.001       -0.001       -0.001
    71    72     0.000     0.000     0.000     0.000     0.000     0.000        0.000        0.000
    71    73     0.000     0.000     0.000     0.000     0.000     0.000        0.000        0.000
    71    77    -0.063    -0.010    -0.026    -0.026     0.001     0.001        0.028        0.028
    71    78    -1.067    -0.177    -0.437    -0.437     0.021     0.017        0.474        0.470
    72    73     0.000     0.000     0.000     0.000     0.000     0.000        0.000        0.000
    72    77     1.067     0.177     0.438     0.438    -0.018    -0.014       -0.470       -0.466
    72    78    -0.063    -0.010    -0.026    -0.026     0.001     0.001        0.028        0.028
    73    77     0.000     0.000     0.000     0.000     0.000     0.000        0.000        0.000
    73    78     0.000     0.000     0.000     0.000    -0.001    -0.001       -0.001       -0.001
    74    79     0.000     0.000     0.000     0.000     0.001     0.001        0.001        0.001
    75    80     0.000     0.000     0.000     0.000     0.001     0.001        0.001        0.001
    77    78     0.000     0.000     0.000     0.000     0.000     0.000        0.000        0.000

-----------------------------------------------------------------
