   0.472359       -1.10502       0.226200       0.331961    
   0.382096      -0.985968       0.183540       0.365611    
   0.382096      -0.985978       0.183547       0.365607    
   0.382096      -0.985898       0.183489       0.365641    
   0.227895      -0.726793       0.115155       0.264800    
   0.227895      -0.726793       0.115162       0.264810    
   0.227895      -0.726793       0.115161       0.264809    
   0.143097      -0.547714       0.835726E-01   0.203111    
   0.143097      -0.547396       0.833174E-01   0.203134    
   0.143097      -0.547677       0.835430E-01   0.203113    
   0.141056      -0.543716       0.821578E-01   0.198091    
   0.929608E-01  -0.426699       0.707392E-01   0.159767    
   0.929608E-01  -0.426756       0.707632E-01   0.159741    
   0.929608E-01  -0.426693       0.707328E-01   0.159767    
   0.929608E-01  -0.426793       0.708095E-01   0.159731    
   0.929608E-01  -0.426786       0.708067E-01   0.159734    
   0.929608E-01  -0.426743       0.707541E-01   0.159743    
   0.630239E-01  -0.347993       0.688702E-01   0.132685    
   0.630239E-01  -0.348014       0.688808E-01   0.132658    
   0.630239E-01  -0.348011       0.688793E-01   0.132659    
   0.443760E-01  -0.293528       0.715879E-01   0.114912    
   0.443760E-01  -0.293529       0.715944E-01   0.114916    
   0.443760E-01  -0.293522       0.715393E-01   0.114886    
   0.441526E-01  -0.294265       0.709959E-01   0.116683    
   0.441526E-01  -0.294776       0.716109E-01   0.116756    
   0.441526E-01  -0.294716       0.715393E-01   0.116745    
   0.319987E-01  -0.254009       0.762176E-01   0.103783    
   0.319987E-01  -0.254010       0.762198E-01   0.103785    
   0.319987E-01  -0.254010       0.762019E-01   0.103780    
   0.319805E-01  -0.254110       0.756134E-01   0.104173    
   0.319805E-01  -0.254094       0.755844E-01   0.104166    
   0.319805E-01  -0.254218       0.756736E-01   0.104139    
   0.319805E-01  -0.254314       0.758777E-01   0.104089    
   0.319805E-01  -0.254189       0.756374E-01   0.104134    
   0.319805E-01  -0.254301       0.758704E-01   0.104091    
   0.236381E-01  -0.223457       0.802842E-01   0.959652E-01
   0.236381E-01  -0.223513       0.803491E-01   0.958681E-01
   0.236381E-01  -0.223503       0.803397E-01   0.958678E-01
   0.178096E-01  -0.198823       0.844744E-01   0.893704E-01
   0.178096E-01  -0.198720       0.841762E-01   0.892595E-01
   0.178096E-01  -0.198818       0.844699E-01   0.893710E-01
   0.178096E-01  -0.198742       0.841981E-01   0.891866E-01
   0.178096E-01  -0.198727       0.842060E-01   0.892716E-01
   0.178096E-01  -0.198754       0.842324E-01   0.891982E-01
   0.177951E-01  -0.199287       0.851330E-01   0.907631E-01
   0.136257E-01  -0.178812       0.878239E-01   0.858596E-01
   0.136257E-01  -0.178769       0.877110E-01   0.857592E-01
   0.136257E-01  -0.178811       0.878244E-01   0.858608E-01
   0.136257E-01  -0.178772       0.877234E-01   0.857649E-01
   0.136257E-01  -0.178777       0.877066E-01   0.857503E-01
   0.136257E-01  -0.178780       0.877183E-01   0.857547E-01
   0.136092E-01  -0.179628       0.885315E-01   0.872509E-01
   0.136092E-01  -0.179065       0.874215E-01   0.869802E-01
   0.136092E-01  -0.179562       0.884021E-01   0.872139E-01
   0.105693E-01  -0.161764       0.896356E-01   0.827516E-01
   0.105693E-01  -0.161893       0.900841E-01   0.826569E-01
   0.105693E-01  -0.161912       0.901080E-01   0.826621E-01
   0.105693E-01  -0.161803       0.897174E-01   0.827758E-01
   0.105693E-01  -0.161645       0.895175E-01   0.827714E-01
   0.105693E-01  -0.161625       0.894596E-01   0.827523E-01
   0.831724E-02  -0.146596       0.909657E-01   0.786299E-01
   0.831723E-02  -0.146781       0.917162E-01   0.789098E-01
   0.831723E-02  -0.146760       0.916290E-01   0.788765E-01
   0.831297E-02  -0.147189       0.920080E-01   0.806576E-01
   0.831297E-02  -0.147188       0.920079E-01   0.806571E-01
   0.831297E-02  -0.147199       0.920181E-01   0.807077E-01
   0.830984E-02  -0.146874       0.909516E-01   0.796439E-01
   0.830984E-02  -0.146889       0.909800E-01   0.796519E-01
   0.830984E-02  -0.146798       0.907853E-01   0.798318E-01
   0.660779E-02  -0.134047       0.922260E-01   0.774604E-01
   0.660779E-02  -0.134141       0.926423E-01   0.775916E-01
   0.660779E-02  -0.134130       0.925931E-01   0.775719E-01
   0.660639E-02  -0.133876       0.917171E-01   0.765954E-01
   0.660639E-02  -0.133795       0.913992E-01   0.767847E-01
   0.660639E-02  -0.133859       0.916396E-01   0.765655E-01
   0.660639E-02  -0.133929       0.919965E-01   0.770403E-01
   0.660639E-02  -0.133793       0.913665E-01   0.767701E-01
   0.660639E-02  -0.133944       0.920413E-01   0.770556E-01
   0.530162E-02  -0.122626       0.918463E-01   0.750993E-01
   0.530162E-02  -0.122599       0.917436E-01   0.751743E-01
   0.530162E-02  -0.122620       0.918171E-01   0.750872E-01
   0.530162E-02  -0.122664       0.920043E-01   0.754366E-01
   0.530162E-02  -0.122598       0.917293E-01   0.751673E-01
   0.530162E-02  -0.122669       0.920193E-01   0.754417E-01
   0.429240E-02  -0.112977       0.927268E-01   0.748078E-01
   0.429240E-02  -0.112998       0.928235E-01   0.748261E-01
   0.429239E-02  -0.112995       0.928116E-01   0.748208E-01
   0.429122E-02  -0.113274       0.937289E-01   0.750353E-01
   0.429122E-02  -0.113331       0.939179E-01   0.751084E-01
   0.429122E-02  -0.112843       0.922981E-01   0.745432E-01
   0.350359E-02  -0.103478       0.905405E-01   0.708346E-01
   0.350359E-02  -0.103617       0.913381E-01   0.712839E-01
   0.350359E-02  -0.103462       0.904570E-01   0.707997E-01
   0.350359E-02  -0.103744       0.919787E-01   0.715636E-01
   0.350359E-02  -0.103586       0.911653E-01   0.712101E-01
   0.350359E-02  -0.103729       0.918893E-01   0.715248E-01
   0.350271E-02  -0.103770       0.910952E-01   0.722207E-01
   0.350271E-02  -0.103770       0.910940E-01   0.722197E-01
   0.350271E-02  -0.103798       0.911529E-01   0.724329E-01
   0.350192E-02  -0.103853       0.913337E-01   0.722671E-01
   0.350192E-02  -0.103956       0.919303E-01   0.721652E-01
   0.350192E-02  -0.103978       0.919864E-01   0.721866E-01
   0.350192E-02  -0.103891       0.914697E-01   0.723215E-01
   0.350192E-02  -0.103694       0.909168E-01   0.721585E-01
   0.350192E-02  -0.103711       0.909968E-01   0.721914E-01
   0.287946E-02  -0.956296E-01   0.898423E-01   0.700332E-01
   0.287946E-02  -0.957145E-01   0.903780E-01   0.702803E-01
   0.287946E-02  -0.956217E-01   0.898010E-01   0.700154E-01
   0.287946E-02  -0.957837E-01   0.907134E-01   0.704996E-01
   0.287946E-02  -0.956968E-01   0.902749E-01   0.702348E-01
   0.287946E-02  -0.957739E-01   0.906515E-01   0.704719E-01
   0.287852E-02  -0.956796E-01   0.897580E-01   0.700389E-01
   0.287852E-02  -0.956971E-01   0.898162E-01   0.700625E-01
   0.287852E-02  -0.955842E-01   0.894049E-01   0.702293E-01
   0.238208E-02  -0.888368E-01   0.900090E-01   0.703383E-01
   0.238193E-02  -0.883075E-01   0.878511E-01   0.681634E-01
   0.238193E-02  -0.884057E-01   0.885123E-01   0.679191E-01
   0.238193E-02  -0.883934E-01   0.884168E-01   0.678760E-01
   0.238193E-02  -0.883133E-01   0.878500E-01   0.681613E-01
   0.238193E-02  -0.884047E-01   0.885897E-01   0.685317E-01
   0.238193E-02  -0.884229E-01   0.886842E-01   0.685728E-01
   0.198290E-02  -0.821150E-01   0.877313E-01   0.679426E-01
   0.198290E-02  -0.821448E-01   0.879476E-01   0.680067E-01
   0.198290E-02  -0.821139E-01   0.877297E-01   0.679418E-01
   0.198290E-02  -0.821627E-01   0.879882E-01   0.681210E-01
   0.198290E-02  -0.821398E-01   0.879196E-01   0.679935E-01
   0.198290E-02  -0.821588E-01   0.879618E-01   0.681085E-01
   0.198270E-02  -0.818270E-01   0.863481E-01   0.666471E-01
   0.198270E-02  -0.818648E-01   0.866170E-01   0.665243E-01
   0.198270E-02  -0.818611E-01   0.865799E-01   0.665068E-01
   0.198270E-02  -0.818305E-01   0.863507E-01   0.666472E-01
   0.198270E-02  -0.818788E-01   0.866991E-01   0.670415E-01
   0.198270E-02  -0.818860E-01   0.867387E-01   0.670591E-01
   0.166007E-02  -0.759184E-01   0.851109E-01   0.649484E-01
   0.166007E-02  -0.762067E-01   0.872564E-01   0.659598E-01
   0.166007E-02  -0.761732E-01   0.870073E-01   0.658415E-01
   0.139657E-02  -0.707196E-01   0.838654E-01   0.642076E-01
   0.139657E-02  -0.709019E-01   0.853114E-01   0.648682E-01
   0.139657E-02  -0.708803E-01   0.851420E-01   0.647856E-01
   0.139651E-02  -0.706664E-01   0.838183E-01   0.639264E-01
   0.139651E-02  -0.706154E-01   0.834108E-01   0.633761E-01
   0.139651E-02  -0.705954E-01   0.832575E-01   0.633020E-01
   0.139651E-02  -0.708209E-01   0.849951E-01   0.645144E-01
   0.139651E-02  -0.708186E-01   0.849607E-01   0.644968E-01
   0.139651E-02  -0.706441E-01   0.836307E-01   0.638348E-01
   0.139634E-02  -0.706880E-01   0.833162E-01   0.639582E-01
   0.139634E-02  -0.706880E-01   0.833150E-01   0.639572E-01
   0.139634E-02  -0.707175E-01   0.834321E-01   0.643476E-01
   0.139544E-02  -0.712756E-01   0.872079E-01   0.662407E-01
   0.139544E-02  -0.713173E-01   0.874359E-01   0.663492E-01
   0.139544E-02  -0.709613E-01   0.854818E-01   0.654760E-01
   0.118052E-02  -0.658715E-01   0.820976E-01   0.627438E-01
   0.118052E-02  -0.658319E-01   0.817472E-01   0.623935E-01
   0.118052E-02  -0.658214E-01   0.816645E-01   0.623525E-01
   0.118052E-02  -0.659627E-01   0.827721E-01   0.632063E-01
   0.118052E-02  -0.659598E-01   0.827381E-01   0.631888E-01
   0.118052E-02  -0.658581E-01   0.819809E-01   0.626854E-01
   0.118046E-02  -0.661493E-01   0.833469E-01   0.641995E-01
   0.118046E-02  -0.661549E-01   0.833318E-01   0.642331E-01
   0.118046E-02  -0.661490E-01   0.833506E-01   0.642012E-01
   0.117998E-02  -0.661264E-01   0.835992E-01   0.638150E-01
   0.117998E-02  -0.661928E-01   0.842139E-01   0.637763E-01
   0.117998E-02  -0.662120E-01   0.843059E-01   0.638209E-01
   0.117998E-02  -0.661567E-01   0.837759E-01   0.639012E-01
   0.117998E-02  -0.659944E-01   0.829938E-01   0.635704E-01
   0.117998E-02  -0.659833E-01   0.829092E-01   0.635287E-01
   0.100241E-02  -0.616912E-01   0.816773E-01   0.625655E-01
   0.100241E-02  -0.616214E-01   0.810716E-01   0.623075E-01
   0.100241E-02  -0.616826E-01   0.816049E-01   0.625285E-01
   0.100209E-02  -0.616047E-01   0.811467E-01   0.618008E-01
   0.100209E-02  -0.614947E-01   0.804965E-01   0.618037E-01
   0.100209E-02  -0.615890E-01   0.810585E-01   0.617570E-01
   0.854684E-03  -0.575468E-01   0.789383E-01   0.607111E-01
   0.854684E-03  -0.575491E-01   0.789621E-01   0.607237E-01
   0.854684E-03  -0.575184E-01   0.788063E-01   0.604532E-01
   0.854684E-03  -0.574953E-01   0.785817E-01   0.603133E-01
   0.854684E-03  -0.575141E-01   0.787710E-01   0.604345E-01
   0.854684E-03  -0.574975E-01   0.785932E-01   0.603194E-01
   0.854532E-03  -0.574972E-01   0.790995E-01   0.605506E-01
   0.854532E-03  -0.575196E-01   0.791622E-01   0.599606E-01
   0.854532E-03  -0.574535E-01   0.784295E-01   0.601667E-01
   0.854532E-03  -0.574825E-01   0.789758E-01   0.604869E-01
   0.854532E-03  -0.574437E-01   0.783822E-01   0.601431E-01
   0.854532E-03  -0.575244E-01   0.792386E-01   0.600006E-01
   0.731681E-03  -0.539573E-01   0.790234E-01   0.598769E-01
   0.731681E-03  -0.538677E-01   0.781612E-01   0.594134E-01
   0.731681E-03  -0.538986E-01   0.784794E-01   0.595826E-01
   0.731681E-03  -0.539778E-01   0.792422E-01   0.599934E-01
   0.731681E-03  -0.537048E-01   0.764646E-01   0.584274E-01
   0.731681E-03  -0.537151E-01   0.765641E-01   0.584801E-01
   0.731480E-03  -0.537718E-01   0.766985E-01   0.590005E-01
   0.731480E-03  -0.537653E-01   0.766408E-01   0.589702E-01
   0.731480E-03  -0.537793E-01   0.767193E-01   0.584910E-01
   0.731480E-03  -0.537511E-01   0.763870E-01   0.586045E-01
   0.731480E-03  -0.537451E-01   0.763557E-01   0.585885E-01
   0.731480E-03  -0.537798E-01   0.767457E-01   0.585053E-01
   0.628548E-03  -0.505716E-01   0.767705E-01   0.585955E-01
   0.628548E-03  -0.505161E-01   0.762402E-01   0.582608E-01
   0.628548E-03  -0.505862E-01   0.769323E-01   0.586835E-01
   0.628548E-03  -0.505367E-01   0.764613E-01   0.583808E-01
   0.628548E-03  -0.504045E-01   0.750032E-01   0.575771E-01
   0.628548E-03  -0.504105E-01   0.750624E-01   0.576091E-01
   0.628487E-03  -0.506404E-01   0.764814E-01   0.589779E-01
   0.628487E-03  -0.506422E-01   0.764956E-01   0.589857E-01
   0.628487E-03  -0.506283E-01   0.763809E-01   0.589424E-01
   0.541775E-03  -0.474593E-01   0.740058E-01   0.572319E-01
   0.541775E-03  -0.474470E-01   0.740044E-01   0.571035E-01
   0.541775E-03  -0.474474E-01   0.739988E-01   0.571005E-01
   0.541770E-03  -0.474132E-01   0.745001E-01   0.570900E-01
   0.541770E-03  -0.472895E-01   0.730526E-01   0.562725E-01
   0.541770E-03  -0.474089E-01   0.744663E-01   0.570718E-01
   0.541770E-03  -0.472905E-01   0.731218E-01   0.558297E-01
   0.541770E-03  -0.472994E-01   0.731855E-01   0.563463E-01
   0.541770E-03  -0.473046E-01   0.732886E-01   0.559217E-01
   0.541736E-03  -0.473102E-01   0.728922E-01   0.564042E-01
   0.541736E-03  -0.472952E-01   0.727835E-01   0.559792E-01
   0.541736E-03  -0.472941E-01   0.727795E-01   0.559773E-01
   0.468554E-03  -0.446350E-01   0.728641E-01   0.561860E-01
   0.468554E-03  -0.446159E-01   0.727194E-01   0.560306E-01
   0.468554E-03  -0.446421E-01   0.729495E-01   0.562342E-01
   0.468553E-03  -0.446246E-01   0.728180E-01   0.560862E-01
   0.468553E-03  -0.445644E-01   0.720861E-01   0.557139E-01
   0.468553E-03  -0.445661E-01   0.720994E-01   0.557213E-01
   0.468527E-03  -0.445420E-01   0.721902E-01   0.556728E-01
   0.468527E-03  -0.444655E-01   0.713107E-01   0.550460E-01
   0.468527E-03  -0.445402E-01   0.721794E-01   0.556670E-01
   0.468527E-03  -0.444605E-01   0.712785E-01   0.547433E-01
   0.468527E-03  -0.444716E-01   0.713954E-01   0.550940E-01
   0.468527E-03  -0.444684E-01   0.713741E-01   0.547971E-01
   0.468295E-03  -0.446901E-01   0.741662E-01   0.569815E-01
   0.468295E-03  -0.449119E-01   0.760944E-01   0.580196E-01
   0.468295E-03  -0.448860E-01   0.758697E-01   0.578940E-01
   0.406267E-03  -0.420083E-01   0.716956E-01   0.553327E-01
   0.406267E-03  -0.420024E-01   0.716250E-01   0.552924E-01
   0.406267E-03  -0.421568E-01   0.730786E-01   0.558418E-01
   0.406267E-03  -0.421272E-01   0.726445E-01   0.558385E-01
   0.406267E-03  -0.421074E-01   0.724629E-01   0.557352E-01
   0.406267E-03  -0.421429E-01   0.729675E-01   0.557787E-01
   0.353621E-03  -0.396306E-01   0.707452E-01   0.543345E-01
   0.353621E-03  -0.396541E-01   0.710662E-01   0.545215E-01
   0.353621E-03  -0.394518E-01   0.683016E-01   0.529142E-01
   0.353567E-03  -0.396623E-01   0.697924E-01   0.542537E-01
   0.353566E-03  -0.395080E-01   0.684003E-01   0.532131E-01
   0.353566E-03  -0.395083E-01   0.684076E-01   0.532175E-01
   0.353566E-03  -0.394783E-01   0.681290E-01   0.528426E-01
   0.353566E-03  -0.394713E-01   0.680387E-01   0.527098E-01
   0.353566E-03  -0.394805E-01   0.681572E-01   0.528592E-01
   0.353566E-03  -0.394733E-01   0.680595E-01   0.527220E-01
   0.353463E-03  -0.395431E-01   0.693071E-01   0.537545E-01
   0.353463E-03  -0.396291E-01   0.700869E-01   0.539726E-01
   0.353463E-03  -0.396176E-01   0.699851E-01   0.539137E-01
   0.308459E-03  -0.373911E-01   0.687077E-01   0.530842E-01
   0.308459E-03  -0.374078E-01   0.689452E-01   0.532250E-01
   0.308459E-03  -0.372652E-01   0.669105E-01   0.520465E-01
   0.308452E-03  -0.373877E-01   0.688312E-01   0.531344E-01
   0.308452E-03  -0.372943E-01   0.675506E-01   0.523686E-01
   0.308452E-03  -0.373955E-01   0.689535E-01   0.532071E-01
   0.308452E-03  -0.372222E-01   0.665258E-01   0.515493E-01
   0.308452E-03  -0.373129E-01   0.678206E-01   0.525286E-01
   0.308452E-03  -0.372330E-01   0.666735E-01   0.516366E-01
   0.308429E-03  -0.373908E-01   0.678353E-01   0.528389E-01
   0.308429E-03  -0.373881E-01   0.678787E-01   0.528100E-01
   0.308429E-03  -0.373929E-01   0.678628E-01   0.528552E-01
   0.308429E-03  -0.373738E-01   0.676830E-01   0.527239E-01
   0.308429E-03  -0.373902E-01   0.678984E-01   0.528217E-01
   0.308429E-03  -0.373737E-01   0.676752E-01   0.527193E-01
   0.308360E-03  -0.373207E-01   0.677824E-01   0.526627E-01
   0.308360E-03  -0.373203E-01   0.674638E-01   0.524495E-01
   0.308360E-03  -0.373118E-01   0.676660E-01   0.525940E-01
   0.308360E-03  -0.373622E-01   0.681523E-01   0.524123E-01
   0.308360E-03  -0.373113E-01   0.673833E-01   0.524023E-01
   0.308360E-03  -0.373622E-01   0.681883E-01   0.524338E-01
   0.269760E-03  -0.353035E-01   0.666746E-01   0.517930E-01
   0.269760E-03  -0.352424E-01   0.658438E-01   0.512339E-01
   0.269760E-03  -0.353096E-01   0.667724E-01   0.518521E-01
   0.269760E-03  -0.351892E-01   0.650446E-01   0.506334E-01
   0.269760E-03  -0.352552E-01   0.660346E-01   0.513488E-01
   0.269760E-03  -0.351959E-01   0.651375E-01   0.506892E-01
   0.269698E-03  -0.352278E-01   0.655946E-01   0.512277E-01
   0.269698E-03  -0.352236E-01   0.655370E-01   0.511932E-01
   0.269698E-03  -0.352324E-01   0.654812E-01   0.509950E-01
   0.269698E-03  -0.352517E-01   0.658153E-01   0.509675E-01
   0.269698E-03  -0.352266E-01   0.654282E-01   0.509634E-01
   0.269698E-03  -0.352502E-01   0.658199E-01   0.509705E-01
   0.236505E-03  -0.334142E-01   0.651030E-01   0.507815E-01
   0.236505E-03  -0.334226E-01   0.652287E-01   0.508583E-01
   0.236505E-03  -0.333527E-01   0.641638E-01   0.502464E-01
   0.236491E-03  -0.333457E-01   0.638263E-01   0.500832E-01
   0.236491E-03  -0.333320E-01   0.637647E-01   0.498727E-01
   0.236491E-03  -0.333325E-01   0.637624E-01   0.498714E-01
   0.207831E-03  -0.316081E-01   0.630117E-01   0.494202E-01
   0.207831E-03  -0.315835E-01   0.627227E-01   0.491436E-01
   0.207831E-03  -0.316117E-01   0.630720E-01   0.494577E-01
   0.207831E-03  -0.315549E-01   0.622517E-01   0.488265E-01
   0.207831E-03  -0.315893E-01   0.628109E-01   0.491984E-01
   0.207831E-03  -0.315571E-01   0.622796E-01   0.488438E-01
   0.207812E-03  -0.315932E-01   0.632350E-01   0.495213E-01
   0.207812E-03  -0.315321E-01   0.621358E-01   0.488270E-01
   0.207812E-03  -0.315482E-01   0.624717E-01   0.486283E-01
   0.207812E-03  -0.315883E-01   0.631651E-01   0.494782E-01
   0.207812E-03  -0.315341E-01   0.621925E-01   0.488623E-01
   0.207812E-03  -0.315552E-01   0.625983E-01   0.487067E-01
   0.207804E-03  -0.315350E-01   0.620631E-01   0.488418E-01
   0.207804E-03  -0.315349E-01   0.620384E-01   0.485515E-01
   0.207804E-03  -0.315332E-01   0.620259E-01   0.485439E-01
   0.183037E-03  -0.300116E-01   0.618115E-01   0.486855E-01
   0.183037E-03  -0.300096E-01   0.618355E-01   0.486846E-01
   0.183037E-03  -0.300097E-01   0.618319E-01   0.486823E-01
   0.183030E-03  -0.299284E-01   0.612367E-01   0.482071E-01
   0.183030E-03  -0.298891E-01   0.605409E-01   0.476748E-01
   0.183030E-03  -0.299257E-01   0.611976E-01   0.481826E-01
   0.183030E-03  -0.298966E-01   0.607119E-01   0.475264E-01
   0.183030E-03  -0.298904E-01   0.605769E-01   0.476976E-01
   0.183030E-03  -0.299006E-01   0.607870E-01   0.475736E-01
   0.161572E-03  -0.284922E-01   0.615984E-01   0.482999E-01
   0.161572E-03  -0.284567E-01   0.610009E-01   0.479171E-01
   0.161572E-03  -0.285045E-01   0.618205E-01   0.484414E-01
   0.161572E-03  -0.284731E-01   0.612920E-01   0.481026E-01
   0.161572E-03  -0.283614E-01   0.592903E-01   0.467900E-01
   0.161572E-03  -0.283655E-01   0.593593E-01   0.468339E-01
   0.161554E-03  -0.284714E-01   0.604116E-01   0.476563E-01
   0.161554E-03  -0.284742E-01   0.604547E-01   0.476838E-01
   0.161554E-03  -0.284514E-01   0.600963E-01   0.474805E-01
   0.161501E-03  -0.286276E-01   0.632892E-01   0.494974E-01
   0.161501E-03  -0.285070E-01   0.617652E-01   0.485495E-01
   0.161501E-03  -0.286135E-01   0.631118E-01   0.493847E-01
   0.142890E-03  -0.270522E-01   0.597108E-01   0.470673E-01
   0.142890E-03  -0.270280E-01   0.593078E-01   0.467898E-01
   0.142890E-03  -0.270614E-01   0.598819E-01   0.471778E-01
   0.142890E-03  -0.270399E-01   0.595245E-01   0.469297E-01
   0.142890E-03  -0.269576E-01   0.580005E-01   0.459384E-01
   0.142890E-03  -0.269603E-01   0.580460E-01   0.459678E-01
   0.142877E-03  -0.270158E-01   0.584723E-01   0.463532E-01
   0.142877E-03  -0.270172E-01   0.584967E-01   0.463690E-01
   0.142877E-03  -0.270099E-01   0.584802E-01   0.462769E-01
   0.142877E-03  -0.270000E-01   0.582992E-01   0.461683E-01
   0.142877E-03  -0.270115E-01   0.584987E-01   0.462889E-01
   0.142877E-03  -0.270002E-01   0.582934E-01   0.461645E-01
   0.142872E-03  -0.269652E-01   0.579122E-01   0.459632E-01
   0.142872E-03  -0.269646E-01   0.579048E-01   0.459584E-01
   0.142872E-03  -0.269480E-01   0.576568E-01   0.456388E-01
   0.142872E-03  -0.269480E-01   0.576691E-01   0.455614E-01
   0.142872E-03  -0.269485E-01   0.576692E-01   0.456469E-01
   0.142872E-03  -0.269491E-01   0.576890E-01   0.455743E-01
   0.142840E-03  -0.271334E-01   0.608673E-01   0.477609E-01
   0.142840E-03  -0.271199E-01   0.605861E-01   0.477090E-01
   0.142840E-03  -0.270468E-01   0.597271E-01   0.471733E-01
   0.142840E-03  -0.270442E-01   0.596812E-01   0.471438E-01
   0.142840E-03  -0.271087E-01   0.604399E-01   0.476149E-01
   0.142840E-03  -0.271248E-01   0.607671E-01   0.476964E-01
   0.126611E-03  -0.257014E-01   0.579930E-01   0.459237E-01
   0.126611E-03  -0.256423E-01   0.568719E-01   0.451853E-01
   0.126611E-03  -0.256217E-01   0.565055E-01   0.447232E-01
   0.126611E-03  -0.257027E-01   0.580254E-01   0.459451E-01
   0.126611E-03  -0.256504E-01   0.570337E-01   0.452911E-01
   0.126611E-03  -0.256285E-01   0.566349E-01   0.448077E-01
   0.126579E-03  -0.257458E-01   0.584755E-01   0.461829E-01
   0.126579E-03  -0.256903E-01   0.577722E-01   0.458467E-01
   0.126579E-03  -0.257387E-01   0.583866E-01   0.461249E-01
   0.112400E-03  -0.244694E-01   0.564052E-01   0.448609E-01
   0.112400E-03  -0.244587E-01   0.562478E-01   0.447278E-01
   0.112400E-03  -0.244745E-01   0.565048E-01   0.449269E-01
   0.112400E-03  -0.244649E-01   0.563637E-01   0.448045E-01
   0.112400E-03  -0.244206E-01   0.554995E-01   0.442509E-01
   0.112400E-03  -0.244216E-01   0.555158E-01   0.442617E-01
   0.112399E-03  -0.244472E-01   0.561965E-01   0.447196E-01
   0.112399E-03  -0.244069E-01   0.554424E-01   0.441766E-01
   0.112399E-03  -0.243901E-01   0.551272E-01   0.438233E-01
   0.112399E-03  -0.244485E-01   0.562274E-01   0.447402E-01
   0.112399E-03  -0.244126E-01   0.555577E-01   0.442529E-01
   0.112399E-03  -0.243945E-01   0.552117E-01   0.438792E-01
   0.112378E-03  -0.244471E-01   0.563332E-01   0.448497E-01
   0.112378E-03  -0.244829E-01   0.568003E-01   0.449048E-01
   0.112378E-03  -0.244615E-01   0.563181E-01   0.448273E-01
   0.112378E-03  -0.244427E-01   0.562523E-01   0.447963E-01
   0.112378E-03  -0.244554E-01   0.562384E-01   0.447748E-01
   0.112378E-03  -0.244812E-01   0.568015E-01   0.449057E-01
   0.999549E-04  -0.232560E-01   0.538859E-01   0.431764E-01
   0.999549E-04  -0.232467E-01   0.537992E-01   0.429767E-01
   0.999549E-04  -0.232469E-01   0.538000E-01   0.429772E-01
   0.999530E-04  -0.233214E-01   0.548597E-01   0.438531E-01
   0.999530E-04  -0.233219E-01   0.548666E-01   0.438577E-01
   0.999530E-04  -0.233176E-01   0.548110E-01   0.438266E-01
   0.999450E-04  -0.232949E-01   0.548781E-01   0.436360E-01
   0.999450E-04  -0.232714E-01   0.545762E-01   0.436452E-01
   0.999450E-04  -0.232845E-01   0.546353E-01   0.435996E-01
   0.999450E-04  -0.232693E-01   0.545350E-01   0.436176E-01
   0.999450E-04  -0.232804E-01   0.545817E-01   0.435638E-01
   0.999450E-04  -0.232929E-01   0.548658E-01   0.436278E-01
   0.890471E-04  -0.221937E-01   0.531130E-01   0.426151E-01
   0.890471E-04  -0.221646E-01   0.525903E-01   0.421314E-01
   0.890471E-04  -0.221754E-01   0.528090E-01   0.423349E-01
   0.890471E-04  -0.221948E-01   0.531375E-01   0.426317E-01
   0.890471E-04  -0.221781E-01   0.528636E-01   0.423719E-01
   0.890471E-04  -0.221663E-01   0.526205E-01   0.421518E-01
   0.890431E-04  -0.222188E-01   0.532516E-01   0.427379E-01
   0.890431E-04  -0.222158E-01   0.532778E-01   0.427193E-01
   0.890431E-04  -0.222159E-01   0.532724E-01   0.427156E-01
   0.794665E-04  -0.212246E-01   0.531375E-01   0.425898E-01
   0.794665E-04  -0.212344E-01   0.533477E-01   0.427336E-01
   0.794665E-04  -0.211499E-01   0.515368E-01   0.414954E-01
   0.794548E-04  -0.212075E-01   0.521993E-01   0.419832E-01
   0.794548E-04  -0.212095E-01   0.522406E-01   0.420115E-01
   0.794548E-04  -0.212071E-01   0.522355E-01   0.419832E-01
   0.794548E-04  -0.212049E-01   0.521955E-01   0.419557E-01
   0.794548E-04  -0.211901E-01   0.518924E-01   0.417677E-01
   0.794548E-04  -0.211902E-01   0.518911E-01   0.417668E-01
   0.794529E-04  -0.211852E-01   0.522357E-01   0.420068E-01
   0.794529E-04  -0.211775E-01   0.519946E-01   0.416042E-01
   0.794529E-04  -0.211642E-01   0.516551E-01   0.416028E-01
   0.794529E-04  -0.211820E-01   0.521730E-01   0.419640E-01
   0.794529E-04  -0.211634E-01   0.516593E-01   0.416057E-01
   0.794529E-04  -0.211799E-01   0.520614E-01   0.416499E-01
   0.794505E-04  -0.211674E-01   0.516775E-01   0.414857E-01
   0.794505E-04  -0.211607E-01   0.516191E-01   0.415912E-01
   0.794505E-04  -0.211658E-01   0.516608E-01   0.414743E-01
   0.710166E-04  -0.202680E-01   0.517376E-01   0.416339E-01
   0.710166E-04  -0.202443E-01   0.512482E-01   0.412936E-01
   0.710166E-04  -0.201979E-01   0.502338E-01   0.405227E-01
   0.710166E-04  -0.202361E-01   0.510669E-01   0.411682E-01
   0.710166E-04  -0.202726E-01   0.518415E-01   0.417058E-01
   0.710166E-04  -0.202016E-01   0.503112E-01   0.405762E-01
   0.710163E-04  -0.202654E-01   0.516091E-01   0.415394E-01
   0.710163E-04  -0.202728E-01   0.517700E-01   0.416507E-01
   0.710163E-04  -0.202093E-01   0.503885E-01   0.407038E-01
   0.710072E-04  -0.202232E-01   0.506825E-01   0.409280E-01
   0.710072E-04  -0.202174E-01   0.505109E-01   0.406127E-01
   0.710072E-04  -0.202098E-01   0.503102E-01   0.406224E-01
   0.710072E-04  -0.202213E-01   0.506442E-01   0.409016E-01
   0.710071E-04  -0.202091E-01   0.503116E-01   0.406235E-01
   0.710071E-04  -0.202186E-01   0.505507E-01   0.406402E-01
   0.635605E-04  -0.193652E-01   0.502019E-01   0.405734E-01
   0.635605E-04  -0.193487E-01   0.498739E-01   0.403290E-01
   0.635605E-04  -0.193132E-01   0.490856E-01   0.397367E-01
   0.635605E-04  -0.193426E-01   0.497391E-01   0.402348E-01
   0.635605E-04  -0.193688E-01   0.502843E-01   0.406310E-01
   0.635605E-04  -0.193157E-01   0.491381E-01   0.397733E-01
   0.635541E-04  -0.193371E-01   0.492735E-01   0.399434E-01
   0.635541E-04  -0.193320E-01   0.492448E-01   0.398576E-01
   0.635541E-04  -0.193377E-01   0.492859E-01   0.399521E-01
   0.635541E-04  -0.193265E-01   0.491321E-01   0.397705E-01
   0.635541E-04  -0.193269E-01   0.491321E-01   0.397705E-01
   0.635541E-04  -0.193311E-01   0.492323E-01   0.398489E-01
   0.569686E-04  -0.185290E-01   0.489525E-01   0.396984E-01
   0.569686E-04  -0.184932E-01   0.481660E-01   0.391565E-01
   0.569686E-04  -0.185248E-01   0.488603E-01   0.396333E-01
   0.569655E-04  -0.184800E-01   0.479143E-01   0.388515E-01
   0.569655E-04  -0.184843E-01   0.480093E-01   0.390523E-01
   0.569655E-04  -0.184782E-01   0.478631E-01   0.388676E-01
   0.569655E-04  -0.184779E-01   0.478628E-01   0.388674E-01
   0.569655E-04  -0.184837E-01   0.479982E-01   0.390445E-01
   0.569655E-04  -0.184802E-01   0.479252E-01   0.388592E-01
   0.569648E-04  -0.185979E-01   0.504035E-01   0.407470E-01
   0.569648E-04  -0.185399E-01   0.495011E-01   0.401186E-01
   0.569648E-04  -0.185911E-01   0.502986E-01   0.406731E-01
   0.569604E-04  -0.185320E-01   0.486271E-01   0.395041E-01
   0.511340E-04  -0.176977E-01   0.470047E-01   0.383347E-01
   0.511340E-04  -0.176932E-01   0.469264E-01   0.381433E-01
   0.511340E-04  -0.177221E-01   0.475850E-01   0.387509E-01
   0.511340E-04  -0.176952E-01   0.469402E-01   0.382887E-01
   0.511340E-04  -0.176963E-01   0.470008E-01   0.381963E-01
   0.511340E-04  -0.177215E-01   0.475751E-01   0.387439E-01
   0.511323E-04  -0.177193E-01   0.473644E-01   0.385658E-01
   0.511323E-04  -0.176986E-01   0.468978E-01   0.382221E-01
   0.511323E-04  -0.176998E-01   0.469188E-01   0.382370E-01
   0.511323E-04  -0.177270E-01   0.474904E-01   0.386811E-01
   0.511323E-04  -0.177292E-01   0.475413E-01   0.387174E-01
   0.511323E-04  -0.177160E-01   0.472926E-01   0.385146E-01
   0.511316E-04  -0.177818E-01   0.486898E-01   0.394985E-01
   0.511316E-04  -0.177766E-01   0.485562E-01   0.394514E-01
   0.511316E-04  -0.177379E-01   0.480022E-01   0.390635E-01
   0.511316E-04  -0.177369E-01   0.479805E-01   0.390480E-01
   0.511316E-04  -0.177711E-01   0.484700E-01   0.393900E-01
   0.511316E-04  -0.177773E-01   0.486253E-01   0.394526E-01
   0.511263E-04  -0.177348E-01   0.474058E-01   0.386249E-01
   0.511263E-04  -0.177306E-01   0.473231E-01   0.385734E-01
   0.511263E-04  -0.177352E-01   0.473803E-01   0.386185E-01
   0.511263E-04  -0.177306E-01   0.473275E-01   0.385765E-01
   0.511263E-04  -0.177347E-01   0.473701E-01   0.386113E-01
   0.511263E-04  -0.177342E-01   0.474000E-01   0.386208E-01
   0.459565E-04  -0.169556E-01   0.458419E-01   0.374936E-01
   0.459565E-04  -0.169514E-01   0.457603E-01   0.373432E-01
   0.459565E-04  -0.169728E-01   0.462360E-01   0.377985E-01
   0.459565E-04  -0.169535E-01   0.458096E-01   0.373787E-01
   0.459565E-04  -0.169538E-01   0.457961E-01   0.374606E-01
   0.459565E-04  -0.169725E-01   0.462326E-01   0.377961E-01
   0.459564E-04  -0.170144E-01   0.470281E-01   0.383338E-01
   0.459563E-04  -0.170106E-01   0.469729E-01   0.382942E-01
   0.459563E-04  -0.169838E-01   0.465808E-01   0.380571E-01
   0.413579E-04  -0.163035E-01   0.457333E-01   0.373676E-01
   0.413579E-04  -0.162946E-01   0.454997E-01   0.372866E-01
   0.413579E-04  -0.162912E-01   0.454490E-01   0.372499E-01
   0.413579E-04  -0.163019E-01   0.457213E-01   0.373590E-01
   0.413579E-04  -0.162808E-01   0.453982E-01   0.372173E-01
   0.413579E-04  -0.162790E-01   0.453594E-01   0.371893E-01
   0.413542E-04  -0.162542E-01   0.446042E-01   0.365634E-01
   0.413542E-04  -0.162542E-01   0.446034E-01   0.365628E-01
   0.413542E-04  -0.162582E-01   0.446607E-01   0.366778E-01
   0.413526E-04  -0.162913E-01   0.453073E-01   0.371395E-01
   0.413526E-04  -0.162763E-01   0.449915E-01   0.369202E-01
   0.413526E-04  -0.162895E-01   0.452698E-01   0.371123E-01
   0.413514E-04  -0.162730E-01   0.448973E-01   0.368195E-01
   0.413514E-04  -0.162760E-01   0.448981E-01   0.368538E-01
   0.413514E-04  -0.162729E-01   0.449002E-01   0.368216E-01
   0.372671E-04  -0.156338E-01   0.446148E-01   0.366536E-01
   0.372671E-04  -0.155956E-01   0.437435E-01   0.360076E-01
   0.372671E-04  -0.155945E-01   0.437192E-01   0.359898E-01
   0.372671E-04  -0.156424E-01   0.448004E-01   0.367898E-01
   0.372671E-04  -0.156381E-01   0.447000E-01   0.367163E-01
   0.372671E-04  -0.156283E-01   0.444901E-01   0.365624E-01
   0.372646E-04  -0.156229E-01   0.441996E-01   0.363325E-01
   0.372646E-04  -0.156298E-01   0.443518E-01   0.363981E-01
   0.372646E-04  -0.156283E-01   0.443373E-01   0.363875E-01
   0.372646E-04  -0.156253E-01   0.442338E-01   0.363575E-01
   0.372646E-04  -0.156137E-01   0.441288E-01   0.363102E-01
   0.372646E-04  -0.156128E-01   0.441090E-01   0.362958E-01
   0.372618E-04  -0.155993E-01   0.436900E-01   0.359489E-01
   0.372618E-04  -0.155968E-01   0.436388E-01   0.358722E-01
   0.372618E-04  -0.155959E-01   0.436198E-01   0.358583E-01
   0.372618E-04  -0.156078E-01   0.438575E-01   0.361072E-01
   0.372618E-04  -0.155983E-01   0.436683E-01   0.359330E-01
   0.372618E-04  -0.156078E-01   0.438603E-01   0.361092E-01
   0.372592E-04  -0.156193E-01   0.440192E-01   0.362047E-01
   0.372592E-04  -0.156106E-01   0.438225E-01   0.360628E-01
   0.372592E-04  -0.156104E-01   0.438212E-01   0.360619E-01
   0.372592E-04  -0.156226E-01   0.440449E-01   0.362455E-01
   0.372592E-04  -0.156216E-01   0.440218E-01   0.362286E-01
   0.372592E-04  -0.156180E-01   0.439949E-01   0.361869E-01
   0.336165E-04  -0.150073E-01   0.434240E-01   0.358024E-01
   0.336165E-04  -0.149777E-01   0.427563E-01   0.353073E-01
   0.336165E-04  -0.149769E-01   0.427398E-01   0.352952E-01
   0.336165E-04  -0.150136E-01   0.435523E-01   0.359002E-01
   0.336165E-04  -0.150102E-01   0.434750E-01   0.358431E-01
   0.336165E-04  -0.150031E-01   0.433302E-01   0.357332E-01
   0.303603E-04  -0.143997E-01   0.419119E-01   0.347167E-01
   0.303603E-04  -0.144082E-01   0.421244E-01   0.347933E-01
   0.303603E-04  -0.144078E-01   0.421037E-01   0.347779E-01
   0.303603E-04  -0.144009E-01   0.419229E-01   0.347249E-01
   0.303603E-04  -0.144043E-01   0.421025E-01   0.348606E-01
   0.303603E-04  -0.144028E-01   0.420708E-01   0.348371E-01
   0.303600E-04  -0.144012E-01   0.420267E-01   0.347990E-01
   0.303600E-04  -0.143887E-01   0.417548E-01   0.345490E-01
   0.303600E-04  -0.143866E-01   0.417103E-01   0.345158E-01
   0.303600E-04  -0.144158E-01   0.423406E-01   0.350335E-01
   0.303600E-04  -0.144169E-01   0.423680E-01   0.350539E-01
   0.303600E-04  -0.143980E-01   0.419547E-01   0.347454E-01
   0.303592E-04  -0.144020E-01   0.419479E-01   0.346966E-01
   0.303592E-04  -0.144031E-01   0.419601E-01   0.347056E-01
   0.303591E-04  -0.143961E-01   0.418906E-01   0.347028E-01
   0.303493E-04  -0.144192E-01   0.420846E-01   0.348509E-01
   0.303493E-04  -0.144198E-01   0.420782E-01   0.348484E-01
   0.303493E-04  -0.144192E-01   0.420856E-01   0.348517E-01
   0.274484E-04  -0.138414E-01   0.408786E-01   0.339579E-01
   0.274484E-04  -0.138466E-01   0.410065E-01   0.340022E-01
   0.274484E-04  -0.138465E-01   0.409950E-01   0.339936E-01
   0.274484E-04  -0.138422E-01   0.408865E-01   0.339638E-01
   0.274484E-04  -0.138440E-01   0.409971E-01   0.340619E-01
   0.274484E-04  -0.138430E-01   0.409777E-01   0.340474E-01
   0.274473E-04  -0.138448E-01   0.410015E-01   0.340557E-01
   0.274473E-04  -0.138346E-01   0.407841E-01   0.338609E-01
   0.274473E-04  -0.138332E-01   0.407542E-01   0.338385E-01
   0.274473E-04  -0.138563E-01   0.412349E-01   0.342376E-01
   0.274473E-04  -0.138554E-01   0.412125E-01   0.342207E-01
   0.274473E-04  -0.138424E-01   0.409492E-01   0.340164E-01
   0.274453E-04  -0.138585E-01   0.412434E-01   0.342376E-01
   0.274453E-04  -0.138407E-01   0.408603E-01   0.339533E-01
   0.274453E-04  -0.138403E-01   0.408536E-01   0.339483E-01
   0.274453E-04  -0.138619E-01   0.412984E-01   0.342838E-01
   0.274453E-04  -0.138598E-01   0.412537E-01   0.342502E-01
   0.274453E-04  -0.138560E-01   0.411920E-01   0.341990E-01
   0.274436E-04  -0.138385E-01   0.407692E-01   0.338602E-01
   0.274436E-04  -0.138369E-01   0.407350E-01   0.338261E-01
   0.274436E-04  -0.138367E-01   0.407329E-01   0.338245E-01
   0.274436E-04  -0.138420E-01   0.408083E-01   0.339199E-01
   0.274436E-04  -0.138381E-01   0.407639E-01   0.338562E-01
   0.274436E-04  -0.138419E-01   0.408051E-01   0.339175E-01
   0.274392E-04  -0.138612E-01   0.411162E-01   0.341517E-01
   0.274392E-04  -0.138566E-01   0.410382E-01   0.340968E-01
   0.274392E-04  -0.138606E-01   0.411068E-01   0.341446E-01
   0.248341E-04  -0.133283E-01   0.400680E-01   0.333836E-01
   0.248341E-04  -0.133257E-01   0.400159E-01   0.333463E-01
   0.248341E-04  -0.133257E-01   0.400190E-01   0.333487E-01
   0.248341E-04  -0.133293E-01   0.400522E-01   0.333822E-01
   0.248341E-04  -0.133290E-01   0.400459E-01   0.333775E-01
   0.248341E-04  -0.133279E-01   0.400649E-01   0.333813E-01
   0.225057E-04  -0.128152E-01   0.389686E-01   0.325650E-01
   0.225057E-04  -0.128168E-01   0.390046E-01   0.325750E-01
   0.225057E-04  -0.128169E-01   0.390020E-01   0.325731E-01
   0.225057E-04  -0.128156E-01   0.389719E-01   0.325675E-01
   0.225057E-04  -0.128160E-01   0.390128E-01   0.326225E-01
   0.225057E-04  -0.128157E-01   0.390070E-01   0.326181E-01
   0.225034E-04  -0.128209E-01   0.390895E-01   0.326697E-01
   0.225034E-04  -0.128144E-01   0.389547E-01   0.325541E-01
   0.225034E-04  -0.128136E-01   0.389430E-01   0.325451E-01
   0.225034E-04  -0.128271E-01   0.391881E-01   0.327554E-01
   0.225034E-04  -0.128264E-01   0.391736E-01   0.327444E-01
   0.225034E-04  -0.128196E-01   0.390633E-01   0.326497E-01
   0.204219E-04  -0.123898E-01   0.388215E-01   0.325028E-01
   0.204219E-04  -0.123927E-01   0.388575E-01   0.325304E-01
   0.204219E-04  -0.123672E-01   0.385469E-01   0.322939E-01
   0.204111E-04  -0.123439E-01   0.381322E-01   0.319827E-01
   0.204111E-04  -0.123463E-01   0.381856E-01   0.319810E-01
   0.204111E-04  -0.123452E-01   0.381631E-01   0.319638E-01
   0.204111E-04  -0.123524E-01   0.383147E-01   0.321235E-01
   0.204111E-04  -0.123436E-01   0.381200E-01   0.319733E-01
   0.204111E-04  -0.123518E-01   0.383044E-01   0.321157E-01
   0.204041E-04  -0.123595E-01   0.383364E-01   0.321350E-01
   0.204041E-04  -0.123512E-01   0.381824E-01   0.320201E-01
   0.204041E-04  -0.123511E-01   0.381818E-01   0.320196E-01
   0.204041E-04  -0.123607E-01   0.383440E-01   0.321446E-01
   0.204041E-04  -0.123597E-01   0.383258E-01   0.321307E-01
   0.204041E-04  -0.123584E-01   0.383177E-01   0.321206E-01
   0.185367E-04  -0.119294E-01   0.377258E-01   0.316989E-01
   0.185367E-04  -0.119314E-01   0.377634E-01   0.317189E-01
   0.185367E-04  -0.119336E-01   0.377857E-01   0.317361E-01
   0.185367E-04  -0.119319E-01   0.377533E-01   0.317201E-01
   0.185367E-04  -0.119134E-01   0.375617E-01   0.315734E-01
   0.185367E-04  -0.119130E-01   0.375565E-01   0.315693E-01
   0.185277E-04  -0.118940E-01   0.372767E-01   0.313591E-01
   0.185277E-04  -0.119176E-01   0.376753E-01   0.316672E-01
   0.185277E-04  -0.119148E-01   0.376291E-01   0.316314E-01
   0.185264E-04  -0.118961E-01   0.372513E-01   0.313347E-01
   0.185264E-04  -0.118973E-01   0.372769E-01   0.313268E-01
   0.185263E-04  -0.118966E-01   0.372629E-01   0.313160E-01
   0.185263E-04  -0.118958E-01   0.372430E-01   0.313283E-01
   0.185263E-04  -0.119021E-01   0.373684E-01   0.314304E-01
   0.185263E-04  -0.119017E-01   0.373627E-01   0.314261E-01
   0.185205E-04  -0.119000E-01   0.372565E-01   0.313297E-01
   0.185205E-04  -0.118998E-01   0.372570E-01   0.313300E-01
   0.185205E-04  -0.119020E-01   0.372645E-01   0.313497E-01
   0.168405E-04  -0.114970E-01   0.367446E-01   0.309713E-01
   0.168405E-04  -0.114988E-01   0.367616E-01   0.309844E-01
   0.168405E-04  -0.114838E-01   0.366215E-01   0.308831E-01
   0.168324E-04  -0.114831E-01   0.366435E-01   0.309062E-01
   0.168324E-04  -0.114696E-01   0.364335E-01   0.307350E-01
   0.168324E-04  -0.114687E-01   0.364213E-01   0.307256E-01
   0.168324E-04  -0.114899E-01   0.367368E-01   0.309790E-01
   0.168324E-04  -0.114884E-01   0.367132E-01   0.309606E-01
   0.168324E-04  -0.114808E-01   0.366078E-01   0.308784E-01
   0.168315E-04  -0.114715E-01   0.364504E-01   0.307557E-01
   0.168315E-04  -0.114900E-01   0.367336E-01   0.309755E-01
   0.168315E-04  -0.114878E-01   0.367007E-01   0.309498E-01
   0.168298E-04  -0.114711E-01   0.363847E-01   0.306857E-01
   0.168298E-04  -0.114713E-01   0.363845E-01   0.306855E-01
   0.168298E-04  -0.114719E-01   0.364015E-01   0.307164E-01
   0.168265E-04  -0.114779E-01   0.364765E-01   0.307674E-01
   0.168265E-04  -0.114746E-01   0.364180E-01   0.307192E-01
   0.168265E-04  -0.114743E-01   0.364169E-01   0.307183E-01
   0.168265E-04  -0.114804E-01   0.364919E-01   0.307870E-01
   0.168265E-04  -0.114800E-01   0.364854E-01   0.307819E-01
   0.168265E-04  -0.114773E-01   0.364689E-01   0.307615E-01
   0.168211E-04  -0.114881E-01   0.365590E-01   0.308402E-01
   0.168211E-04  -0.114890E-01   0.365669E-01   0.308460E-01
   0.168211E-04  -0.114889E-01   0.365659E-01   0.308452E-01
   0.153130E-04  -0.110856E-01   0.357954E-01   0.302775E-01
   0.153130E-04  -0.110893E-01   0.358476E-01   0.303049E-01
   0.153130E-04  -0.110904E-01   0.358538E-01   0.303098E-01
   0.153130E-04  -0.110873E-01   0.358090E-01   0.302882E-01
   0.153130E-04  -0.110783E-01   0.357556E-01   0.302470E-01
   0.153130E-04  -0.110777E-01   0.357481E-01   0.302412E-01
   0.153045E-04  -0.110785E-01   0.357713E-01   0.302632E-01
   0.153045E-04  -0.110677E-01   0.356210E-01   0.301409E-01
   0.153045E-04  -0.110670E-01   0.356138E-01   0.301353E-01
   0.153045E-04  -0.110835E-01   0.358273E-01   0.303081E-01
   0.153045E-04  -0.110823E-01   0.358103E-01   0.302948E-01
   0.153045E-04  -0.110766E-01   0.357471E-01   0.302442E-01
   0.153036E-04  -0.110681E-01   0.355921E-01   0.301156E-01
   0.153036E-04  -0.110683E-01   0.355906E-01   0.301040E-01
   0.153036E-04  -0.110680E-01   0.355860E-01   0.301004E-01
   0.153036E-04  -0.110711E-01   0.356336E-01   0.301552E-01
   0.153036E-04  -0.110680E-01   0.355884E-01   0.301127E-01
   0.153036E-04  -0.110713E-01   0.356345E-01   0.301559E-01
   0.152957E-04  -0.110817E-01   0.357032E-01   0.302070E-01
   0.152957E-04  -0.110817E-01   0.357041E-01   0.302077E-01
   0.152957E-04  -0.110825E-01   0.356979E-01   0.302049E-01
   0.139351E-04  -0.106982E-01   0.349303E-01   0.296348E-01
   0.139351E-04  -0.107001E-01   0.349518E-01   0.296458E-01
   0.139351E-04  -0.107010E-01   0.349565E-01   0.296496E-01
   0.139351E-04  -0.106994E-01   0.349382E-01   0.296411E-01
   0.139351E-04  -0.106919E-01   0.349001E-01   0.296146E-01
   0.139351E-04  -0.106916E-01   0.348969E-01   0.296121E-01
   0.139259E-04  -0.106879E-01   0.348537E-01   0.295819E-01
   0.139259E-04  -0.106994E-01   0.349835E-01   0.296837E-01
   0.139259E-04  -0.106980E-01   0.349683E-01   0.296718E-01
   0.139202E-04  -0.106978E-01   0.349127E-01   0.296248E-01
   0.139202E-04  -0.106949E-01   0.348769E-01   0.295975E-01
   0.139202E-04  -0.106949E-01   0.348777E-01   0.295981E-01
   0.139202E-04  -0.106982E-01   0.349076E-01   0.296220E-01
   0.139202E-04  -0.106978E-01   0.349033E-01   0.296186E-01
   0.139202E-04  -0.106974E-01   0.349093E-01   0.296221E-01
   0.126866E-04  -0.103231E-01   0.340847E-01   0.290156E-01
   0.126866E-04  -0.103206E-01   0.340585E-01   0.289860E-01
   0.126866E-04  -0.103198E-01   0.340526E-01   0.289813E-01
   0.126866E-04  -0.103294E-01   0.341296E-01   0.290514E-01
   0.126866E-04  -0.103293E-01   0.341275E-01   0.290498E-01
   0.126866E-04  -0.103222E-01   0.340767E-01   0.290092E-01
   0.126831E-04  -0.103289E-01   0.341293E-01   0.290479E-01
   0.126831E-04  -0.103219E-01   0.340603E-01   0.289915E-01
   0.126831E-04  -0.103216E-01   0.340588E-01   0.289904E-01
   0.126831E-04  -0.103317E-01   0.341417E-01   0.290588E-01
   0.126831E-04  -0.103309E-01   0.341338E-01   0.290525E-01
   0.126831E-04  -0.103277E-01   0.341200E-01   0.290405E-01
   0.115682E-04  -0.997992E-02   0.333292E-01   0.284513E-01
   0.115682E-04  -0.998322E-02   0.333410E-01   0.284554E-01
   0.115682E-04  -0.998341E-02   0.333410E-01   0.284554E-01
   0.115682E-04  -0.998070E-02   0.333313E-01   0.284530E-01
   0.115682E-04  -0.997845E-02   0.333288E-01   0.284512E-01
   0.115682E-04  -0.997904E-02   0.333309E-01   0.284528E-01
   0.115673E-04  -0.998114E-02   0.333215E-01   0.284410E-01
   0.115672E-04  -0.998184E-02   0.333230E-01   0.284422E-01
   0.115672E-04  -0.997685E-02   0.333133E-01   0.284373E-01
   0.115624E-04  -0.997578E-02   0.333171E-01   0.284441E-01
   0.115624E-04  -0.997362E-02   0.332955E-01   0.284224E-01
   0.115624E-04  -0.997303E-02   0.332935E-01   0.284208E-01
   0.115624E-04  -0.998049E-02   0.333328E-01   0.284573E-01
   0.115624E-04  -0.998038E-02   0.333308E-01   0.284557E-01
   0.115624E-04  -0.997507E-02   0.333131E-01   0.284409E-01
   0.115601E-04  -0.997414E-02   0.332926E-01   0.284192E-01
   0.115601E-04  -0.997388E-02   0.332857E-01   0.284124E-01
   0.115601E-04  -0.997382E-02   0.332854E-01   0.284120E-01
   0.115601E-04  -0.997554E-02   0.332981E-01   0.284261E-01
   0.115601E-04  -0.997408E-02   0.332916E-01   0.284184E-01
   0.115601E-04  -0.997555E-02   0.332975E-01   0.284256E-01
   0.115562E-04  -0.998002E-02   0.333225E-01   0.284424E-01
   0.115562E-04  -0.997889E-02   0.333103E-01   0.284323E-01
   0.115562E-04  -0.997883E-02   0.333112E-01   0.284330E-01
   0.115562E-04  -0.998099E-02   0.333175E-01   0.284397E-01
   0.115562E-04  -0.998086E-02   0.333162E-01   0.284386E-01
   0.115562E-04  -0.997983E-02   0.333219E-01   0.284419E-01
   0.105510E-04  -0.964771E-02   0.325731E-01   0.278868E-01
   0.105510E-04  -0.964983E-02   0.325696E-01   0.278828E-01
   0.105510E-04  -0.965007E-02   0.325701E-01   0.278831E-01
   0.105510E-04  -0.964833E-02   0.325734E-01   0.278870E-01
   0.105510E-04  -0.964626E-02   0.325701E-01   0.278847E-01
   0.105510E-04  -0.964665E-02   0.325700E-01   0.278845E-01
   0.105416E-04  -0.964824E-02   0.325817E-01   0.278925E-01
   0.105416E-04  -0.965385E-02   0.326027E-01   0.279098E-01
   0.105416E-04  -0.965319E-02   0.326003E-01   0.279078E-01
   0.962482E-05  -0.933024E-02   0.318533E-01   0.273504E-01
   0.962482E-05  -0.932862E-02   0.318413E-01   0.273406E-01
   0.962482E-05  -0.932831E-02   0.318431E-01   0.273420E-01
   0.962482E-05  -0.933291E-02   0.318395E-01   0.273387E-01
   0.962482E-05  -0.933280E-02   0.318382E-01   0.273376E-01
   0.962482E-05  -0.932982E-02   0.318537E-01   0.273507E-01
   0.962196E-05  -0.933495E-02   0.318590E-01   0.273522E-01
   0.962196E-05  -0.933142E-02   0.318501E-01   0.273442E-01
   0.962196E-05  -0.933129E-02   0.318512E-01   0.273451E-01
   0.962196E-05  -0.933618E-02   0.318500E-01   0.273443E-01
   0.962196E-05  -0.933577E-02   0.318490E-01   0.273435E-01
   0.962196E-05  -0.933441E-02   0.318591E-01   0.273523E-01
   0.961622E-05  -0.933922E-02   0.318420E-01   0.273313E-01
   0.879530E-05  -0.903035E-02   0.311395E-01   0.268142E-01
   0.879530E-05  -0.903108E-02   0.311281E-01   0.268064E-01
   0.879530E-05  -0.903131E-02   0.311279E-01   0.268063E-01
   0.879530E-05  -0.903073E-02   0.311379E-01   0.268128E-01
   0.879530E-05  -0.902921E-02   0.311387E-01   0.268110E-01
   0.879530E-05  -0.902935E-02   0.311373E-01   0.268099E-01
   0.879465E-05  -0.903672E-02   0.311396E-01   0.268183E-01
   0.879465E-05  -0.902749E-02   0.311994E-01   0.268666E-01
   0.879465E-05  -0.902726E-02   0.312019E-01   0.268685E-01
   0.879465E-05  -0.903844E-02   0.311210E-01   0.268034E-01
   0.879465E-05  -0.903738E-02   0.311280E-01   0.268090E-01
   0.879465E-05  -0.903543E-02   0.311489E-01   0.268259E-01
   0.878334E-05  -0.903674E-02   0.311244E-01   0.267911E-01
   0.878334E-05  -0.903745E-02   0.311255E-01   0.267923E-01
   0.878334E-05  -0.903672E-02   0.311246E-01   0.267912E-01
   0.878334E-05  -0.903763E-02   0.311243E-01   0.267909E-01
   0.878334E-05  -0.903754E-02   0.311242E-01   0.267909E-01
   0.878334E-05  -0.903735E-02   0.311255E-01   0.267923E-01
   0.803979E-05  -0.874299E-02   0.304734E-01   0.263141E-01
   0.803979E-05  -0.874449E-02   0.304354E-01   0.262908E-01
   0.803979E-05  -0.874430E-02   0.304415E-01   0.262958E-01
   0.803979E-05  -0.874440E-02   0.304266E-01   0.262761E-01
   0.803979E-05  -0.874314E-02   0.304743E-01   0.263149E-01
   0.803979E-05  -0.874473E-02   0.304215E-01   0.262719E-01
   0.803684E-05  -0.874152E-02   0.305051E-01   0.263414E-01
   0.803684E-05  -0.874896E-02   0.304272E-01   0.262784E-01
   0.803684E-05  -0.874135E-02   0.305079E-01   0.263436E-01
   0.803684E-05  -0.875029E-02   0.304057E-01   0.262608E-01
   0.803684E-05  -0.874943E-02   0.304148E-01   0.262681E-01
   0.803684E-05  -0.874793E-02   0.304390E-01   0.262880E-01
   0.803274E-05  -0.874269E-02   0.304717E-01   0.263099E-01
   0.803274E-05  -0.874265E-02   0.304716E-01   0.263098E-01
   0.803274E-05  -0.874365E-02   0.304690E-01   0.263037E-01
   0.736836E-05  -0.848402E-02   0.295900E-01   0.256213E-01
   0.736835E-05  -0.848526E-02   0.295796E-01   0.256128E-01
   0.736835E-05  -0.847457E-02   0.296690E-01   0.256854E-01
   0.735145E-05  -0.846876E-02   0.297991E-01   0.258041E-01
   0.735145E-05  -0.846974E-02   0.297610E-01   0.257809E-01
   0.735145E-05  -0.846964E-02   0.297668E-01   0.257856E-01
   0.735145E-05  -0.846970E-02   0.297539E-01   0.257656E-01
   0.735145E-05  -0.846889E-02   0.297996E-01   0.258045E-01
   0.735145E-05  -0.846993E-02   0.297486E-01   0.257613E-01
   0.735035E-05  -0.847096E-02   0.297684E-01   0.257815E-01
   0.735035E-05  -0.846714E-02   0.298183E-01   0.258263E-01
   0.735034E-05  -0.846672E-02   0.298281E-01   0.258344E-01
   0.735034E-05  -0.847419E-02   0.296929E-01   0.257198E-01
   0.735034E-05  -0.847382E-02   0.296983E-01   0.257242E-01
   0.735034E-05  -0.847016E-02   0.297836E-01   0.257939E-01
   0.734582E-05  -0.846863E-02   0.297916E-01   0.257964E-01
   0.734582E-05  -0.846960E-02   0.297921E-01   0.257957E-01
   0.734582E-05  -0.846853E-02   0.297938E-01   0.257982E-01
   0.734582E-05  -0.847083E-02   0.297716E-01   0.257750E-01
   0.734582E-05  -0.846941E-02   0.297942E-01   0.257974E-01
   0.734582E-05  -0.847074E-02   0.297714E-01   0.257749E-01
   0.734176E-05  -0.847305E-02   0.297610E-01   0.257616E-01
   0.734175E-05  -0.847299E-02   0.297610E-01   0.257616E-01
   0.734175E-05  -0.847372E-02   0.297594E-01   0.257581E-01
   0.734171E-05  -0.847339E-02   0.297527E-01   0.257535E-01
   0.734171E-05  -0.847560E-02   0.297348E-01   0.257399E-01
   0.734171E-05  -0.847533E-02   0.297370E-01   0.257417E-01
   0.674125E-05  -0.821921E-02   0.289342E-01   0.251239E-01
   0.674125E-05  -0.821977E-02   0.289149E-01   0.251110E-01
   0.674125E-05  -0.822073E-02   0.289051E-01   0.251029E-01
   0.674125E-05  -0.822027E-02   0.289218E-01   0.251137E-01
   0.674125E-05  -0.821183E-02   0.290091E-01   0.251850E-01
   0.674125E-05  -0.821193E-02   0.290066E-01   0.251829E-01
   0.672538E-05  -0.820699E-02   0.291326E-01   0.253000E-01
   0.672538E-05  -0.820715E-02   0.291312E-01   0.252988E-01
   0.672538E-05  -0.820650E-02   0.291356E-01   0.252944E-01
   0.672455E-05  -0.820590E-02   0.291525E-01   0.253184E-01
   0.672455E-05  -0.820905E-02   0.290998E-01   0.252714E-01
   0.672454E-05  -0.820558E-02   0.291621E-01   0.253264E-01
   0.672454E-05  -0.821154E-02   0.290252E-01   0.252092E-01
   0.672454E-05  -0.820841E-02   0.291152E-01   0.252840E-01
   0.672454E-05  -0.821122E-02   0.290308E-01   0.252138E-01
   0.672315E-05  -0.820748E-02   0.291547E-01   0.253121E-01
   0.672314E-05  -0.821233E-02   0.290617E-01   0.252368E-01
   0.672314E-05  -0.820738E-02   0.291575E-01   0.253144E-01
   0.672314E-05  -0.821312E-02   0.290398E-01   0.252180E-01
   0.672314E-05  -0.821255E-02   0.290507E-01   0.252270E-01
   0.672314E-05  -0.821166E-02   0.290754E-01   0.252480E-01
   0.671801E-05  -0.821012E-02   0.290980E-01   0.252569E-01
   0.671801E-05  -0.821153E-02   0.290837E-01   0.252463E-01
   0.671801E-05  -0.821008E-02   0.290985E-01   0.252574E-01
   0.671801E-05  -0.821200E-02   0.290772E-01   0.252386E-01
   0.671800E-05  -0.821183E-02   0.290790E-01   0.252400E-01
   0.671800E-05  -0.821133E-02   0.290860E-01   0.252482E-01
   0.617064E-05  -0.796670E-02   0.282824E-01   0.246294E-01
   0.617063E-05  -0.796753E-02   0.282710E-01   0.246200E-01
   0.617063E-05  -0.796053E-02   0.283667E-01   0.246954E-01
   0.615712E-05  -0.795725E-02   0.284717E-01   0.247993E-01
   0.615712E-05  -0.795690E-02   0.285023E-01   0.248178E-01
   0.615711E-05  -0.795724E-02   0.284758E-01   0.248026E-01
   0.615711E-05  -0.795732E-02   0.284663E-01   0.247830E-01
   0.615711E-05  -0.795699E-02   0.285020E-01   0.248176E-01
   0.615711E-05  -0.795742E-02   0.284620E-01   0.247795E-01
   0.565161E-05  -0.772605E-02   0.276354E-01   0.241389E-01
   0.565161E-05  -0.772499E-02   0.276945E-01   0.241789E-01
   0.565161E-05  -0.772663E-02   0.276292E-01   0.241338E-01
   0.565161E-05  -0.772059E-02   0.277418E-01   0.242178E-01
   0.565161E-05  -0.772575E-02   0.276803E-01   0.241672E-01
   0.565161E-05  -0.772078E-02   0.277339E-01   0.242112E-01
   0.563726E-05  -0.771748E-02   0.278628E-01   0.243272E-01
   0.563726E-05  -0.771963E-02   0.278097E-01   0.242805E-01
   0.563726E-05  -0.772112E-02   0.277448E-01   0.242240E-01
   0.563726E-05  -0.771730E-02   0.278709E-01   0.243339E-01
   0.563726E-05  -0.771923E-02   0.278237E-01   0.242921E-01
   0.563726E-05  -0.772090E-02   0.277507E-01   0.242288E-01
   0.517808E-05  -0.749504E-02   0.270382E-01   0.236800E-01
   0.517808E-05  -0.749448E-02   0.270769E-01   0.237064E-01
   0.517807E-05  -0.749555E-02   0.270306E-01   0.236737E-01
   0.517807E-05  -0.749074E-02   0.271318E-01   0.237485E-01
   0.517807E-05  -0.749509E-02   0.270641E-01   0.236957E-01
   0.517807E-05  -0.749084E-02   0.271266E-01   0.237442E-01
   0.517000E-05  -0.748880E-02   0.272230E-01   0.238474E-01
   0.517000E-05  -0.748896E-02   0.272517E-01   0.238569E-01
   0.516999E-05  -0.749066E-02   0.271218E-01   0.237484E-01
   0.516999E-05  -0.748857E-02   0.272400E-01   0.238615E-01
   0.516999E-05  -0.748881E-02   0.272637E-01   0.238669E-01
   0.516999E-05  -0.749073E-02   0.271167E-01   0.237442E-01
   0.516393E-05  -0.749023E-02   0.272127E-01   0.238125E-01
   0.516393E-05  -0.749281E-02   0.271261E-01   0.237421E-01
   0.516393E-05  -0.749019E-02   0.272146E-01   0.238141E-01
   0.516393E-05  -0.749319E-02   0.271100E-01   0.237274E-01
   0.516392E-05  -0.749246E-02   0.271382E-01   0.237523E-01
   0.516392E-05  -0.749288E-02   0.271203E-01   0.237360E-01
   0.516358E-05  -0.748997E-02   0.272289E-01   0.238298E-01
   0.516358E-05  -0.749035E-02   0.272235E-01   0.238249E-01
   0.516358E-05  -0.748993E-02   0.272294E-01   0.238302E-01
   0.516358E-05  -0.749094E-02   0.272130E-01   0.238097E-01
   0.516358E-05  -0.749028E-02   0.272246E-01   0.238258E-01
   0.516358E-05  -0.749090E-02   0.272136E-01   0.238102E-01
   0.515799E-05  -0.749422E-02   0.271001E-01   0.237042E-01
   0.515799E-05  -0.749420E-02   0.271000E-01   0.237041E-01
   0.515799E-05  -0.749440E-02   0.271010E-01   0.237046E-01
   0.473875E-05  -0.726935E-02   0.266124E-01   0.233725E-01
   0.473875E-05  -0.726958E-02   0.266370E-01   0.233806E-01
   0.473874E-05  -0.727086E-02   0.265219E-01   0.232822E-01
   0.473874E-05  -0.726920E-02   0.266272E-01   0.233849E-01
   0.473874E-05  -0.726947E-02   0.266474E-01   0.233893E-01
   0.473874E-05  -0.727090E-02   0.265175E-01   0.232785E-01
   0.473729E-05  -0.726946E-02   0.266383E-01   0.233857E-01
   0.473729E-05  -0.726945E-02   0.266523E-01   0.233941E-01
   0.473728E-05  -0.726963E-02   0.266316E-01   0.233675E-01
   0.473728E-05  -0.726949E-02   0.266397E-01   0.233869E-01
   0.473728E-05  -0.726949E-02   0.266517E-01   0.233935E-01
   0.473728E-05  -0.726965E-02   0.266296E-01   0.233657E-01
   0.472889E-05  -0.727394E-02   0.264949E-01   0.232358E-01
   0.472889E-05  -0.727465E-02   0.264805E-01   0.232246E-01
   0.472889E-05  -0.727456E-02   0.264823E-01   0.232261E-01
   0.435382E-05  -0.706359E-02   0.258425E-01   0.227611E-01
   0.435382E-05  -0.706256E-02   0.259468E-01   0.228328E-01
   0.435381E-05  -0.706068E-02   0.259306E-01   0.228188E-01
   0.435381E-05  -0.706384E-02   0.258446E-01   0.227629E-01
   0.435381E-05  -0.706300E-02   0.259348E-01   0.228227E-01
   0.435381E-05  -0.706088E-02   0.259164E-01   0.228069E-01
   0.435264E-05  -0.706315E-02   0.258872E-01   0.227897E-01
   0.435264E-05  -0.706052E-02   0.259474E-01   0.228310E-01
   0.435264E-05  -0.706354E-02   0.258780E-01   0.227820E-01
   0.434855E-05  -0.705873E-02   0.261275E-01   0.229920E-01
   0.434855E-05  -0.706349E-02   0.258220E-01   0.227352E-01
   0.434855E-05  -0.706294E-02   0.258574E-01   0.227650E-01
   0.434196E-05  -0.706000E-02   0.260098E-01   0.228843E-01
   0.434196E-05  -0.706122E-02   0.259636E-01   0.228445E-01
   0.434196E-05  -0.706194E-02   0.259209E-01   0.228040E-01
   0.434196E-05  -0.705993E-02   0.260147E-01   0.228885E-01
   0.434196E-05  -0.706101E-02   0.259738E-01   0.228530E-01
   0.434196E-05  -0.706180E-02   0.259261E-01   0.228084E-01
   0.433765E-05  -0.706267E-02   0.259126E-01   0.227858E-01
   0.433765E-05  -0.706306E-02   0.259014E-01   0.227771E-01
   0.433765E-05  -0.706265E-02   0.259120E-01   0.227852E-01
   0.433765E-05  -0.706331E-02   0.259033E-01   0.227761E-01
   0.433765E-05  -0.706299E-02   0.259021E-01   0.227778E-01
   0.433765E-05  -0.706326E-02   0.259047E-01   0.227773E-01
   0.399375E-05  -0.686115E-02   0.252802E-01   0.223218E-01
   0.399375E-05  -0.686048E-02   0.253626E-01   0.223788E-01
   0.399375E-05  -0.685881E-02   0.253578E-01   0.223713E-01
   0.399375E-05  -0.686138E-02   0.252804E-01   0.223219E-01
   0.399375E-05  -0.686084E-02   0.253516E-01   0.223695E-01
   0.399375E-05  -0.685894E-02   0.253466E-01   0.223619E-01
   0.398954E-05  -0.685777E-02   0.255141E-01   0.225148E-01
   0.398954E-05  -0.686076E-02   0.253081E-01   0.223371E-01
   0.398954E-05  -0.686191E-02   0.251988E-01   0.222447E-01
   0.398954E-05  -0.685762E-02   0.255284E-01   0.225269E-01
   0.398954E-05  -0.686028E-02   0.253458E-01   0.223689E-01
   0.398954E-05  -0.686158E-02   0.252223E-01   0.222645E-01
   0.398925E-05  -0.685773E-02   0.255177E-01   0.225111E-01
   0.398925E-05  -0.686162E-02   0.252372E-01   0.222748E-01
   0.398925E-05  -0.686117E-02   0.252698E-01   0.223023E-01
   0.398637E-05  -0.685804E-02   0.254294E-01   0.224458E-01
   0.398637E-05  -0.685831E-02   0.254454E-01   0.224503E-01
   0.398637E-05  -0.685904E-02   0.253593E-01   0.223725E-01
   0.398637E-05  -0.685796E-02   0.254400E-01   0.224547E-01
   0.398637E-05  -0.685824E-02   0.254529E-01   0.224567E-01
   0.398637E-05  -0.685905E-02   0.253563E-01   0.223699E-01
   0.366078E-05  -0.666490E-02   0.249137E-01   0.220388E-01
   0.366078E-05  -0.666738E-02   0.247253E-01   0.218763E-01
   0.366078E-05  -0.666829E-02   0.246283E-01   0.217932E-01
   0.366078E-05  -0.666479E-02   0.249263E-01   0.220495E-01
   0.366078E-05  -0.666699E-02   0.247594E-01   0.219052E-01
   0.366078E-05  -0.666801E-02   0.246498E-01   0.218115E-01
   0.365355E-05  -0.666723E-02   0.247574E-01   0.218820E-01
   0.365355E-05  -0.666836E-02   0.246972E-01   0.218329E-01
   0.365355E-05  -0.666721E-02   0.247580E-01   0.218825E-01
   0.365355E-05  -0.666852E-02   0.246908E-01   0.218258E-01
   0.365355E-05  -0.666821E-02   0.247050E-01   0.218396E-01
   0.365355E-05  -0.666838E-02   0.246981E-01   0.218320E-01
   0.336426E-05  -0.648149E-02   0.241853E-01   0.214599E-01
   0.336426E-05  -0.648124E-02   0.242284E-01   0.214901E-01
   0.336426E-05  -0.648000E-02   0.242387E-01   0.214905E-01
   0.336426E-05  -0.648148E-02   0.242199E-01   0.214829E-01
   0.336426E-05  -0.648005E-02   0.242328E-01   0.214855E-01
   0.336426E-05  -0.648168E-02   0.241827E-01   0.214576E-01
   0.336022E-05  -0.648004E-02   0.243202E-01   0.215590E-01
   0.336022E-05  -0.648266E-02   0.240894E-01   0.213638E-01
   0.336022E-05  -0.648235E-02   0.241164E-01   0.213867E-01
   0.335874E-05  -0.648019E-02   0.243119E-01   0.215577E-01
   0.335874E-05  -0.648041E-02   0.242990E-01   0.215353E-01
   0.335874E-05  -0.648020E-02   0.243118E-01   0.215577E-01
   0.335522E-05  -0.648135E-02   0.242241E-01   0.214679E-01
   0.335522E-05  -0.648132E-02   0.242238E-01   0.214677E-01
   0.335522E-05  -0.648176E-02   0.242191E-01   0.214574E-01
   0.309126E-05  -0.630366E-02   0.236087E-01   0.210105E-01
   0.309126E-05  -0.630310E-02   0.237315E-01   0.210956E-01
   0.309126E-05  -0.630265E-02   0.236311E-01   0.210093E-01
   0.309126E-05  -0.630328E-02   0.237276E-01   0.210922E-01
   0.309126E-05  -0.630372E-02   0.236219E-01   0.210217E-01
   0.309126E-05  -0.630278E-02   0.236141E-01   0.209947E-01
   0.308760E-05  -0.630166E-02   0.237488E-01   0.211262E-01
   0.308760E-05  -0.630254E-02   0.236959E-01   0.210685E-01
   0.308760E-05  -0.630358E-02   0.235149E-01   0.209135E-01
   0.308760E-05  -0.630152E-02   0.237725E-01   0.211465E-01
   0.308760E-05  -0.630234E-02   0.237240E-01   0.210925E-01
   0.308760E-05  -0.630352E-02   0.235193E-01   0.209172E-01
   0.308505E-05  -0.630230E-02   0.237393E-01   0.211004E-01
   0.308505E-05  -0.630401E-02   0.235843E-01   0.209669E-01
   0.308505E-05  -0.630458E-02   0.235105E-01   0.209018E-01
   0.308505E-05  -0.630223E-02   0.237486E-01   0.211084E-01
   0.308505E-05  -0.630374E-02   0.236116E-01   0.209902E-01
   0.308505E-05  -0.630438E-02   0.235283E-01   0.209170E-01
   0.308403E-05  -0.630181E-02   0.237223E-01   0.210911E-01
   0.308403E-05  -0.630203E-02   0.237276E-01   0.210908E-01
   0.308403E-05  -0.630239E-02   0.236772E-01   0.210398E-01
   0.308403E-05  -0.630179E-02   0.237277E-01   0.210957E-01
   0.308403E-05  -0.630200E-02   0.237317E-01   0.210943E-01
   0.308403E-05  -0.630237E-02   0.236759E-01   0.210387E-01
   0.308111E-05  -0.630326E-02   0.236583E-01   0.210192E-01
   0.308111E-05  -0.630381E-02   0.236262E-01   0.209921E-01
   0.308111E-05  -0.630414E-02   0.236090E-01   0.209721E-01
   0.308111E-05  -0.630323E-02   0.236597E-01   0.210204E-01
   0.308111E-05  -0.630372E-02   0.236314E-01   0.209965E-01
   0.308111E-05  -0.630408E-02   0.236127E-01   0.209753E-01
   0.283860E-05  -0.613235E-02   0.230710E-01   0.205797E-01
   0.283860E-05  -0.613196E-02   0.231731E-01   0.206511E-01
   0.283860E-05  -0.613152E-02   0.230921E-01   0.205786E-01
   0.283860E-05  -0.613212E-02   0.231691E-01   0.206476E-01
   0.283860E-05  -0.613242E-02   0.230811E-01   0.205884E-01
   0.283860E-05  -0.613161E-02   0.230780E-01   0.205665E-01
   0.283491E-05  -0.613085E-02   0.231775E-01   0.206660E-01
   0.283491E-05  -0.613161E-02   0.231288E-01   0.206139E-01
   0.283491E-05  -0.613242E-02   0.229716E-01   0.204772E-01
   0.283491E-05  -0.613075E-02   0.231978E-01   0.206835E-01
   0.283491E-05  -0.613145E-02   0.231534E-01   0.206350E-01
   0.283491E-05  -0.613237E-02   0.229757E-01   0.204807E-01
   0.282543E-05  -0.613434E-02   0.229292E-01   0.204059E-01
   0.282543E-05  -0.613451E-02   0.229256E-01   0.204031E-01
   0.282543E-05  -0.613449E-02   0.229261E-01   0.204035E-01
   0.262762E-05  -0.597459E-02   0.222457E-01   0.198741E-01
   0.262762E-05  -0.597051E-02   0.224880E-01   0.200825E-01
   0.262762E-05  -0.597512E-02   0.222140E-01   0.198467E-01
   0.260681E-05  -0.596750E-02   0.225886E-01   0.201859E-01
   0.260681E-05  -0.596676E-02   0.226043E-01   0.201868E-01
   0.260681E-05  -0.596763E-02   0.225845E-01   0.201824E-01
   0.260223E-05  -0.596753E-02   0.225771E-01   0.201547E-01
   0.260223E-05  -0.596900E-02   0.224134E-01   0.200154E-01
   0.260223E-05  -0.596883E-02   0.224327E-01   0.200320E-01
   0.259608E-05  -0.596943E-02   0.223991E-01   0.199843E-01
   0.259608E-05  -0.596945E-02   0.223997E-01   0.199847E-01
   0.259608E-05  -0.596965E-02   0.224020E-01   0.199852E-01
   0.241357E-05  -0.581501E-02   0.217357E-01   0.194687E-01
   0.241357E-05  -0.581488E-02   0.217702E-01   0.194947E-01
   0.241357E-05  -0.581149E-02   0.219691E-01   0.196664E-01
   0.241357E-05  -0.581152E-02   0.219646E-01   0.196624E-01
   0.241357E-05  -0.581535E-02   0.217396E-01   0.194681E-01
   0.241357E-05  -0.581546E-02   0.217096E-01   0.194461E-01
   0.239548E-05  -0.580991E-02   0.220198E-01   0.197314E-01
   0.239548E-05  -0.580974E-02   0.220863E-01   0.197786E-01
   0.239548E-05  -0.580934E-02   0.220358E-01   0.197282E-01
   0.239548E-05  -0.580986E-02   0.220826E-01   0.197754E-01
   0.239548E-05  -0.580939E-02   0.220266E-01   0.197202E-01
   0.239548E-05  -0.580997E-02   0.220253E-01   0.197362E-01
   0.239183E-05  -0.580913E-02   0.220665E-01   0.197647E-01
   0.239183E-05  -0.581020E-02   0.219094E-01   0.196181E-01
   0.239183E-05  -0.580959E-02   0.220438E-01   0.197382E-01
   0.239183E-05  -0.580970E-02   0.220255E-01   0.197223E-01
   0.239183E-05  -0.580907E-02   0.220811E-01   0.197774E-01
   0.239183E-05  -0.581015E-02   0.219131E-01   0.196214E-01
   0.239063E-05  -0.580975E-02   0.220334E-01   0.197195E-01
   0.239063E-05  -0.581103E-02   0.218770E-01   0.195820E-01
   0.239063E-05  -0.580971E-02   0.220388E-01   0.197242E-01
   0.239063E-05  -0.581058E-02   0.219407E-01   0.196399E-01
   0.239063E-05  -0.581091E-02   0.218900E-01   0.195932E-01
   0.239063E-05  -0.581073E-02   0.219223E-01   0.196239E-01
   0.238553E-05  -0.581093E-02   0.218729E-01   0.195615E-01
   0.238553E-05  -0.581129E-02   0.218467E-01   0.195403E-01
   0.238553E-05  -0.581093E-02   0.218733E-01   0.195618E-01
   0.238553E-05  -0.581137E-02   0.218481E-01   0.195401E-01
   0.238553E-05  -0.581142E-02   0.218444E-01   0.195369E-01
   0.238553E-05  -0.581135E-02   0.218433E-01   0.195374E-01
   0.221682E-05  -0.566197E-02   0.212570E-01   0.190835E-01
   0.221682E-05  -0.565905E-02   0.214465E-01   0.192441E-01
   0.221682E-05  -0.566236E-02   0.212315E-01   0.190613E-01
   0.219785E-05  -0.565777E-02   0.215354E-01   0.193215E-01
   0.219785E-05  -0.565798E-02   0.215120E-01   0.192925E-01
   0.219785E-05  -0.565767E-02   0.215357E-01   0.193233E-01
   0.219785E-05  -0.565766E-02   0.215371E-01   0.193245E-01
   0.219785E-05  -0.565797E-02   0.215120E-01   0.192925E-01
   0.219785E-05  -0.565778E-02   0.215340E-01   0.193203E-01
   0.203686E-05  -0.551530E-02   0.207282E-01   0.186589E-01
   0.203686E-05  -0.551505E-02   0.208163E-01   0.187260E-01
   0.203686E-05  -0.551269E-02   0.209357E-01   0.188297E-01
   0.203686E-05  -0.551274E-02   0.209239E-01   0.188195E-01
   0.203686E-05  -0.551541E-02   0.207889E-01   0.187021E-01
   0.203686E-05  -0.551561E-02   0.207126E-01   0.186453E-01
   0.202588E-05  -0.551269E-02   0.208649E-01   0.187777E-01
   0.202588E-05  -0.551121E-02   0.211437E-01   0.190216E-01
