
 OUTPUT SELF-ENERGY DIAGONAL MATRIX ELEMENTS (eV) :

    n  rep     occ       E_0      V_xc   Sigma_x   Sigma_c  Sigma-V_xc    E_qp  
    1    1   1.000   -18.485   -16.095   -16.679    -1.989    -2.573   -21.058
    2    1   1.000   -17.473   -15.643   -15.992    -1.856    -2.205   -19.678
    3    1   1.000   -10.724   -16.923   -16.866    -2.060    -2.002   -12.726
    4    1   1.000    -6.628   -13.810   -13.219    -1.814    -1.223    -7.851
    5    1   0.000    -2.574   -13.155   -11.094    -1.697     0.364    -2.210
    6    1   0.000     3.200   -14.496   -12.021    -1.728     0.747     3.946

-----------------------------------------------------------------

 OUTPUT SELF-ENERGY OFF-DIAGONAL MATRIX ELEMENTS (eV) :
   n1   n2  rep        V_xc       Sigma_x      Sigma_c   Sigma-V_xc
    1    2    1        0.006       -0.013       -0.010       -0.029
    1    3    1        0.000        0.000        0.000        0.000
    1    4    1        0.000        0.000        0.000        0.000
    1    5    1        0.000        0.000        0.000        0.000
    1    6    1       -0.064       -0.106       -0.056       -0.097
    2    3    1        0.000        0.000        0.000        0.000
    2    4    1        0.000        0.000        0.000        0.000
    2    5    1        0.000       -0.005        0.000       -0.005
    2    6    1        1.009        1.219        0.185        0.395
    3    4    1        0.000        0.000        0.000        0.000
    3    5    1        0.000        0.000        0.000        0.000
    3    6    1        0.000        0.000        0.000        0.000
    4    5    1        0.025        0.031        0.013        0.018
    4    6    1        0.000        0.000        0.000        0.000
    5    6    1        0.000        0.000        0.000        0.000

-----------------------------------------------------------------
