
 OUTPUT SELF-ENERGY DIAGONAL MATRIX ELEMENTS (eV) :

    n  rep     occ       E_0      V_xc   Sigma_x   Sigma_c  Sigma-V_xc    E_qp  
    1    1   1.000   -22.286   -15.445   -16.214    -1.857    -2.625   -24.911
    2    1   1.000   -11.694   -16.682   -16.701    -2.058    -2.078   -13.772
    3    1   1.000   -10.165   -13.019   -12.811    -1.704    -1.495   -11.660
    4    1   1.000    -9.372   -17.094   -16.952    -2.088    -1.946   -11.318
    5    1   0.000     1.033    -3.253    -2.277    -0.587     0.390     1.423
    6    1   0.000     1.833    -1.835    -1.294    -0.300     0.241     2.074

-----------------------------------------------------------------

 OUTPUT SELF-ENERGY OFF-DIAGONAL MATRIX ELEMENTS (eV) :
   n1   n2  rep        V_xc       Sigma_x      Sigma_c   Sigma-V_xc
    1    2    1        0.046        0.045        0.004        0.003
    1    3    1        0.000        0.000        0.000        0.000
    1    4    1        0.000        0.000        0.000        0.000
    1    5    1       -1.430       -1.417       -0.124       -0.111
    1    6    1        0.000       -0.013        0.000       -0.013
    2    3    1        0.000        0.002        0.000        0.002
    2    4    1        0.000        0.000        0.000        0.000
    2    5    1        0.005        0.002       -0.001       -0.004
    2    6    1        0.000        0.007        0.000        0.007
    3    4    1        0.000        0.000        0.000        0.000
    3    5    1        0.000       -0.001        0.000       -0.002
    3    6    1       -0.903       -0.843       -0.092       -0.032
    4    5    1        0.000        0.000        0.000        0.000
    4    6    1        0.000        0.000        0.000        0.000
    5    6    1        0.000        0.008        0.000        0.008

-----------------------------------------------------------------
