
 OUTPUT SELF-ENERGY DIAGONAL MATRIX ELEMENTS (eV) :

    n  rep     occ       E_0      V_xc   Sigma_x   Sigma_c  Sigma-V_xc    E_qp  
    1    1   1.000   -23.760   -15.295   -16.164    -1.832    -2.701   -26.461
    2    1   1.000   -11.896   -12.810   -12.780    -1.677    -1.647   -13.543
    3    1   1.000    -7.373   -17.552   -17.326    -2.211    -1.985    -9.358
    4    1   1.000    -7.372   -17.496   -17.273    -2.154    -1.932    -9.304
    5    1   0.000    -0.974    -3.072    -2.143    -0.557     0.372    -0.602
    6    1   0.000    -0.185    -1.538    -1.070    -0.255     0.214     0.029

-----------------------------------------------------------------

 OUTPUT SELF-ENERGY OFF-DIAGONAL MATRIX ELEMENTS (eV) :
   n1   n2  rep        V_xc       Sigma_x      Sigma_c   Sigma-V_xc
    1    2    1        0.000        0.000        0.000        0.000
    1    3    1       -0.011       -0.028       -0.028       -0.044
    1    4    1        0.000        0.000        0.000        0.000
    1    5    1       -1.432       -1.421       -0.122       -0.111
    1    6    1        0.000        0.000        0.000        0.000
    2    3    1        0.000        0.000        0.000        0.000
    2    4    1        0.000        0.000        0.000        0.000
    2    5    1        0.000        0.000        0.000        0.000
    2    6    1       -1.662       -1.559       -0.166       -0.064
    3    4    1        0.000        0.000        0.000        0.000
    3    5    1        0.002       -0.001       -0.003       -0.006
    3    6    1        0.000        0.000        0.000        0.000
    4    5    1        0.000        0.000        0.000        0.000
    4    6    1        0.000        0.000        0.000        0.000
    5    6    1        0.000        0.000        0.000        0.000

-----------------------------------------------------------------
