
 OUTPUT SELF-ENERGY DIAGONAL MATRIX ELEMENTS (eV) :

    n  rep     occ       E_0      V_xc   Sigma_x   Sigma_c  Sigma-V_xc    E_qp  
    1    1   1.000   -22.286   -15.443   -16.211    -1.854    -2.622   -24.908
    2    1   1.000   -11.695   -16.660   -16.683    -2.039    -2.062   -13.757
    3    1   1.000   -10.165   -13.018   -12.809    -1.703    -1.493   -11.658
    4    1   1.000    -9.373   -17.134   -16.993    -2.133    -1.992   -11.365
    5    1   0.000     1.033    -3.252    -2.275    -0.586     0.391     1.424
    6    1   0.000     1.833    -1.835    -1.294    -0.300     0.241     2.074

-----------------------------------------------------------------

 OUTPUT SELF-ENERGY OFF-DIAGONAL MATRIX ELEMENTS (eV) :
   n1   n2  rep        V_xc       Sigma_x      Sigma_c   Sigma-V_xc
    1    2    1        0.048        0.060        0.022        0.034
    1    3    1        0.000        0.000        0.000        0.000
    1    4    1       -0.001        0.001        0.001        0.003
    1    5    1       -1.429       -1.415       -0.122       -0.108
    1    6    1        0.000       -0.004        0.000       -0.004
    2    3    1        0.000        0.002        0.000        0.002
    2    4    1        0.007        0.014        0.014        0.021
    2    5    1        0.003        0.004        0.002        0.002
    2    6    1        0.000       -0.020        0.000       -0.020
    3    4    1        0.000        0.000        0.000        0.000
    3    5    1        0.000       -0.001        0.000       -0.001
    3    6    1        1.674        1.560        0.168        0.055
    4    5    1        0.000        0.001        0.000        0.001
    4    6    1        0.000        0.000        0.000        0.000
    5    6    1        0.000        0.003        0.000        0.003

-----------------------------------------------------------------
