
 OUTPUT SELF-ENERGY DIAGONAL MATRIX ELEMENTS (eV) :

    n  rep     occ       E_0      V_xc   Sigma_x   Sigma_c  Sigma-V_xc    E_qp  
    1    1   1.000   -18.481   -16.080   -16.647    -1.957    -2.523   -21.004
    2    1   1.000   -17.479   -15.643   -16.012    -1.875    -2.244   -19.723
    3    1   1.000   -10.727   -16.963   -16.908    -2.105    -2.051   -12.777
    4    1   1.000    -6.627   -13.801   -13.204    -1.801    -1.204    -7.831
    5    1   0.000    -2.576   -13.170   -11.119    -1.720     0.331    -2.245
    6    1   0.000     3.205   -14.452   -11.945    -1.653     0.854     4.060

-----------------------------------------------------------------

 OUTPUT SELF-ENERGY OFF-DIAGONAL MATRIX ELEMENTS (eV) :
   n1   n2  rep        V_xc       Sigma_x      Sigma_c   Sigma-V_xc
    1    2    1        0.014        0.016        0.019        0.022
    1    3    1       -0.005       -0.017       -0.015       -0.028
    1    4    1        0.000        0.000        0.000        0.000
    1    5    1        0.000        0.000        0.000        0.000
    1    6    1       -0.048       -0.058       -0.010       -0.020
    2    3    1        0.003        0.021        0.022        0.041
    2    4    1        0.000        0.000        0.000        0.000
    2    5    1        0.000       -0.007        0.000       -0.007
    2    6    1        1.024        1.246        0.214        0.436
    3    4    1        0.000        0.000        0.000        0.000
    3    5    1        0.000        0.000        0.000        0.000
    3    6    1       -0.008       -0.010       -0.008       -0.010
    4    5    1       -0.032       -0.043       -0.023       -0.034
    4    6    1        0.000        0.000        0.000        0.000
    5    6    1        0.000        0.000        0.000        0.000

-----------------------------------------------------------------
