# OUTPUT ENERGY EIGENVALUES (eV) :
    #  rep     occ        E_0     V_xc + delta_Vh    delta_Vh       Im{Sigma}
    1    1     1.000     1.235        -12.721          0.055          1.877
    2    1     1.000     8.101        -12.276          0.133          0.341
    3    1     1.000    11.698        -10.997          0.073          0.087
    4    1     1.000    13.630        -12.239          0.350          0.059
    5    1     0.000    19.221         -9.597         -0.122         -0.105
    6    1     0.000    20.188         -8.739         -0.066         -0.116
    7    1     0.000    22.824         -7.551         -0.179         -0.221
    8    1     0.000    24.044         -8.323         -0.044         -0.271
    9    1     0.000    26.160         -8.036         -0.089         -0.432
   10    1     0.000    27.797         -7.223         -0.024         -0.793
   11    1     0.000    29.316         -7.499          0.031         -0.921
   12    1     0.000    30.793         -6.717          0.027         -1.623
 
