# OUTPUT ENERGY EIGENVALUES (eV) :
    #  rep     occ        E_0     V_xc + delta_Vh    delta_Vh       Im{Sigma}
    1    1     1.000     1.540        -12.532         -0.017          1.671
    2    1     1.000     7.846        -12.722          0.056          0.350
    3    1     1.000    12.206        -11.271          0.011          0.082
    4    1     1.000    13.021        -11.593          0.016          0.068
    5    1     0.000    18.730         -8.047         -0.003         -0.090
    6    1     0.000    19.927         -8.993          0.006         -0.131
    7    1     0.000    22.840         -7.955         -0.011         -0.206
    8    1     0.000    24.223         -8.908         -0.007         -0.287
    9    1     0.000    25.643         -8.942         -0.023         -0.465
   10    1     0.000    28.695         -7.774          0.015         -1.003
   11    1     0.000    29.245         -7.337          0.010         -1.125
   12    1     0.000    32.272         -5.634         -0.003         -1.426
 
