# OUTPUT ENERGY EIGENVALUES (eV) :
    #  rep     occ        E_0     V_xc + delta_Vh    delta_Vh       Im{Sigma}
    1    1     1.000     2.514        -12.513          0.059          1.244
    2    1     1.000     5.712        -12.659         -0.216          0.843
    3    1     1.000    10.993        -10.664         -0.036          0.054
    4    1     1.000    12.510        -11.674          0.008          0.065
    5    1     0.000    19.505         -8.426         -0.026         -0.105
    6    1     0.000    20.878         -7.787          0.024         -0.126
    7    1     0.000    23.010         -8.536          0.053         -0.163
    8    1     0.000    23.508         -8.426         -0.016         -0.274
    9    1     0.000    25.707         -8.605          0.011         -0.330
   10    1     0.000    26.202         -8.112          0.021         -0.409
   11    1     0.000    29.556         -6.740          0.055         -1.441
   12    1     0.000    31.697         -7.916          0.010         -1.825
 
