# OUTPUT ENERGY EIGENVALUES (eV) :
    #  rep     occ        E_0     V_xc + delta_Vh    delta_Vh       Im{Sigma}
    1    1     1.000     3.033        -13.063          0.060          1.307
    2    1     1.000     5.031        -12.388         -0.002          0.848
    3    1     1.000    10.837        -10.507         -0.001          0.073
    4    1     1.000    11.332        -11.312          0.059          0.088
    5    1     0.000    19.227         -8.346         -0.043         -0.088
    6    1     0.000    21.711         -7.805         -0.005         -0.144
    7    1     0.000    22.911         -8.358          0.003         -0.185
    8    1     0.000    23.290         -8.765         -0.013         -0.164
    9    1     0.000    26.618         -8.809         -0.015         -0.437
   10    1     0.000    27.871         -8.019         -0.003         -0.470
   11    1     0.000    30.653         -8.665         -0.025         -1.762
   12    1     0.000    32.368         -7.846          0.010         -2.115
 
