# OUTPUT ENERGY EIGENVALUES (eV) :
    #  rep     occ        E_0     V_xc + delta_Vh    delta_Vh       Im{Sigma}
    1    1     1.000     1.317        -12.536         -0.391          1.539
    2    1     1.000     6.743        -12.543          0.009          0.484
    3    1     1.000    11.042        -10.961         -0.162          0.089
    4    1     1.000    12.661        -11.614         -0.166          0.073
    5    1     0.000    18.898         -9.296          0.113         -0.087
    6    1     0.000    20.250         -7.970         -0.087         -0.098
    7    1     0.000    21.998         -7.510          0.027         -0.149
    8    1     0.000    22.401         -8.833          0.197         -0.137
    9    1     0.000    25.097         -7.790          0.040         -0.356
   10    1     0.000    27.899         -7.902          0.318         -0.711
   11    1     0.000    28.487         -8.378          0.073         -0.773
   12    1     0.000    30.442         -6.755          0.093         -1.038
 
