# OUTPUT ENERGY EIGENVALUES (eV) :
    #  rep     occ        E_0     V_xc + delta_Vh    delta_Vh       Im{Sigma}
    1    1     1.000     0.598        -12.897          0.087          1.934
    2    1     1.000     9.264        -12.334         -0.053          0.206
    3    1     1.000    12.670        -11.424          0.087          0.083
    4    1     1.000    13.446        -12.106          0.233          0.066
    5    1     0.000    19.176        -10.276         -0.058         -0.115
    6    1     0.000    19.691         -8.372          0.008         -0.115
    7    1     0.000    21.806         -8.609         -0.035         -0.173
    8    1     0.000    22.876         -7.868         -0.080         -0.200
    9    1     0.000    25.083         -7.912         -0.033         -0.372
   10    1     0.000    27.903         -6.985          0.030         -0.757
   11    1     0.000    28.289         -6.969         -0.034         -0.688
   12    1     0.000    30.939         -6.048         -0.029         -1.111
 
