# OUTPUT ENERGY EIGENVALUES (eV) :
    #  rep     occ        E_0     V_xc + delta_Vh    delta_Vh       Im{Sigma}
    1    1     1.000     3.288        -13.334          0.441          1.149
    2    1     1.000     4.448        -12.752         -0.012          0.949
    3    1     1.000    10.761        -10.945          0.183          0.055
    4    1     1.000    11.456        -11.021          0.019          0.091
    5    1     0.000    20.210         -7.971         -0.049         -0.110
    6    1     0.000    20.783         -8.485         -0.241         -0.107
    7    1     0.000    21.292         -7.616          0.059         -0.108
    8    1     0.000    24.551         -8.691         -0.119         -0.269
    9    1     0.000    26.037         -8.921          0.105         -0.701
   10    1     0.000    27.836         -8.678         -0.096         -0.605
   11    1     0.000    30.286         -8.305         -0.127         -1.473
   12    1     0.000    32.115         -6.669         -0.203         -1.725
 
