# OUTPUT ENERGY EIGENVALUES (eV) :
    #  rep     occ        E_0     V_xc + delta_Vh    delta_Vh       Im{Sigma}
    1    1     1.000     2.305        -12.919          0.054          1.525
    2    1     1.000     6.405        -12.216          0.025          0.643
    3    1     1.000    10.884        -10.482          0.016          0.063
    4    1     1.000    13.029        -11.821          0.169          0.067
    5    1     0.000    19.533         -9.486         -0.015         -0.110
    6    1     0.000    21.320         -8.496         -0.051         -0.137
    7    1     0.000    23.302         -7.934         -0.089         -0.235
    8    1     0.000    24.728         -8.436          0.035         -0.612
    9    1     0.000    25.573         -8.263         -0.017         -0.348
   10    1     0.000    27.458         -8.396         -0.023         -0.589
   11    1     0.000    30.560         -6.181         -0.027         -1.012
   12    1     0.000    32.510         -7.697         -0.010         -1.905
 
