       1       1     4.314   1   1     2.889     2.889
       2       2    10.067   1   1     7.703     7.703
       3       3    13.863   1   1    11.471    11.471
       4       4    15.743   1   1    13.175    13.175
       5       5    21.812   1   1    17.543    17.543
       6       6    22.757   1   1    18.435    18.435
       7       7    24.393   1   1    20.047    20.047
       8       8    25.178   1   1    20.860    20.860
       9       9    27.680   1   1    23.116    23.116
      10      10    30.509   1   1    25.809    25.809
      11      11    31.607   1   1    26.774    26.774
      12      12    33.234   1   1    27.969    27.969
       1       2    -0.025   1   1     0.000
       2       1     0.064   1   1     0.000
       1       3     0.375   1   1     0.000
       3       1     0.315   1   1     0.000
       1       4    -0.083   1   1     0.000
       4       1    -0.048   1   1     0.000
       1       5    -0.013   1   1     0.000
       5       1     0.010   1   1     0.000
       1       6     0.250   1   1     0.000
       6       1     0.075   1   1     0.000
       1       7    -0.104   1   1     0.000
       7       1    -0.012   1   1     0.000
       1       8     0.066   1   1     0.000
       8       1    -0.003   1   1     0.000
       1       9    -0.075   1   1     0.000
       9       1    -0.011   1   1     0.000
       1      10     0.093   1   1     0.000
      10       1    -0.078   1   1     0.000
       1      11     0.022   1   1     0.000
      11       1     0.115   1   1     0.000
       1      12    -0.207   1   1     0.000
      12       1    -0.056   1   1     0.000
       2       3     0.085   1   1     0.000
       3       2     0.061   1   1     0.000
       2       4    -0.070   1   1     0.000
       4       2    -0.098   1   1     0.000
       2       5     0.135   1   1     0.000
       5       2     0.122   1   1     0.000
       2       6     0.194   1   1     0.000
       6       2     0.142   1   1     0.000
       2       7    -0.106   1   1     0.000
       7       2    -0.126   1   1     0.000
       2       8     0.069   1   1     0.000
       8       2     0.038   1   1     0.000
       2       9    -0.107   1   1     0.000
       9       2    -0.150   1   1     0.000
       2      10     0.077   1   1     0.000
      10       2     0.000   1   1     0.000
       2      11     0.205   1   1     0.000
      11       2     0.083   1   1     0.000
       2      12     0.011   1   1     0.000
      12       2     0.034   1   1     0.000
       3       4     0.040   1   1     0.000
       4       3     0.044   1   1     0.000
       3       5    -0.125   1   1     0.000
       5       3    -0.152   1   1     0.000
       3       6    -0.034   1   1     0.000
       6       3     0.038   1   1     0.000
       3       7    -0.019   1   1     0.000
       7       3    -0.058   1   1     0.000
       3       8     0.005   1   1     0.000
       8       3     0.070   1   1     0.000
       3       9    -0.028   1   1     0.000
       9       3    -0.058   1   1     0.000
       3      10    -0.027   1   1     0.000
      10       3     0.043   1   1     0.000
       3      11     0.077   1   1     0.000
      11       3     0.024   1   1     0.000
       3      12    -0.074   1   1     0.000
      12       3     0.070   1   1     0.000
       4       5    -0.062   1   1     0.000
       5       4    -0.069   1   1     0.000
       4       6    -0.104   1   1     0.000
       6       4    -0.129   1   1     0.000
       4       7     0.015   1   1     0.000
       7       4    -0.035   1   1     0.000
       4       8     0.051   1   1     0.000
       8       4     0.056   1   1     0.000
       4       9     0.033   1   1     0.000
       9       4     0.063   1   1     0.000
       4      10     0.017   1   1     0.000
      10       4     0.005   1   1     0.000
       4      11     0.021   1   1     0.000
      11       4    -0.010   1   1     0.000
       4      12     0.040   1   1     0.000
      12       4     0.056   1   1     0.000
       5       6     0.169   1   1     0.000
       6       5     0.164   1   1     0.000
       5       7    -0.086   1   1     0.000
       7       5    -0.073   1   1     0.000
       5       8     0.006   1   1     0.000
       8       5     0.009   1   1     0.000
       5       9    -0.133   1   1     0.000
       9       5    -0.086   1   1     0.000
       5      10     0.137   1   1     0.000
      10       5     0.079   1   1     0.000
       5      11    -0.083   1   1     0.000
      11       5    -0.059   1   1     0.000
       5      12     0.051   1   1     0.000
      12       5     0.050   1   1     0.000
       6       7    -0.085   1   1     0.000
       7       6    -0.075   1   1     0.000
       6       8     0.029   1   1     0.000
       8       6     0.028   1   1     0.000
       6       9    -0.014   1   1     0.000
       9       6    -0.009   1   1     0.000
       6      10    -0.217   1   1     0.000
      10       6    -0.059   1   1     0.000
       6      11     0.045   1   1     0.000
      11       6     0.009   1   1     0.000
       6      12     0.107   1   1     0.000
      12       6     0.065   1   1     0.000
       7       8     0.053   1   1     0.000
       8       7     0.053   1   1     0.000
       7       9     0.017   1   1     0.000
       9       7    -0.013   1   1     0.000
       7      10    -0.069   1   1     0.000
      10       7    -0.032   1   1     0.000
       7      11    -0.236   1   1     0.000
      11       7    -0.184   1   1     0.000
       7      12     0.136   1   1     0.000
      12       7     0.108   1   1     0.000
       8       9    -0.045   1   1     0.000
       9       8    -0.030   1   1     0.000
       8      10    -0.029   1   1     0.000
      10       8     0.010   1   1     0.000
       8      11     0.028   1   1     0.000
      11       8     0.018   1   1     0.000
       8      12    -0.037   1   1     0.000
      12       8    -0.003   1   1     0.000
       9      10    -0.023   1   1     0.000
      10       9    -0.026   1   1     0.000
       9      11    -0.089   1   1     0.000
      11       9    -0.060   1   1     0.000
       9      12     0.011   1   1     0.000
      12       9     0.014   1   1     0.000
      10      11    -0.098   1   1     0.000
      11      10    -0.092   1   1     0.000
      10      12     0.162   1   1     0.000
      12      10     0.114   1   1     0.000
      11      12    -0.138   1   1     0.000
      12      11    -0.132   1   1     0.000
       1       1     3.670   1   2     2.156     2.156
       2       2    12.536   1   2    10.003    10.003
       3       3    15.599   1   2    13.082    13.082
       4       4    16.582   1   2    14.171    14.171
       5       5    22.145   1   2    17.895    17.895
       6       6    22.540   1   2    18.531    18.531
       7       7    24.531   1   2    20.244    20.244
       8       8    25.431   1   2    21.123    21.123
       9       9    27.762   1   2    23.185    23.185
      10      10    30.579   1   2    25.744    25.744
      11      11    30.765   1   2    26.011    26.011
      12      12    33.456   1   2    28.193    28.193
       1       2    -0.069   1   2     0.000
       2       1    -0.054   1   2     0.000
       1       3     0.179   1   2     0.000
       3       1     0.056   1   2     0.000
       1       4     0.088   1   2     0.000
       4       1    -0.063   1   2     0.000
       1       5    -0.224   1   2     0.000
       5       1    -0.080   1   2     0.000
       1       6     0.160   1   2     0.000
       6       1     0.017   1   2     0.000
       1       7    -0.025   1   2     0.000
       7       1    -0.003   1   2     0.000
       1       8     0.144   1   2     0.000
       8       1     0.050   1   2     0.000
       1       9     0.146   1   2     0.000
       9       1    -0.037   1   2     0.000
       1      10    -0.161   1   2     0.000
      10       1     0.103   1   2     0.000
       1      11     0.011   1   2     0.000
      11       1    -0.109   1   2     0.000
       1      12     0.053   1   2     0.000
      12       1     0.048   1   2     0.000
       2       3    -0.011   1   2     0.000
       3       2    -0.037   1   2     0.000
       2       4     0.048   1   2     0.000
       4       2     0.013   1   2     0.000
       2       5     0.254   1   2     0.000
       5       2     0.255   1   2     0.000
       2       6     0.099   1   2     0.000
       6       2     0.097   1   2     0.000
       2       7     0.091   1   2     0.000
       7       2     0.110   1   2     0.000
       2       8     0.031   1   2     0.000
       8       2     0.037   1   2     0.000
       2       9     0.144   1   2     0.000
       9       2     0.159   1   2     0.000
       2      10    -0.011   1   2     0.000
      10       2    -0.003   1   2     0.000
       2      11    -0.183   1   2     0.000
      11       2    -0.100   1   2     0.000
       2      12     0.099   1   2     0.000
      12       2    -0.002   1   2     0.000
       3       4    -0.046   1   2     0.000
       4       3    -0.047   1   2     0.000
       3       5    -0.050   1   2     0.000
       5       3    -0.066   1   2     0.000
       3       6     0.172   1   2     0.000
       6       3     0.193   1   2     0.000
       3       7     0.006   1   2     0.000
       7       3    -0.013   1   2     0.000
       3       8     0.022   1   2     0.000
       8       3     0.037   1   2     0.000
       3       9     0.012   1   2     0.000
       9       3     0.004   1   2     0.000
       3      10     0.104   1   2     0.000
      10       3     0.038   1   2     0.000
       3      11    -0.018   1   2     0.000
      11       3    -0.065   1   2     0.000
       3      12     0.170   1   2     0.000
      12       3     0.117   1   2     0.000
       4       5    -0.138   1   2     0.000
       5       4    -0.144   1   2     0.000
       4       6     0.211   1   2     0.000
       6       4     0.203   1   2     0.000
       4       7     0.054   1   2     0.000
       7       4     0.075   1   2     0.000
       4       8    -0.091   1   2     0.000
       8       4    -0.054   1   2     0.000
       4       9    -0.054   1   2     0.000
       9       4    -0.042   1   2     0.000
       4      10    -0.004   1   2     0.000
      10       4     0.006   1   2     0.000
       4      11    -0.031   1   2     0.000
      11       4    -0.006   1   2     0.000
       4      12     0.087   1   2     0.000
      12       4     0.072   1   2     0.000
       5       6     0.197   1   2     0.000
       6       5     0.192   1   2     0.000
       5       7     0.091   1   2     0.000
       7       5     0.090   1   2     0.000
       5       8     0.030   1   2     0.000
       8       5     0.048   1   2     0.000
       5       9     0.152   1   2     0.000
       9       5     0.109   1   2     0.000
       5      10    -0.187   1   2     0.000
      10       5    -0.141   1   2     0.000
       5      11     0.065   1   2     0.000
      11       5     0.021   1   2     0.000
       5      12     0.142   1   2     0.000
      12       5     0.160   1   2     0.000
       6       7    -0.123   1   2     0.000
       7       6    -0.135   1   2     0.000
       6       8     0.016   1   2     0.000
       8       6     0.025   1   2     0.000
       6       9     0.160   1   2     0.000
       9       6     0.167   1   2     0.000
       6      10     0.239   1   2     0.000
      10       6     0.104   1   2     0.000
       6      11    -0.147   1   2     0.000
      11       6    -0.079   1   2     0.000
       6      12     0.043   1   2     0.000
      12       6     0.083   1   2     0.000
       7       8    -0.117   1   2     0.000
       8       7    -0.115   1   2     0.000
       7       9     0.089   1   2     0.000
       9       7     0.071   1   2     0.000
       7      10    -0.098   1   2     0.000
      10       7    -0.115   1   2     0.000
       7      11    -0.246   1   2     0.000
      11       7    -0.207   1   2     0.000
       7      12     0.282   1   2     0.000
      12       7     0.184   1   2     0.000
       8       9    -0.027   1   2     0.000
       9       8    -0.016   1   2     0.000
       8      10     0.060   1   2     0.000
      10       8     0.030   1   2     0.000
       8      11    -0.039   1   2     0.000
      11       8     0.027   1   2     0.000
       8      12     0.172   1   2     0.000
      12       8     0.084   1   2     0.000
       9      10    -0.043   1   2     0.000
      10       9    -0.030   1   2     0.000
       9      11    -0.092   1   2     0.000
      11       9    -0.101   1   2     0.000
       9      12    -0.057   1   2     0.000
      12       9    -0.010   1   2     0.000
      10      11     0.037   1   2     0.000
      11      10     0.042   1   2     0.000
      10      12     0.005   1   2     0.000
      12      10    -0.024   1   2     0.000
      11      12     0.018   1   2     0.000
      12      11     0.010   1   2     0.000
       1       1     6.377   1   3     4.621     4.621
       2       2     7.737   1   3     5.764     5.764
       3       3    13.487   1   3    11.017    11.017
       4       4    14.238   1   3    11.752    11.752
       5       5    22.662   1   3    18.513    18.513
       6       6    23.367   1   3    19.291    19.291
       7       7    23.799   1   3    19.504    19.504
       8       8    27.484   1   3    23.123    23.123
       9       9    28.956   1   3    24.479    24.479
      10      10    30.893   1   3    26.247    26.247
      11      11    33.927   1   3    28.247    28.247
      12      12    35.098   1   3    29.616    29.616
       1       2    -0.265   1   3     0.000
       2       1    -0.194   1   3     0.000
       1       3    -0.189   1   3     0.000
       3       1    -0.168   1   3     0.000
       1       4    -0.277   1   3     0.000
       4       1    -0.187   1   3     0.000
       1       5     0.211   1   3     0.000
       5       1     0.156   1   3     0.000
       1       6    -0.044   1   3     0.000
       6       1    -0.016   1   3     0.000
       1       7     0.015   1   3     0.000
       7       1     0.041   1   3     0.000
       1       8    -0.262   1   3     0.000
       8       1    -0.189   1   3     0.000
       1       9     0.049   1   3     0.000
       9       1     0.040   1   3     0.000
       1      10    -0.052   1   3     0.000
      10       1    -0.045   1   3     0.000
       1      11    -0.139   1   3     0.000
      11       1    -0.118   1   3     0.000
       1      12     0.090   1   3     0.000
      12       1    -0.098   1   3     0.000
       2       3     0.015   1   3     0.000
       3       2     0.029   1   3     0.000
       2       4    -0.140   1   3     0.000
       4       2    -0.166   1   3     0.000
       2       5     0.184   1   3     0.000
       5       2     0.127   1   3     0.000
       2       6    -0.052   1   3     0.000
       6       2    -0.078   1   3     0.000
       2       7    -0.202   1   3     0.000
       7       2    -0.161   1   3     0.000
       2       8    -0.191   1   3     0.000
       8       2    -0.174   1   3     0.000
       2       9     0.106   1   3     0.000
       9       2     0.105   1   3     0.000
       2      10    -0.231   1   3     0.000
      10       2    -0.187   1   3     0.000
       2      11     0.084   1   3     0.000
      11       2     0.004   1   3     0.000
       2      12    -0.019   1   3     0.000
      12       2     0.091   1   3     0.000
       3       4    -0.002   1   3     0.000
       4       3    -0.004   1   3     0.000
       3       5     0.134   1   3     0.000
       5       3     0.051   1   3     0.000
       3       6     0.068   1   3     0.000
       6       3     0.000   1   3     0.000
       3       7     0.038   1   3     0.000
       7       3     0.049   1   3     0.000
       3       8    -0.084   1   3     0.000
       8       3    -0.118   1   3     0.000
       3       9    -0.078   1   3     0.000
       9       3    -0.139   1   3     0.000
       3      10     0.088   1   3     0.000
      10       3     0.153   1   3     0.000
       3      11     0.052   1   3     0.000
      11       3     0.042   1   3     0.000
       3      12    -0.003   1   3     0.000
      12       3    -0.019   1   3     0.000
       4       5    -0.157   1   3     0.000
       5       4    -0.053   1   3     0.000
       4       6    -0.002   1   3     0.000
       6       4    -0.090   1   3     0.000
       4       7     0.036   1   3     0.000
       7       4     0.065   1   3     0.000
       4       8    -0.014   1   3     0.000
       8       4    -0.002   1   3     0.000
       4       9    -0.006   1   3     0.000
       9       4    -0.031   1   3     0.000
       4      10     0.010   1   3     0.000
      10       4     0.049   1   3     0.000
       4      11     0.038   1   3     0.000
      11       4    -0.005   1   3     0.000
       4      12    -0.019   1   3     0.000
      12       4    -0.025   1   3     0.000
       5       6    -0.013   1   3     0.000
       6       5    -0.010   1   3     0.000
       5       7    -0.079   1   3     0.000
       7       5    -0.076   1   3     0.000
       5       8    -0.173   1   3     0.000
       8       5    -0.139   1   3     0.000
       5       9    -0.057   1   3     0.000
       9       5    -0.060   1   3     0.000
       5      10    -0.112   1   3     0.000
      10       5    -0.068   1   3     0.000
       5      11    -0.130   1   3     0.000
      11       5    -0.064   1   3     0.000
       5      12    -0.274   1   3     0.000
      12       5    -0.175   1   3     0.000
       6       7    -0.015   1   3     0.000
       7       6    -0.015   1   3     0.000
       6       8    -0.027   1   3     0.000
       8       6    -0.008   1   3     0.000
       6       9    -0.062   1   3     0.000
       9       6    -0.044   1   3     0.000
       6      10     0.066   1   3     0.000
      10       6     0.019   1   3     0.000
       6      11     0.016   1   3     0.000
      11       6     0.046   1   3     0.000
       6      12     0.080   1   3     0.000
      12       6     0.054   1   3     0.000
       7       8     0.003   1   3     0.000
       8       7     0.000   1   3     0.000
       7       9    -0.038   1   3     0.000
       9       7    -0.015   1   3     0.000
       7      10     0.106   1   3     0.000
      10       7     0.064   1   3     0.000
       7      11     0.188   1   3     0.000
      11       7     0.104   1   3     0.000
       7      12    -0.191   1   3     0.000
      12       7    -0.082   1   3     0.000
       8       9    -0.078   1   3     0.000
       9       8    -0.078   1   3     0.000
       8      10    -0.017   1   3     0.000
      10       8     0.018   1   3     0.000
       8      11     0.088   1   3     0.000
      11       8     0.078   1   3     0.000
       8      12    -0.013   1   3     0.000
      12       8    -0.078   1   3     0.000
       9      10     0.042   1   3     0.000
      10       9     0.028   1   3     0.000
       9      11     0.125   1   3     0.000
      11       9     0.082   1   3     0.000
       9      12     0.071   1   3     0.000
      12       9     0.052   1   3     0.000
      10      11    -0.137   1   3     0.000
      11      10    -0.154   1   3     0.000
      10      12     0.009   1   3     0.000
      12      10    -0.037   1   3     0.000
      11      12    -0.011   1   3     0.000
      12      11     0.041   1   3     0.000
       1       1     5.435   1   4     3.760     3.760
       2       2     9.356   1   4     7.176     7.176
       3       3    13.545   1   4    10.953    10.953
       4       4    16.007   1   4    13.744    13.744
       5       5    22.474   1   4    18.525    18.525
       6       6    23.996   1   4    19.826    19.826
       7       7    25.808   1   4    21.679    21.679
       8       8    27.395   1   4    23.200    23.200
       9       9    28.292   1   4    23.727    23.727
      10      10    30.349   1   4    25.803    25.803
      11      11    32.966   1   4    28.131    28.131
      12      12    36.516   1   4    30.178    30.178
       1       2    -0.024   1   4     0.000
       2       1    -0.042   1   4     0.000
       1       3    -0.156   1   4     0.000
       3       1    -0.031   1   4     0.000
       1       4     0.086   1   4     0.000
       4       1     0.067   1   4     0.000
       1       5    -0.052   1   4     0.000
       5       1    -0.027   1   4     0.000
       1       6     0.230   1   4     0.000
       6       1     0.162   1   4     0.000
       1       7    -0.059   1   4     0.000
       7       1    -0.033   1   4     0.000
       1       8    -0.280   1   4     0.000
       8       1    -0.199   1   4     0.000
       1       9    -0.025   1   4     0.000
       9       1     0.013   1   4     0.000
       1      10    -0.169   1   4     0.000
      10       1    -0.202   1   4     0.000
       1      11    -0.169   1   4     0.000
      11       1     0.040   1   4     0.000
       1      12    -0.051   1   4     0.000
      12       1     0.088   1   4     0.000
       2       3    -0.121   1   4     0.000
       3       2    -0.080   1   4     0.000
       2       4     0.018   1   4     0.000
       4       2    -0.020   1   4     0.000
       2       5     0.166   1   4     0.000
       5       2     0.133   1   4     0.000
       2       6    -0.072   1   4     0.000
       6       2    -0.032   1   4     0.000
       2       7     0.173   1   4     0.000
       7       2     0.272   1   4     0.000
       2       8    -0.027   1   4     0.000
       8       2    -0.012   1   4     0.000
       2       9     0.065   1   4     0.000
       9       2     0.077   1   4     0.000
       2      10     0.188   1   4     0.000
      10       2     0.194   1   4     0.000
       2      11     0.043   1   4     0.000
      11       2    -0.025   1   4     0.000
       2      12     0.054   1   4     0.000
      12       2     0.147   1   4     0.000
       3       4    -0.032   1   4     0.000
       4       3    -0.028   1   4     0.000
       3       5    -0.004   1   4     0.000
       5       3    -0.015   1   4     0.000
       3       6     0.080   1   4     0.000
       6       3    -0.022   1   4     0.000
       3       7     0.015   1   4     0.000
       7       3     0.091   1   4     0.000
       3       8    -0.063   1   4     0.000
       8       3    -0.165   1   4     0.000
       3       9    -0.057   1   4     0.000
       9       3    -0.071   1   4     0.000
       3      10     0.059   1   4     0.000
      10       3     0.080   1   4     0.000
       3      11    -0.001   1   4     0.000
      11       3    -0.017   1   4     0.000
       3      12     0.027   1   4     0.000
      12       3     0.046   1   4     0.000
       4       5     0.101   1   4     0.000
       5       4     0.114   1   4     0.000
       4       6    -0.035   1   4     0.000
       6       4    -0.060   1   4     0.000
       4       7     0.145   1   4     0.000
       7       4     0.096   1   4     0.000
       4       8    -0.029   1   4     0.000
       8       4    -0.023   1   4     0.000
       4       9    -0.023   1   4     0.000
       9       4    -0.027   1   4     0.000
       4      10     0.086   1   4     0.000
      10       4     0.090   1   4     0.000
       4      11     0.003   1   4     0.000
      11       4     0.037   1   4     0.000
       4      12    -0.019   1   4     0.000
      12       4    -0.148   1   4     0.000
       5       6     0.002   1   4     0.000
       6       5     0.000   1   4     0.000
       5       7     0.181   1   4     0.000
       7       5     0.161   1   4     0.000
       5       8    -0.050   1   4     0.000
       8       5    -0.063   1   4     0.000
       5       9     0.107   1   4     0.000
       9       5     0.115   1   4     0.000
       5      10     0.206   1   4     0.000
      10       5     0.102   1   4     0.000
       5      11    -0.223   1   4     0.000
      11       5    -0.080   1   4     0.000
       5      12     0.167   1   4     0.000
      12       5    -0.016   1   4     0.000
       6       7    -0.059   1   4     0.000
       7       6    -0.058   1   4     0.000
       6       8    -0.201   1   4     0.000
       8       6    -0.173   1   4     0.000
       6       9     0.105   1   4     0.000
       9       6     0.112   1   4     0.000
       6      10    -0.050   1   4     0.000
      10       6    -0.085   1   4     0.000
       6      11     0.255   1   4     0.000
      11       6     0.087   1   4     0.000
       6      12    -0.017   1   4     0.000
      12       6    -0.026   1   4     0.000
       7       8     0.070   1   4     0.000
       8       7     0.078   1   4     0.000
       7       9     0.125   1   4     0.000
       9       7     0.113   1   4     0.000
       7      10     0.169   1   4     0.000
      10       7     0.160   1   4     0.000
       7      11     0.113   1   4     0.000
      11       7     0.078   1   4     0.000
       7      12    -0.141   1   4     0.000
      12       7    -0.066   1   4     0.000
       8       9    -0.135   1   4     0.000
       9       8    -0.133   1   4     0.000
       8      10     0.013   1   4     0.000
      10       8     0.013   1   4     0.000
       8      11    -0.009   1   4     0.000
      11       8     0.036   1   4     0.000
       8      12    -0.037   1   4     0.000
      12       8     0.061   1   4     0.000
       9      10     0.047   1   4     0.000
      10       9     0.074   1   4     0.000
       9      11     0.099   1   4     0.000
      11       9     0.078   1   4     0.000
       9      12    -0.058   1   4     0.000
      12       9    -0.061   1   4     0.000
      10      11     0.034   1   4     0.000
      11      10     0.032   1   4     0.000
      10      12     0.025   1   4     0.000
      12      10     0.001   1   4     0.000
      11      12    -0.099   1   4     0.000
      12      11    -0.103   1   4     0.000
       1       1     6.279   1   5     4.515     4.515
       2       2     8.043   1   5     5.959     5.959
       3       3    13.469   1   5    10.936    10.936
       4       4    14.189   1   5    11.824    11.824
       5       5    21.822   1   5    17.749    17.749
       6       6    24.093   1   5    20.010    20.010
       7       7    25.564   1   5    21.199    21.199
       8       8    26.168   1   5    21.848    21.848
       9       9    29.639   1   5    24.891    24.891
      10      10    30.641   1   5    25.988    25.988
      11      11    34.506   1   5    28.602    28.602
      12      12    36.298   1   5    30.006    30.006
       1       2    -0.146   1   5     0.000
       2       1    -0.153   1   5     0.000
       1       3    -0.178   1   5     0.000
       3       1    -0.213   1   5     0.000
       1       4     0.152   1   5     0.000
       4       1     0.085   1   5     0.000
       1       5    -0.103   1   5     0.000
       5       1    -0.048   1   5     0.000
       1       6    -0.126   1   5     0.000
       6       1    -0.191   1   5     0.000
       1       7    -0.163   1   5     0.000
       7       1    -0.150   1   5     0.000
       1       8    -0.213   1   5     0.000
       8       1    -0.185   1   5     0.000
       1       9     0.126   1   5     0.000
       9       1     0.038   1   5     0.000
       1      10     0.092   1   5     0.000
      10       1     0.101   1   5     0.000
       1      11    -0.016   1   5     0.000
      11       1    -0.022   1   5     0.000
       1      12    -0.024   1   5     0.000
      12       1    -0.106   1   5     0.000
       2       3    -0.135   1   5     0.000
       3       2    -0.079   1   5     0.000
       2       4     0.147   1   5     0.000
       4       2     0.177   1   5     0.000
       2       5     0.095   1   5     0.000
       5       2     0.105   1   5     0.000
       2       6    -0.145   1   5     0.000
       6       2    -0.195   1   5     0.000
       2       7     0.064   1   5     0.000
       7       2     0.096   1   5     0.000
       2       8    -0.050   1   5     0.000
       8       2    -0.122   1   5     0.000
       2       9     0.049   1   5     0.000
       9       2     0.085   1   5     0.000
       2      10    -0.090   1   5     0.000
      10       2    -0.116   1   5     0.000
       2      11     0.108   1   5     0.000
      11       2     0.130   1   5     0.000
       2      12    -0.061   1   5     0.000
      12       2    -0.064   1   5     0.000
       3       4    -0.054   1   5     0.000
       4       3    -0.048   1   5     0.000
       3       5    -0.045   1   5     0.000
       5       3    -0.076   1   5     0.000
       3       6     0.185   1   5     0.000
       6       3     0.012   1   5     0.000
       3       7     0.005   1   5     0.000
       7       3     0.053   1   5     0.000
       3       8    -0.047   1   5     0.000
       8       3    -0.004   1   5     0.000
       3       9    -0.013   1   5     0.000
       9       3    -0.025   1   5     0.000
       3      10     0.067   1   5     0.000
      10       3     0.058   1   5     0.000
       3      11    -0.043   1   5     0.000
      11       3    -0.064   1   5     0.000
       3      12    -0.022   1   5     0.000
      12       3    -0.077   1   5     0.000
       4       5    -0.018   1   5     0.000
       5       4     0.037   1   5     0.000
       4       6     0.045   1   5     0.000
       6       4     0.036   1   5     0.000
       4       7    -0.001   1   5     0.000
       7       4    -0.066   1   5     0.000
       4       8     0.094   1   5     0.000
       8       4     0.141   1   5     0.000
       4       9     0.033   1   5     0.000
       9       4     0.026   1   5     0.000
       4      10    -0.008   1   5     0.000
      10       4     0.004   1   5     0.000
       4      11     0.002   1   5     0.000
      11       4    -0.100   1   5     0.000
       4      12    -0.091   1   5     0.000
      12       4    -0.137   1   5     0.000
       5       6    -0.009   1   5     0.000
       6       5    -0.010   1   5     0.000
       5       7     0.088   1   5     0.000
       7       5     0.068   1   5     0.000
       5       8    -0.057   1   5     0.000
       8       5    -0.040   1   5     0.000
       5       9     0.120   1   5     0.000
       9       5     0.098   1   5     0.000
       5      10    -0.141   1   5     0.000
      10       5    -0.091   1   5     0.000
       5      11     0.186   1   5     0.000
      11       5     0.024   1   5     0.000
       5      12     0.039   1   5     0.000
      12       5     0.056   1   5     0.000
       6       7     0.080   1   5     0.000
       7       6     0.073   1   5     0.000
       6       8     0.136   1   5     0.000
       8       6     0.126   1   5     0.000
       6       9    -0.110   1   5     0.000
       9       6    -0.066   1   5     0.000
       6      10    -0.023   1   5     0.000
      10       6    -0.009   1   5     0.000
       6      11    -0.106   1   5     0.000
      11       6    -0.100   1   5     0.000
       6      12     0.134   1   5     0.000
      12       6     0.060   1   5     0.000
       7       8     0.015   1   5     0.000
       8       7     0.013   1   5     0.000
       7       9     0.033   1   5     0.000
       9       7     0.005   1   5     0.000
       7      10    -0.127   1   5     0.000
      10       7    -0.111   1   5     0.000
       7      11    -0.033   1   5     0.000
      11       7    -0.071   1   5     0.000
       7      12     0.145   1   5     0.000
      12       7    -0.002   1   5     0.000
       8       9    -0.023   1   5     0.000
       9       8    -0.066   1   5     0.000
       8      10     0.059   1   5     0.000
      10       8     0.031   1   5     0.000
       8      11    -0.040   1   5     0.000
      11       8    -0.061   1   5     0.000
       8      12     0.123   1   5     0.000
      12       8     0.010   1   5     0.000
       9      10    -0.090   1   5     0.000
      10       9    -0.099   1   5     0.000
       9      11    -0.045   1   5     0.000
      11       9    -0.050   1   5     0.000
       9      12    -0.021   1   5     0.000
      12       9    -0.011   1   5     0.000
      10      11     0.085   1   5     0.000
      11      10     0.080   1   5     0.000
      10      12    -0.005   1   5     0.000
      12      10     0.024   1   5     0.000
      11      12    -0.127   1   5     0.000
      12      11    -0.067   1   5     0.000
       1       1     4.218   1   6     2.621     2.621
       2       2    11.193   1   6     8.712     8.712
       3       3    14.485   1   6    12.017    12.017
       4       4    16.753   1   6    14.394    14.394
       5       5    22.232   1   6    18.114    18.114
       6       6    23.172   1   6    18.689    18.689
       7       7    25.211   1   6    21.034    21.034
       8       8    26.730   1   6    22.289    22.289
       9       9    29.050   1   6    24.194    24.194
      10      10    30.368   1   6    25.706    25.706
      11      11    32.092   1   6    26.968    26.968
      12      12    34.260   1   6    27.983    27.983
       1       2    -0.022   1   6     0.000
       2       1    -0.066   1   6     0.000
       1       3    -0.098   1   6     0.000
       3       1    -0.036   1   6     0.000
       1       4     0.007   1   6     0.000
       4       1    -0.047   1   6     0.000
       1       5    -0.196   1   6     0.000
       5       1    -0.099   1   6     0.000
       1       6    -0.275   1   6     0.000
       6       1    -0.192   1   6     0.000
       1       7     0.071   1   6     0.000
       7       1    -0.003   1   6     0.000
       1       8    -0.022   1   6     0.000
       8       1    -0.062   1   6     0.000
       1       9     0.187   1   6     0.000
       9       1     0.193   1   6     0.000
       1      10    -0.077   1   6     0.000
      10       1     0.216   1   6     0.000
       1      11     0.109   1   6     0.000
      11       1     0.046   1   6     0.000
       1      12     0.038   1   6     0.000
      12       1     0.152   1   6     0.000
       2       3    -0.131   1   6     0.000
       3       2    -0.106   1   6     0.000
       2       4    -0.029   1   6     0.000
       4       2    -0.027   1   6     0.000
       2       5    -0.031   1   6     0.000
       5       2    -0.035   1   6     0.000
       2       6     0.416   1   6     0.000
       6       2     0.429   1   6     0.000
       2       7    -0.107   1   6     0.000
       7       2    -0.200   1   6     0.000
       2       8     0.035   1   6     0.000
       8       2     0.042   1   6     0.000
       2       9    -0.397   1   6     0.000
       9       2    -0.439   1   6     0.000
       2      10     0.018   1   6     0.000
      10       2    -0.087   1   6     0.000
       2      11    -0.067   1   6     0.000
      11       2    -0.142   1   6     0.000
       2      12    -0.299   1   6     0.000
      12       2    -0.488   1   6     0.000
       3       4     0.031   1   6     0.000
       4       3     0.030   1   6     0.000
       3       5     0.053   1   6     0.000
       5       3     0.103   1   6     0.000
       3       6    -0.023   1   6     0.000
       6       3     0.007   1   6     0.000
       3       7    -0.054   1   6     0.000
       7       3    -0.062   1   6     0.000
       3       8     0.073   1   6     0.000
       8       3     0.080   1   6     0.000
       3       9    -0.025   1   6     0.000
       9       3    -0.036   1   6     0.000
       3      10     0.006   1   6     0.000
      10       3     0.073   1   6     0.000
       3      11    -0.076   1   6     0.000
      11       3    -0.064   1   6     0.000
       3      12     0.034   1   6     0.000
      12       3    -0.047   1   6     0.000
       4       5     0.104   1   6     0.000
       5       4     0.098   1   6     0.000
       4       6    -0.273   1   6     0.000
       6       4    -0.287   1   6     0.000
       4       7     0.144   1   6     0.000
       7       4     0.102   1   6     0.000
       4       8    -0.073   1   6     0.000
       8       4    -0.078   1   6     0.000
       4       9     0.164   1   6     0.000
       9       4     0.151   1   6     0.000
       4      10     0.003   1   6     0.000
      10       4    -0.009   1   6     0.000
       4      11     0.125   1   6     0.000
      11       4     0.124   1   6     0.000
       4      12     0.173   1   6     0.000
      12       4     0.157   1   6     0.000
       5       6     0.023   1   6     0.000
       6       5     0.027   1   6     0.000
       5       7     0.062   1   6     0.000
       7       5     0.049   1   6     0.000
       5       8     0.219   1   6     0.000
       8       5     0.224   1   6     0.000
       5       9     0.124   1   6     0.000
       9       5     0.069   1   6     0.000
       5      10    -0.224   1   6     0.000
      10       5    -0.129   1   6     0.000
       5      11    -0.001   1   6     0.000
      11       5    -0.057   1   6     0.000
       5      12     0.001   1   6     0.000
      12       5    -0.016   1   6     0.000
       6       7    -0.136   1   6     0.000
       7       6    -0.131   1   6     0.000
       6       8     0.098   1   6     0.000
       8       6     0.076   1   6     0.000
       6       9    -0.545   1   6     0.000
       9       6    -0.554   1   6     0.000
       6      10    -0.305   1   6     0.000
      10       6    -0.230   1   6     0.000
       6      11    -0.168   1   6     0.000
      11       6    -0.233   1   6     0.000
       6      12    -0.581   1   6     0.000
      12       6    -0.589   1   6     0.000
       7       8     0.064   1   6     0.000
       8       7     0.060   1   6     0.000
       7       9     0.156   1   6     0.000
       9       7     0.132   1   6     0.000
       7      10    -0.084   1   6     0.000
      10       7    -0.051   1   6     0.000
       7      11    -0.015   1   6     0.000
      11       7     0.000   1   6     0.000
       7      12    -0.150   1   6     0.000
      12       7    -0.096   1   6     0.000
       8       9    -0.042   1   6     0.000
       9       8    -0.013   1   6     0.000
       8      10    -0.094   1   6     0.000
      10       8    -0.050   1   6     0.000
       8      11    -0.024   1   6     0.000
      11       8    -0.028   1   6     0.000
       8      12    -0.188   1   6     0.000
      12       8    -0.237   1   6     0.000
       9      10    -0.021   1   6     0.000
      10       9    -0.018   1   6     0.000
       9      11     0.210   1   6     0.000
      11       9     0.217   1   6     0.000
       9      12     0.555   1   6     0.000
      12       9     0.570   1   6     0.000
      10      11     0.303   1   6     0.000
      11      10     0.295   1   6     0.000
      10      12     0.035   1   6     0.000
      12      10     0.064   1   6     0.000
      11      12     0.285   1   6     0.000
      12      11     0.276   1   6     0.000
       1       1     5.461   1   7     3.577     3.577
       2       2     8.941   1   7     7.089     7.089
       3       3    13.711   1   7    11.242    11.242
       4       4    15.476   1   7    13.096    13.096
       5       5    22.026   1   7    17.893    17.893
       6       6    23.230   1   7    19.147    19.147
       7       7    25.732   1   7    21.532    21.532
       8       8    26.056   1   7    21.926    21.926
       9       9    28.632   1   7    24.227    24.227
      10      10    28.893   1   7    24.490    24.490
      11      11    32.025   1   7    27.319    27.319
      12      12    35.444   1   7    29.601    29.601
       1       2     0.151   1   7     0.000
       2       1     0.025   1   7     0.000
       1       3     0.038   1   7     0.000
       3       1     0.163   1   7     0.000
       1       4    -0.133   1   7     0.000
       4       1    -0.070   1   7     0.000
       1       5     0.014   1   7     0.000
       5       1     0.065   1   7     0.000
       1       6    -0.054   1   7     0.000
       6       1     0.006   1   7     0.000
       1       7    -0.031   1   7     0.000
       7       1    -0.055   1   7     0.000
       1       8    -0.026   1   7     0.000
       8       1    -0.038   1   7     0.000
       1       9    -0.105   1   7     0.000
       9       1    -0.105   1   7     0.000
       1      10    -0.019   1   7     0.000
      10       1     0.017   1   7     0.000
       1      11     0.220   1   7     0.000
      11       1    -0.087   1   7     0.000
       1      12     0.047   1   7     0.000
      12       1     0.136   1   7     0.000
       2       3     0.036   1   7     0.000
       3       2     0.012   1   7     0.000
       2       4     0.085   1   7     0.000
       4       2     0.095   1   7     0.000
       2       5     0.209   1   7     0.000
       5       2     0.195   1   7     0.000
       2       6     0.015   1   7     0.000
       6       2     0.059   1   7     0.000
       2       7     0.127   1   7     0.000
       7       2     0.207   1   7     0.000
       2       8    -0.030   1   7     0.000
       8       2    -0.077   1   7     0.000
       2       9     0.102   1   7     0.000
       9       2     0.100   1   7     0.000
       2      10    -0.091   1   7     0.000
      10       2    -0.136   1   7     0.000
       2      11     0.023   1   7     0.000
      11       2    -0.076   1   7     0.000
       2      12    -0.012   1   7     0.000
      12       2    -0.073   1   7     0.000
       3       4    -0.011   1   7     0.000
       4       3    -0.007   1   7     0.000
       3       5    -0.064   1   7     0.000
       5       3    -0.033   1   7     0.000
       3       6    -0.028   1   7     0.000
       6       3     0.080   1   7     0.000
       3       7     0.074   1   7     0.000
       7       3     0.030   1   7     0.000
       3       8    -0.043   1   7     0.000
       8       3    -0.133   1   7     0.000
       3       9     0.095   1   7     0.000
       9       3     0.060   1   7     0.000
       3      10     0.047   1   7     0.000
      10       3     0.001   1   7     0.000
       3      11     0.007   1   7     0.000
      11       3     0.059   1   7     0.000
       3      12     0.040   1   7     0.000
      12       3     0.009   1   7     0.000
       4       5     0.099   1   7     0.000
       5       4     0.115   1   7     0.000
       4       6     0.043   1   7     0.000
       6       4    -0.007   1   7     0.000
       4       7     0.063   1   7     0.000
       7       4     0.019   1   7     0.000
       4       8     0.019   1   7     0.000
       8       4    -0.011   1   7     0.000
       4       9     0.018   1   7     0.000
       9       4     0.017   1   7     0.000
       4      10    -0.010   1   7     0.000
      10       4     0.011   1   7     0.000
       4      11     0.018   1   7     0.000
      11       4     0.087   1   7     0.000
       4      12     0.053   1   7     0.000
      12       4     0.106   1   7     0.000
       5       6     0.067   1   7     0.000
       6       5     0.057   1   7     0.000
       5       7     0.139   1   7     0.000
       7       5     0.108   1   7     0.000
       5       8    -0.053   1   7     0.000
       8       5    -0.027   1   7     0.000
       5       9     0.083   1   7     0.000
       9       5     0.042   1   7     0.000
       5      10    -0.112   1   7     0.000
      10       5    -0.076   1   7     0.000
       5      11    -0.147   1   7     0.000
      11       5    -0.121   1   7     0.000
       5      12    -0.097   1   7     0.000
      12       5    -0.056   1   7     0.000
       6       7    -0.011   1   7     0.000
       7       6    -0.020   1   7     0.000
       6       8     0.003   1   7     0.000
       8       6     0.014   1   7     0.000
       6       9     0.159   1   7     0.000
       9       6     0.095   1   7     0.000
       6      10    -0.028   1   7     0.000
      10       6    -0.019   1   7     0.000
       6      11     0.302   1   7     0.000
      11       6     0.183   1   7     0.000
       6      12     0.040   1   7     0.000
      12       6     0.039   1   7     0.000
       7       8    -0.058   1   7     0.000
       8       7    -0.057   1   7     0.000
       7       9     0.012   1   7     0.000
       9       7     0.042   1   7     0.000
       7      10    -0.041   1   7     0.000
      10       7    -0.012   1   7     0.000
       7      11     0.105   1   7     0.000
      11       7     0.076   1   7     0.000
       7      12     0.118   1   7     0.000
      12       7     0.024   1   7     0.000
       8       9    -0.046   1   7     0.000
       9       8    -0.014   1   7     0.000
       8      10    -0.092   1   7     0.000
      10       8    -0.115   1   7     0.000
       8      11    -0.050   1   7     0.000
      11       8     0.019   1   7     0.000
       8      12    -0.086   1   7     0.000
      12       8    -0.081   1   7     0.000
       9      10    -0.033   1   7     0.000
      10       9    -0.034   1   7     0.000
       9      11     0.002   1   7     0.000
      11       9    -0.014   1   7     0.000
       9      12     0.081   1   7     0.000
      12       9     0.053   1   7     0.000
      10      11    -0.063   1   7     0.000
      11      10    -0.074   1   7     0.000
      10      12    -0.074   1   7     0.000
      12      10    -0.043   1   7     0.000
      11      12     0.260   1   7     0.000
      12      11     0.258   1   7     0.000
       1       1     4.353   1   8     2.826     2.826
       2       2    11.097   1   8     8.924     8.924
       3       3    15.031   1   8    12.679    12.679
       4       4    15.956   1   8    13.657    13.657
       5       5    21.162   1   8    17.205    17.205
       6       6    22.578   1   8    18.639    18.639
       7       7    25.346   1   8    21.136    21.136
       8       8    27.003   1   8    22.800    22.800
       9       9    28.590   1   8    24.324    24.324
      10      10    31.492   1   8    26.842    26.842
      11      11    32.003   1   8    27.370    27.370
      12      12    34.559   1   8    29.578    29.578
       1       2     0.029   1   8     0.000
       2       1    -0.028   1   8     0.000
       1       3     0.206   1   8     0.000
       3       1     0.081   1   8     0.000
       1       4     0.198   1   8     0.000
       4       1     0.054   1   8     0.000
       1       5    -0.034   1   8     0.000
       5       1     0.109   1   8     0.000
       1       6    -0.022   1   8     0.000
       6       1    -0.020   1   8     0.000
       1       7     0.048   1   8     0.000
       7       1     0.033   1   8     0.000
       1       8     0.063   1   8     0.000
       8       1    -0.056   1   8     0.000
       1       9    -0.013   1   8     0.000
       9       1    -0.128   1   8     0.000
       1      10     0.076   1   8     0.000
      10       1    -0.116   1   8     0.000
       1      11     0.179   1   8     0.000
      11       1    -0.136   1   8     0.000
       1      12    -0.020   1   8     0.000
      12       1    -0.008   1   8     0.000
       2       3    -0.114   1   8     0.000
       3       2    -0.112   1   8     0.000
       2       4    -0.126   1   8     0.000
       4       2    -0.162   1   8     0.000
       2       5     0.127   1   8     0.000
       5       2     0.142   1   8     0.000
       2       6    -0.146   1   8     0.000
       6       2    -0.133   1   8     0.000
       2       7    -0.070   1   8     0.000
       7       2    -0.035   1   8     0.000
       2       8    -0.073   1   8     0.000
       8       2    -0.073   1   8     0.000
       2       9     0.091   1   8     0.000
       9       2     0.071   1   8     0.000
       2      10     0.095   1   8     0.000
      10       2     0.021   1   8     0.000
       2      11     0.004   1   8     0.000
      11       2     0.068   1   8     0.000
       2      12     0.067   1   8     0.000
      12       2    -0.048   1   8     0.000
       3       4    -0.047   1   8     0.000
       4       3    -0.047   1   8     0.000
       3       5    -0.047   1   8     0.000
       5       3    -0.072   1   8     0.000
       3       6     0.012   1   8     0.000
       6       3     0.016   1   8     0.000
       3       7    -0.056   1   8     0.000
       7       3    -0.081   1   8     0.000
       3       8     0.054   1   8     0.000
       8       3     0.105   1   8     0.000
       3       9    -0.073   1   8     0.000
       9       3    -0.089   1   8     0.000
       3      10     0.008   1   8     0.000
      10       3     0.112   1   8     0.000
       3      11     0.052   1   8     0.000
      11       3     0.086   1   8     0.000
       3      12    -0.008   1   8     0.000
      12       3    -0.014   1   8     0.000
       4       5    -0.007   1   8     0.000
       5       4    -0.010   1   8     0.000
       4       6     0.187   1   8     0.000
       6       4     0.184   1   8     0.000
       4       7    -0.009   1   8     0.000
       7       4     0.048   1   8     0.000
       4       8    -0.024   1   8     0.000
       8       4     0.028   1   8     0.000
       4       9    -0.031   1   8     0.000
       9       4     0.005   1   8     0.000
       4      10     0.037   1   8     0.000
      10       4     0.002   1   8     0.000
       4      11     0.065   1   8     0.000
      11       4     0.078   1   8     0.000
       4      12    -0.027   1   8     0.000
      12       4    -0.141   1   8     0.000
       5       6    -0.143   1   8     0.000
       6       5    -0.138   1   8     0.000
       5       7     0.004   1   8     0.000
       7       5     0.007   1   8     0.000
       5       8     0.001   1   8     0.000
       8       5     0.016   1   8     0.000
       5       9     0.054   1   8     0.000
       9       5     0.038   1   8     0.000
       5      10     0.190   1   8     0.000
      10       5     0.104   1   8     0.000
       5      11     0.252   1   8     0.000
      11       5     0.041   1   8     0.000
       5      12     0.078   1   8     0.000
      12       5     0.122   1   8     0.000
       6       7     0.132   1   8     0.000
       7       6     0.089   1   8     0.000
       6       8    -0.025   1   8     0.000
       8       6    -0.040   1   8     0.000
       6       9    -0.160   1   8     0.000
       9       6    -0.043   1   8     0.000
       6      10    -0.092   1   8     0.000
      10       6    -0.061   1   8     0.000
       6      11     0.006   1   8     0.000
      11       6    -0.120   1   8     0.000
       6      12    -0.150   1   8     0.000
      12       6    -0.049   1   8     0.000
       7       8    -0.060   1   8     0.000
       8       7    -0.061   1   8     0.000
       7       9    -0.021   1   8     0.000
       9       7    -0.024   1   8     0.000
       7      10     0.055   1   8     0.000
      10       7     0.056   1   8     0.000
       7      11    -0.102   1   8     0.000
      11       7    -0.070   1   8     0.000
       7      12     0.250   1   8     0.000
      12       7     0.187   1   8     0.000
       8       9    -0.082   1   8     0.000
       9       8    -0.087   1   8     0.000
       8      10    -0.081   1   8     0.000
      10       8    -0.092   1   8     0.000
       8      11    -0.044   1   8     0.000
      11       8    -0.029   1   8     0.000
       8      12     0.043   1   8     0.000
      12       8    -0.001   1   8     0.000
       9      10     0.064   1   8     0.000
      10       9     0.065   1   8     0.000
       9      11     0.046   1   8     0.000
      11       9     0.072   1   8     0.000
       9      12    -0.019   1   8     0.000
      12       9    -0.030   1   8     0.000
      10      11    -0.039   1   8     0.000
      11      10    -0.037   1   8     0.000
      10      12    -0.082   1   8     0.000
      12      10    -0.013   1   8     0.000
      11      12     0.065   1   8     0.000
      12      11     0.073   1   8     0.000
