       1       1     1.347   1   1     2.889     2.889
       2       2     6.764   1   1     7.703     7.703
       3       3    11.108   1   1    11.471    11.471
       4       4    12.697   1   1    13.175    13.175
       5       5    18.926   1   1    17.543    17.543
       6       6    20.240   1   1    18.435    18.435
       7       7    21.979   1   1    20.047    20.047
       8       8    22.387   1   1    20.860    20.860
       9       9    25.067   1   1    23.116    23.116
      10      10    27.977   1   1    25.809    25.809
      11      11    28.424   1   1    26.774    26.774
      12      12    30.320   1   1    27.969    27.969
       1       2    -0.145   1   1     0.000
       2       1    -0.056   1   1     0.000
       1       3     0.254   1   1     0.000
       3       1     0.194   1   1     0.000
       1       4    -0.104   1   1     0.000
       4       1    -0.069   1   1     0.000
       1       5     0.329   1   1     0.000
       5       1     0.352   1   1     0.000
       1       6    -0.180   1   1     0.000
       6       1    -0.354   1   1     0.000
       1       7     0.018   1   1     0.000
       7       1     0.110   1   1     0.000
       1       8    -0.181   1   1     0.000
       8       1    -0.250   1   1     0.000
       1       9     0.002   1   1     0.000
       9       1     0.066   1   1     0.000
       1      10    -0.281   1   1     0.000
      10       1    -0.452   1   1     0.000
       1      11     0.220   1   1     0.000
      11       1     0.313   1   1     0.000
       1      12     0.138   1   1     0.000
      12       1     0.288   1   1     0.000
       2       3     0.268   1   1     0.000
       3       2     0.244   1   1     0.000
       2       4    -0.001   1   1     0.000
       4       2    -0.029   1   1     0.000
       2       5    -0.216   1   1     0.000
       5       2    -0.229   1   1     0.000
       2       6     0.010   1   1     0.000
       6       2    -0.043   1   1     0.000
       2       7    -0.166   1   1     0.000
       7       2    -0.187   1   1     0.000
       2       8     0.085   1   1     0.000
       8       2     0.054   1   1     0.000
       2       9    -0.138   1   1     0.000
       9       2    -0.182   1   1     0.000
       2      10    -0.134   1   1     0.000
      10       2    -0.211   1   1     0.000
       2      11     0.086   1   1     0.000
      11       2    -0.036   1   1     0.000
       2      12     0.070   1   1     0.000
      12       2     0.094   1   1     0.000
       3       4     0.064   1   1     0.000
       4       3     0.068   1   1     0.000
       3       5    -0.438   1   1     0.000
       5       3    -0.465   1   1     0.000
       3       6     0.389   1   1     0.000
       6       3     0.461   1   1     0.000
       3       7    -0.275   1   1     0.000
       7       3    -0.314   1   1     0.000
       3       8     0.358   1   1     0.000
       8       3     0.423   1   1     0.000
       3       9    -0.217   1   1     0.000
       9       3    -0.248   1   1     0.000
       3      10     0.227   1   1     0.000
      10       3     0.296   1   1     0.000
       3      11    -0.130   1   1     0.000
      11       3    -0.183   1   1     0.000
       3      12     0.303   1   1     0.000
      12       3     0.447   1   1     0.000
       4       5    -0.164   1   1     0.000
       5       4    -0.171   1   1     0.000
       4       6    -0.326   1   1     0.000
       6       4    -0.351   1   1     0.000
       4       7    -0.353   1   1     0.000
       7       4    -0.404   1   1     0.000
       4       8     0.041   1   1     0.000
       8       4     0.046   1   1     0.000
       4       9     0.226   1   1     0.000
       9       4     0.256   1   1     0.000
       4      10     0.013   1   1     0.000
      10       4     0.001   1   1     0.000
       4      11     0.024   1   1     0.000
      11       4    -0.007   1   1     0.000
       4      12     0.045   1   1     0.000
      12       4     0.061   1   1     0.000
       5       6     0.170   1   1     0.000
       6       5     0.165   1   1     0.000
       5       7     0.221   1   1     0.000
       7       5     0.234   1   1     0.000
       5       8     0.179   1   1     0.000
       8       5     0.182   1   1     0.000
       5       9     0.272   1   1     0.000
       9       5     0.318   1   1     0.000
       5      10    -0.197   1   1     0.000
      10       5    -0.254   1   1     0.000
       5      11    -0.014   1   1     0.000
      11       5     0.010   1   1     0.000
       5      12    -0.051   1   1     0.000
      12       5    -0.053   1   1     0.000
       6       7     0.166   1   1     0.000
       7       6     0.176   1   1     0.000
       6       8     0.009   1   1     0.000
       8       6     0.008   1   1     0.000
       6       9     0.117   1   1     0.000
       9       6     0.121   1   1     0.000
       6      10     0.311   1   1     0.000
      10       6     0.469   1   1     0.000
       6      11     0.013   1   1     0.000
      11       6    -0.023   1   1     0.000
       6      12     0.063   1   1     0.000
      12       6     0.021   1   1     0.000
       7       8    -0.020   1   1     0.000
       8       7    -0.020   1   1     0.000
       7       9    -0.261   1   1     0.000
       9       7    -0.291   1   1     0.000
       7      10     0.220   1   1     0.000
      10       7     0.257   1   1     0.000
       7      11     0.257   1   1     0.000
      11       7     0.309   1   1     0.000
       7      12     0.067   1   1     0.000
      12       7     0.039   1   1     0.000
       8       9     0.028   1   1     0.000
       9       8     0.043   1   1     0.000
       8      10     0.189   1   1     0.000
      10       8     0.227   1   1     0.000
       8      11     0.006   1   1     0.000
      11       8    -0.004   1   1     0.000
       8      12     0.094   1   1     0.000
      12       8     0.128   1   1     0.000
       9      10     0.140   1   1     0.000
      10       9     0.137   1   1     0.000
       9      11     0.222   1   1     0.000
      11       9     0.251   1   1     0.000
       9      12     0.061   1   1     0.000
      12       9     0.064   1   1     0.000
      10      11    -0.141   1   1     0.000
      11      10    -0.135   1   1     0.000
      10      12    -0.450   1   1     0.000
      12      10    -0.498   1   1     0.000
      11      12    -0.234   1   1     0.000
      12      11    -0.228   1   1     0.000
       1       1     0.636   1   2     2.156     2.156
       2       2     9.289   1   2    10.003    10.003
       3       3    12.717   1   2    13.082    13.082
       4       4    13.489   1   2    14.171    14.171
       5       5    19.431   1   2    17.895    17.895
       6       6    19.494   1   2    18.531    18.531
       7       7    21.760   1   2    20.244    20.244
       8       8    22.834   1   2    21.123    21.123
       9       9    25.049   1   2    23.185    23.185
      10      10    27.977   1   2    25.744    25.744
      11      11    28.171   1   2    26.011    26.011
      12      12    30.894   1   2    28.193    28.193
       1       2     0.054   1   2     0.000
       2       1     0.069   1   2     0.000
       1       3    -0.048   1   2     0.000
       3       1    -0.171   1   2     0.000
       1       4    -0.245   1   2     0.000
       4       1    -0.397   1   2     0.000
       1       5     0.047   1   2     0.000
       5       1     0.191   1   2     0.000
       1       6    -0.214   1   2     0.000
       6       1    -0.357   1   2     0.000
       1       7    -0.013   1   2     0.000
       7       1     0.009   1   2     0.000
       1       8     0.021   1   2     0.000
       8       1    -0.073   1   2     0.000
       1       9    -0.203   1   2     0.000
       9       1    -0.386   1   2     0.000
       1      10     0.497   1   2     0.000
      10       1     0.760   1   2     0.000
       1      11    -0.344   1   2     0.000
      11       1    -0.463   1   2     0.000
       1      12     0.033   1   2     0.000
      12       1     0.027   1   2     0.000
       2       3    -0.134   1   2     0.000
       3       2    -0.160   1   2     0.000
       2       4     0.128   1   2     0.000
       4       2     0.093   1   2     0.000
       2       5     0.140   1   2     0.000
       5       2     0.141   1   2     0.000
       2       6    -0.268   1   2     0.000
       6       2    -0.270   1   2     0.000
       2       7     0.055   1   2     0.000
       7       2     0.073   1   2     0.000
       2       8     0.097   1   2     0.000
       8       2     0.103   1   2     0.000
       2       9     0.250   1   2     0.000
       9       2     0.265   1   2     0.000
       2      10     0.048   1   2     0.000
      10       2     0.056   1   2     0.000
       2      11    -0.098   1   2     0.000
      11       2    -0.015   1   2     0.000
       2      12    -0.198   1   2     0.000
      12       2    -0.298   1   2     0.000
       3       4     0.014   1   2     0.000
       4       3     0.014   1   2     0.000
       3       5    -0.300   1   2     0.000
       5       3    -0.316   1   2     0.000
       3       6     0.386   1   2     0.000
       6       3     0.407   1   2     0.000
       3       7    -0.266   1   2     0.000
       7       3    -0.285   1   2     0.000
       3       8     0.272   1   2     0.000
       8       3     0.287   1   2     0.000
       3       9     0.121   1   2     0.000
       9       3     0.113   1   2     0.000
       3      10     0.031   1   2     0.000
      10       3    -0.035   1   2     0.000
       3      11    -0.006   1   2     0.000
      11       3    -0.052   1   2     0.000
       3      12     0.050   1   2     0.000
      12       3    -0.003   1   2     0.000
       4       5    -0.390   1   2     0.000
       5       4    -0.397   1   2     0.000
       4       6     0.178   1   2     0.000
       6       4     0.169   1   2     0.000
       4       7     0.287   1   2     0.000
       7       4     0.308   1   2     0.000
       4       8     0.259   1   2     0.000
       8       4     0.296   1   2     0.000
       4       9     0.087   1   2     0.000
       9       4     0.099   1   2     0.000
       4      10    -0.097   1   2     0.000
      10       4    -0.087   1   2     0.000
       4      11     0.045   1   2     0.000
      11       4     0.070   1   2     0.000
       4      12    -0.175   1   2     0.000
      12       4    -0.190   1   2     0.000
       5       6    -0.247   1   2     0.000
       6       5    -0.252   1   2     0.000
       5       7     0.129   1   2     0.000
       7       5     0.129   1   2     0.000
       5       8     0.312   1   2     0.000
       8       5     0.330   1   2     0.000
       5       9    -0.245   1   2     0.000
       9       5    -0.287   1   2     0.000
       5      10     0.035   1   2     0.000
      10       5     0.081   1   2     0.000
       5      11     0.031   1   2     0.000
      11       5    -0.012   1   2     0.000
       5      12     0.089   1   2     0.000
      12       5     0.107   1   2     0.000
       6       7    -0.388   1   2     0.000
       7       6    -0.400   1   2     0.000
       6       8     0.004   1   2     0.000
       8       6     0.012   1   2     0.000
       6       9     0.051   1   2     0.000
       9       6     0.058   1   2     0.000
       6      10    -0.215   1   2     0.000
      10       6    -0.350   1   2     0.000
       6      11     0.189   1   2     0.000
      11       6     0.257   1   2     0.000
       6      12     0.041   1   2     0.000
      12       6     0.080   1   2     0.000
       7       8     0.173   1   2     0.000
       8       7     0.175   1   2     0.000
       7       9    -0.209   1   2     0.000
       9       7    -0.227   1   2     0.000
       7      10    -0.142   1   2     0.000
      10       7    -0.159   1   2     0.000
       7      11     0.129   1   2     0.000
      11       7     0.169   1   2     0.000
       7      12    -0.147   1   2     0.000
      12       7    -0.245   1   2     0.000
       8       9    -0.008   1   2     0.000
       9       8     0.004   1   2     0.000
       8      10    -0.085   1   2     0.000
      10       8    -0.115   1   2     0.000
       8      11     0.287   1   2     0.000
      11       8     0.353   1   2     0.000
       8      12    -0.167   1   2     0.000
      12       8    -0.255   1   2     0.000
       9      10    -0.051   1   2     0.000
      10       9    -0.038   1   2     0.000
       9      11     0.109   1   2     0.000
      11       9     0.101   1   2     0.000
       9      12     0.075   1   2     0.000
      12       9     0.122   1   2     0.000
      10      11     0.199   1   2     0.000
      11      10     0.203   1   2     0.000
      10      12    -0.234   1   2     0.000
      12      10    -0.264   1   2     0.000
      11      12    -0.109   1   2     0.000
      12      11    -0.117   1   2     0.000
       1       1     3.398   1   3     4.621     4.621
       2       2     4.378   1   3     5.764     5.764
       3       3    10.838   1   3    11.017    11.017
       4       4    11.505   1   3    11.752    11.752
       5       5    20.237   1   3    18.513    18.513
       6       6    20.908   1   3    19.291    19.291
       7       7    21.115   1   3    19.504    19.504
       8       8    24.532   1   3    23.123    23.123
       9       9    26.001   1   3    24.479    24.479
      10      10    27.797   1   3    26.247    26.247
      11      11    30.274   1   3    28.247    28.247
      12      12    32.080   1   3    29.616    29.616
       1       2    -0.330   1   3     0.000
       2       1    -0.259   1   3     0.000
       1       3    -0.165   1   3     0.000
       3       1    -0.144   1   3     0.000
       1       4    -0.354   1   3     0.000
       4       1    -0.264   1   3     0.000
       1       5    -0.113   1   3     0.000
       5       1    -0.168   1   3     0.000
       1       6    -0.261   1   3     0.000
       6       1    -0.233   1   3     0.000
       1       7    -0.092   1   3     0.000
       7       1    -0.066   1   3     0.000
       1       8    -0.044   1   3     0.000
       8       1     0.030   1   3     0.000
       1       9    -0.071   1   3     0.000
       9       1    -0.079   1   3     0.000
       1      10    -0.192   1   3     0.000
      10       1    -0.185   1   3     0.000
       1      11    -0.080   1   3     0.000
      11       1    -0.059   1   3     0.000
       1      12    -0.255   1   3     0.000
      12       1    -0.443   1   3     0.000
       2       3    -0.028   1   3     0.000
       3       2    -0.013   1   3     0.000
       2       4    -0.113   1   3     0.000
       4       2    -0.140   1   3     0.000
       2       5    -0.035   1   3     0.000
       5       2    -0.092   1   3     0.000
       2       6    -0.065   1   3     0.000
       6       2    -0.091   1   3     0.000
       2       7     0.123   1   3     0.000
       7       2     0.164   1   3     0.000
       2       8    -0.344   1   3     0.000
       8       2    -0.327   1   3     0.000
       2       9     0.040   1   3     0.000
       9       2     0.040   1   3     0.000
       2      10    -0.221   1   3     0.000
      10       2    -0.176   1   3     0.000
       2      11    -0.150   1   3     0.000
      11       2    -0.230   1   3     0.000
       2      12     0.115   1   3     0.000
      12       2     0.225   1   3     0.000
       3       4    -0.008   1   3     0.000
       4       3    -0.009   1   3     0.000
       3       5    -0.285   1   3     0.000
       5       3    -0.368   1   3     0.000
       3       6    -0.374   1   3     0.000
       6       3    -0.443   1   3     0.000
       3       7     0.066   1   3     0.000
       7       3     0.077   1   3     0.000
       3       8    -0.605   1   3     0.000
       8       3    -0.639   1   3     0.000
       3       9    -0.577   1   3     0.000
       9       3    -0.638   1   3     0.000
       3      10     0.020   1   3     0.000
      10       3     0.085   1   3     0.000
       3      11    -0.049   1   3     0.000
      11       3    -0.060   1   3     0.000
       3      12    -0.021   1   3     0.000
      12       3    -0.037   1   3     0.000
       4       5     0.216   1   3     0.000
       5       4     0.319   1   3     0.000
       4       6    -0.501   1   3     0.000
       6       4    -0.589   1   3     0.000
       4       7     0.360   1   3     0.000
       7       4     0.390   1   3     0.000
       4       8     0.123   1   3     0.000
       8       4     0.135   1   3     0.000
       4       9     0.055   1   3     0.000
       9       4     0.030   1   3     0.000
       4      10     0.246   1   3     0.000
      10       4     0.285   1   3     0.000
       4      11    -0.263   1   3     0.000
      11       4    -0.305   1   3     0.000
       4      12     0.128   1   3     0.000
      12       4     0.121   1   3     0.000
       5       6    -0.138   1   3     0.000
       6       5    -0.135   1   3     0.000
       5       7    -0.007   1   3     0.000
       7       5    -0.005   1   3     0.000
       5       8     0.052   1   3     0.000
       8       5     0.086   1   3     0.000
       5       9    -0.165   1   3     0.000
       9       5    -0.167   1   3     0.000
       5      10     0.093   1   3     0.000
      10       5     0.136   1   3     0.000
       5      11     0.143   1   3     0.000
      11       5     0.209   1   3     0.000
       5      12     0.250   1   3     0.000
      12       5     0.350   1   3     0.000
       6       7    -0.214   1   3     0.000
       7       6    -0.215   1   3     0.000
       6       8     0.103   1   3     0.000
       8       6     0.122   1   3     0.000
       6       9    -0.029   1   3     0.000
       9       6    -0.012   1   3     0.000
       6      10    -0.154   1   3     0.000
      10       6    -0.202   1   3     0.000
       6      11     0.100   1   3     0.000
      11       6     0.130   1   3     0.000
       6      12     0.135   1   3     0.000
      12       6     0.109   1   3     0.000
       7       8     0.111   1   3     0.000
       8       7     0.108   1   3     0.000
       7       9     0.117   1   3     0.000
       9       7     0.139   1   3     0.000
       7      10    -0.331   1   3     0.000
      10       7    -0.374   1   3     0.000
       7      11    -0.121   1   3     0.000
      11       7    -0.205   1   3     0.000
       7      12     0.172   1   3     0.000
      12       7     0.281   1   3     0.000
       8       9     0.107   1   3     0.000
       9       8     0.108   1   3     0.000
       8      10     0.124   1   3     0.000
      10       8     0.159   1   3     0.000
       8      11    -0.093   1   3     0.000
      11       8    -0.102   1   3     0.000
       8      12    -0.180   1   3     0.000
      12       8    -0.245   1   3     0.000
       9      10    -0.109   1   3     0.000
      10       9    -0.123   1   3     0.000
       9      11     0.004   1   3     0.000
      11       9    -0.039   1   3     0.000
       9      12    -0.004   1   3     0.000
      12       9    -0.022   1   3     0.000
      10      11    -0.006   1   3     0.000
      11      10    -0.022   1   3     0.000
      10      12    -0.123   1   3     0.000
      12      10    -0.168   1   3     0.000
      11      12     0.052   1   3     0.000
      12      11     0.104   1   3     0.000
       1       1     2.328   1   4     3.760     3.760
       2       2     6.428   1   4     7.176     7.176
       3       3    10.967   1   4    10.953    10.953
       4       4    13.072   1   4    13.744    13.744
       5       5    19.565   1   4    18.525    18.525
       6       6    21.289   1   4    19.826    19.826
       7       7    23.273   1   4    21.679    21.679
       8       8    24.703   1   4    23.200    23.200
       9       9    25.592   1   4    23.727    23.727
      10      10    27.407   1   4    25.803    25.803
      11      11    30.543   1   4    28.131    28.131
      12      12    32.441   1   4    30.178    30.178
       1       2     0.011   1   4     0.000
       2       1    -0.007   1   4     0.000
       1       3     0.105   1   4     0.000
       3       1     0.230   1   4     0.000
       1       4     0.227   1   4     0.000
       4       1     0.208   1   4     0.000
       1       5    -0.095   1   4     0.000
       5       1    -0.070   1   4     0.000
       1       6     0.015   1   4     0.000
       6       1    -0.053   1   4     0.000
       1       7     0.087   1   4     0.000
       7       1     0.113   1   4     0.000
       1       8    -0.123   1   4     0.000
       8       1    -0.042   1   4     0.000
       1       9     0.015   1   4     0.000
       9       1     0.054   1   4     0.000
       1      10    -0.209   1   4     0.000
      10       1    -0.242   1   4     0.000
       1      11     0.374   1   4     0.000
      11       1     0.582   1   4     0.000
       1      12     0.260   1   4     0.000
      12       1     0.399   1   4     0.000
       2       3     0.001   1   4     0.000
       3       2     0.042   1   4     0.000
       2       4    -0.185   1   4     0.000
       4       2    -0.223   1   4     0.000
       2       5    -0.355   1   4     0.000
       5       2    -0.388   1   4     0.000
       2       6    -0.169   1   4     0.000
       6       2    -0.129   1   4     0.000
       2       7     0.175   1   4     0.000
       7       2     0.274   1   4     0.000
       2       8    -0.069   1   4     0.000
       8       2    -0.053   1   4     0.000
       2       9     0.047   1   4     0.000
       9       2     0.058   1   4     0.000
       2      10     0.108   1   4     0.000
      10       2     0.115   1   4     0.000
       2      11    -0.108   1   4     0.000
      11       2    -0.176   1   4     0.000
       2      12     0.114   1   4     0.000
      12       2     0.208   1   4     0.000
       3       4    -0.063   1   4     0.000
       4       3    -0.058   1   4     0.000
       3       5    -0.050   1   4     0.000
       5       3    -0.061   1   4     0.000
       3       6    -0.494   1   4     0.000
       6       3    -0.596   1   4     0.000
       3       7     0.414   1   4     0.000
       7       3     0.490   1   4     0.000
       3       8    -0.549   1   4     0.000
       8       3    -0.651   1   4     0.000
       3       9    -0.375   1   4     0.000
       9       3    -0.389   1   4     0.000
       3      10     0.171   1   4     0.000
      10       3     0.193   1   4     0.000
       3      11     0.030   1   4     0.000
      11       3     0.014   1   4     0.000
       3      12     0.029   1   4     0.000
      12       3     0.048   1   4     0.000
       4       5     0.318   1   4     0.000
       5       4     0.331   1   4     0.000
       4       6    -0.270   1   4     0.000
       6       4    -0.295   1   4     0.000
       4       7    -0.332   1   4     0.000
       7       4    -0.380   1   4     0.000
       4       8    -0.155   1   4     0.000
       8       4    -0.149   1   4     0.000
       4       9     0.122   1   4     0.000
       9       4     0.118   1   4     0.000
       4      10     0.339   1   4     0.000
      10       4     0.342   1   4     0.000
       4      11     0.130   1   4     0.000
      11       4     0.164   1   4     0.000
       4      12    -0.287   1   4     0.000
      12       4    -0.416   1   4     0.000
       5       6    -0.146   1   4     0.000
       6       5    -0.148   1   4     0.000
       5       7    -0.208   1   4     0.000
       7       5    -0.228   1   4     0.000
       5       8    -0.066   1   4     0.000
       8       5    -0.080   1   4     0.000
       5       9    -0.051   1   4     0.000
       9       5    -0.044   1   4     0.000
       5      10    -0.257   1   4     0.000
      10       5    -0.361   1   4     0.000
       5      11     0.186   1   4     0.000
      11       5     0.328   1   4     0.000
       5      12    -0.305   1   4     0.000
      12       5    -0.487   1   4     0.000
       6       7    -0.027   1   4     0.000
       7       6    -0.026   1   4     0.000
       6       8     0.063   1   4     0.000
       8       6     0.091   1   4     0.000
       6       9    -0.060   1   4     0.000
       9       6    -0.053   1   4     0.000
       6      10    -0.043   1   4     0.000
      10       6    -0.077   1   4     0.000
       6      11    -0.265   1   4     0.000
      11       6    -0.433   1   4     0.000
       6      12    -0.121   1   4     0.000
      12       6    -0.130   1   4     0.000
       7       8     0.081   1   4     0.000
       8       7     0.089   1   4     0.000
       7       9     0.071   1   4     0.000
       9       7     0.059   1   4     0.000
       7      10    -0.176   1   4     0.000
      10       7    -0.185   1   4     0.000
       7      11    -0.120   1   4     0.000
      11       7    -0.155   1   4     0.000
       7      12     0.124   1   4     0.000
      12       7     0.199   1   4     0.000
       8       9    -0.073   1   4     0.000
       9       8    -0.071   1   4     0.000
       8      10    -0.094   1   4     0.000
      10       8    -0.094   1   4     0.000
       8      11     0.007   1   4     0.000
      11       8     0.053   1   4     0.000
       8      12     0.117   1   4     0.000
      12       8     0.215   1   4     0.000
       9      10     0.232   1   4     0.000
      10       9     0.260   1   4     0.000
       9      11     0.091   1   4     0.000
      11       9     0.070   1   4     0.000
       9      12     0.135   1   4     0.000
      12       9     0.131   1   4     0.000
      10      11    -0.149   1   4     0.000
      11      10    -0.150   1   4     0.000
      10      12     0.228   1   4     0.000
      12      10     0.205   1   4     0.000
      11      12     0.235   1   4     0.000
      12      11     0.231   1   4     0.000
       1       1     3.067   1   5     4.515     4.515
       2       2     5.032   1   5     5.959     5.959
       3       3    10.902   1   5    10.936    10.936
       4       4    11.395   1   5    11.824    11.824
       5       5    19.247   1   5    17.749    17.749
       6       6    21.682   1   5    20.010    20.010
       7       7    22.908   1   5    21.199    21.199
       8       8    23.263   1   5    21.848    21.848
       9       9    26.675   1   5    24.891    24.891
      10      10    27.766   1   5    25.988    25.988
      11      11    30.622   1   5    28.602    28.602
      12      12    32.323   1   5    30.006    30.006
       1       2    -0.153   1   5     0.000
       2       1    -0.160   1   5     0.000
       1       3    -0.118   1   5     0.000
       3       1    -0.153   1   5     0.000
       1       4     0.350   1   5     0.000
       4       1     0.283   1   5     0.000
       1       5    -0.077   1   5     0.000
       5       1    -0.022   1   5     0.000
       1       6     0.070   1   5     0.000
       6       1     0.005   1   5     0.000
       1       7     0.108   1   5     0.000
       7       1     0.121   1   5     0.000
       1       8    -0.137   1   5     0.000
       8       1    -0.108   1   5     0.000
       1       9    -0.013   1   5     0.000
       9       1    -0.100   1   5     0.000
       1      10     0.179   1   5     0.000
      10       1     0.189   1   5     0.000
       1      11    -0.051   1   5     0.000
      11       1    -0.057   1   5     0.000
       1      12    -0.264   1   5     0.000
      12       1    -0.346   1   5     0.000
       2       3    -0.092   1   5     0.000
       3       2    -0.036   1   5     0.000
       2       4     0.102   1   5     0.000
       4       2     0.132   1   5     0.000
       2       5    -0.283   1   5     0.000
       5       2    -0.273   1   5     0.000
       2       6    -0.136   1   5     0.000
       6       2    -0.186   1   5     0.000
       2       7     0.027   1   5     0.000
       7       2     0.058   1   5     0.000
       2       8     0.245   1   5     0.000
       8       2     0.173   1   5     0.000
       2       9     0.104   1   5     0.000
       9       2     0.140   1   5     0.000
       2      10    -0.076   1   5     0.000
      10       2    -0.101   1   5     0.000
       2      11     0.109   1   5     0.000
      11       2     0.132   1   5     0.000
       2      12     0.007   1   5     0.000
      12       2     0.004   1   5     0.000
       3       4    -0.045   1   5     0.000
       4       3    -0.039   1   5     0.000
       3       5    -0.136   1   5     0.000
       5       3    -0.168   1   5     0.000
       3       6    -0.516   1   5     0.000
       6       3    -0.689   1   5     0.000
       3       7     0.328   1   5     0.000
       7       3     0.375   1   5     0.000
       3       8     0.187   1   5     0.000
       8       3     0.230   1   5     0.000
       3       9    -0.462   1   5     0.000
       9       3    -0.474   1   5     0.000
       3      10     0.025   1   5     0.000
      10       3     0.017   1   5     0.000
       3      11     0.007   1   5     0.000
      11       3    -0.014   1   5     0.000
       3      12    -0.097   1   5     0.000
      12       3    -0.153   1   5     0.000
       4       5     0.447   1   5     0.000
       5       4     0.502   1   5     0.000
       4       6    -0.046   1   5     0.000
       6       4    -0.054   1   5     0.000
       4       7    -0.326   1   5     0.000
       7       4    -0.391   1   5     0.000
       4       8     0.520   1   5     0.000
       8       4     0.568   1   5     0.000
       4       9    -0.018   1   5     0.000
       9       4    -0.024   1   5     0.000
       4      10    -0.364   1   5     0.000
      10       4    -0.352   1   5     0.000
       4      11    -0.362   1   5     0.000
      11       4    -0.464   1   5     0.000
       4      12    -0.232   1   5     0.000
      12       4    -0.278   1   5     0.000
       5       6     0.021   1   5     0.000
       6       5     0.020   1   5     0.000
       5       7    -0.133   1   5     0.000
       7       5    -0.153   1   5     0.000
       5       8     0.221   1   5     0.000
       8       5     0.238   1   5     0.000
       5       9    -0.061   1   5     0.000
       9       5    -0.082   1   5     0.000
       5      10     0.319   1   5     0.000
      10       5     0.369   1   5     0.000
       5      11    -0.343   1   5     0.000
      11       5    -0.505   1   5     0.000
       5      12     0.044   1   5     0.000
      12       5     0.061   1   5     0.000
       6       7     0.018   1   5     0.000
       7       6     0.012   1   5     0.000
       6       8    -0.028   1   5     0.000
       8       6    -0.037   1   5     0.000
       6       9    -0.034   1   5     0.000
       9       6     0.009   1   5     0.000
       6      10     0.022   1   5     0.000
      10       6     0.036   1   5     0.000
       6      11    -0.008   1   5     0.000
      11       6    -0.002   1   5     0.000
       6      12    -0.191   1   5     0.000
      12       6    -0.265   1   5     0.000
       7       8     0.002   1   5     0.000
       8       7     0.000   1   5     0.000
       7       9     0.045   1   5     0.000
       9       7     0.017   1   5     0.000
       7      10     0.104   1   5     0.000
      10       7     0.120   1   5     0.000
       7      11    -0.133   1   5     0.000
      11       7    -0.170   1   5     0.000
       7      12    -0.357   1   5     0.000
      12       7    -0.504   1   5     0.000
       8       9    -0.082   1   5     0.000
       9       8    -0.124   1   5     0.000
       8      10    -0.172   1   5     0.000
      10       8    -0.200   1   5     0.000
       8      11     0.079   1   5     0.000
      11       8     0.057   1   5     0.000
       8      12    -0.255   1   5     0.000
      12       8    -0.368   1   5     0.000
       9      10    -0.299   1   5     0.000
      10       9    -0.308   1   5     0.000
       9      11     0.013   1   5     0.000
      11       9     0.008   1   5     0.000
       9      12    -0.033   1   5     0.000
      12       9    -0.023   1   5     0.000
      10      11    -0.068   1   5     0.000
      11      10    -0.073   1   5     0.000
      10      12     0.082   1   5     0.000
      12      10     0.110   1   5     0.000
      11      12    -0.018   1   5     0.000
      12      11     0.042   1   5     0.000
       1       1     1.266   1   6     2.621     2.621
       2       2     8.146   1   6     8.712     8.712
       3       3    11.763   1   6    12.017    12.017
       4       4    13.658   1   6    14.394    14.394
       5       5    19.330   1   6    18.114    18.114
       6       6    20.056   1   6    18.689    18.689
       7       7    22.835   1   6    21.034    21.034
       8       8    24.079   1   6    22.289    22.289
       9       9    26.168   1   6    24.194    24.194
      10      10    27.824   1   6    25.706    25.706
      11      11    29.249   1   6    26.968    26.968
      12      12    30.632   1   6    27.983    27.983
       1       2     0.087   1   6     0.000
       2       1     0.043   1   6     0.000
       1       3     0.264   1   6     0.000
       3       1     0.326   1   6     0.000
       1       4    -0.103   1   6     0.000
       4       1    -0.157   1   6     0.000
       1       5     0.159   1   6     0.000
       5       1     0.256   1   6     0.000
       1       6    -0.146   1   6     0.000
       6       1    -0.064   1   6     0.000
       1       7    -0.120   1   6     0.000
       7       1    -0.193   1   6     0.000
       1       8    -0.110   1   6     0.000
       8       1    -0.151   1   6     0.000
       1       9     0.111   1   6     0.000
       9       1     0.118   1   6     0.000
       1      10     0.448   1   6     0.000
      10       1     0.741   1   6     0.000
       1      11    -0.111   1   6     0.000
      11       1    -0.173   1   6     0.000
       1      12     0.195   1   6     0.000
      12       1     0.309   1   6     0.000
       2       3    -0.007   1   6     0.000
       3       2     0.018   1   6     0.000
       2       4     0.229   1   6     0.000
       4       2     0.231   1   6     0.000
       2       5     0.304   1   6     0.000
       5       2     0.300   1   6     0.000
       2       6     0.042   1   6     0.000
       6       2     0.055   1   6     0.000
       2       7    -0.254   1   6     0.000
       7       2    -0.347   1   6     0.000
       2       8     0.010   1   6     0.000
       8       2     0.017   1   6     0.000
       2       9    -0.322   1   6     0.000
       9       2    -0.364   1   6     0.000
       2      10    -0.001   1   6     0.000
      10       2    -0.105   1   6     0.000
       2      11     0.087   1   6     0.000
      11       2     0.011   1   6     0.000
       2      12    -0.508   1   6     0.000
      12       2    -0.697   1   6     0.000
       3       4     0.077   1   6     0.000
       4       3     0.076   1   6     0.000
       3       5     0.480   1   6     0.000
       5       3     0.530   1   6     0.000
       3       6     0.289   1   6     0.000
       6       3     0.320   1   6     0.000
       3       7    -0.211   1   6     0.000
       7       3    -0.219   1   6     0.000
       3       8     0.354   1   6     0.000
       8       3     0.361   1   6     0.000
       3       9    -0.139   1   6     0.000
       9       3    -0.151   1   6     0.000
       3      10     0.275   1   6     0.000
      10       3     0.341   1   6     0.000
       3      11    -0.178   1   6     0.000
      11       3    -0.166   1   6     0.000
       3      12    -0.242   1   6     0.000
      12       3    -0.323   1   6     0.000
       4       5     0.092   1   6     0.000
       5       4     0.085   1   6     0.000
       4       6    -0.375   1   6     0.000
       6       4    -0.389   1   6     0.000
       4       7    -0.281   1   6     0.000
       7       4    -0.323   1   6     0.000
       4       8    -0.012   1   6     0.000
       8       4    -0.018   1   6     0.000
       4       9     0.236   1   6     0.000
       9       4     0.222   1   6     0.000
       4      10     0.037   1   6     0.000
      10       4     0.025   1   6     0.000
       4      11     0.218   1   6     0.000
      11       4     0.217   1   6     0.000
       4      12     0.030   1   6     0.000
      12       4     0.014   1   6     0.000
       5       6     0.335   1   6     0.000
       6       5     0.339   1   6     0.000
       5       7    -0.044   1   6     0.000
       7       5    -0.057   1   6     0.000
       5       8     0.000   1   6     0.000
       8       5     0.005   1   6     0.000
       5       9    -0.178   1   6     0.000
       9       5    -0.233   1   6     0.000
       5      10     0.195   1   6     0.000
      10       5     0.289   1   6     0.000
       5      11     0.057   1   6     0.000
      11       5     0.001   1   6     0.000
       5      12    -0.025   1   6     0.000
      12       5    -0.042   1   6     0.000
       6       7    -0.048   1   6     0.000
       7       6    -0.043   1   6     0.000
       6       8    -0.080   1   6     0.000
       8       6    -0.102   1   6     0.000
       6       9    -0.188   1   6     0.000
       9       6    -0.196   1   6     0.000
       6      10     0.050   1   6     0.000
      10       6     0.125   1   6     0.000
       6      11    -0.357   1   6     0.000
      11       6    -0.422   1   6     0.000
       6      12    -0.307   1   6     0.000
      12       6    -0.315   1   6     0.000
       7       8    -0.028   1   6     0.000
       8       7    -0.032   1   6     0.000
       7       9    -0.221   1   6     0.000
       9       7    -0.244   1   6     0.000
       7      10     0.181   1   6     0.000
      10       7     0.213   1   6     0.000
       7      11     0.201   1   6     0.000
      11       7     0.216   1   6     0.000
       7      12     0.151   1   6     0.000
      12       7     0.206   1   6     0.000
       8       9     0.225   1   6     0.000
       9       8     0.253   1   6     0.000
       8      10     0.037   1   6     0.000
      10       8     0.082   1   6     0.000
       8      11     0.062   1   6     0.000
      11       8     0.058   1   6     0.000
       8      12    -0.275   1   6     0.000
      12       8    -0.324   1   6     0.000
       9      10    -0.004   1   6     0.000
      10       9    -0.002   1   6     0.000
       9      11     0.298   1   6     0.000
      11       9     0.305   1   6     0.000
       9      12     0.458   1   6     0.000
      12       9     0.472   1   6     0.000
      10      11     0.105   1   6     0.000
      11      10     0.098   1   6     0.000
      10      12     0.417   1   6     0.000
      12      10     0.445   1   6     0.000
      11      12    -0.065   1   6     0.000
      12      11    -0.074   1   6     0.000
       1       1     2.557   1   7     3.577     3.577
       2       2     5.718   1   7     7.089     7.089
       3       3    11.054   1   7    11.242    11.242
       4       4    12.548   1   7    13.096    13.096
       5       5    19.532   1   7    17.893    17.893
       6       6    20.851   1   7    19.147    19.147
       7       7    23.002   1   7    21.532    21.532
       8       8    23.490   1   7    21.926    21.926
       9       9    25.723   1   7    24.227    24.227
      10      10    26.117   1   7    24.490    24.490
      11      11    29.562   1   7    27.319    27.319
      12      12    31.637   1   7    29.601    29.601
       1       2     0.208   1   7     0.000
       2       1     0.082   1   7     0.000
       1       3     0.194   1   7     0.000
       3       1     0.319   1   7     0.000
       1       4    -0.132   1   7     0.000
       4       1    -0.069   1   7     0.000
       1       5     0.136   1   7     0.000
       5       1     0.188   1   7     0.000
       1       6     0.336   1   7     0.000
       6       1     0.396   1   7     0.000
       1       7    -0.382   1   7     0.000
       7       1    -0.406   1   7     0.000
       1       8    -0.184   1   7     0.000
       8       1    -0.196   1   7     0.000
       1       9    -0.123   1   7     0.000
       9       1    -0.124   1   7     0.000
       1      10     0.177   1   7     0.000
      10       1     0.214   1   7     0.000
       1      11    -0.285   1   7     0.000
      11       1    -0.592   1   7     0.000
       1      12     0.124   1   7     0.000
      12       1     0.213   1   7     0.000
       2       3    -0.012   1   7     0.000
       3       2    -0.037   1   7     0.000
       2       4     0.008   1   7     0.000
       4       2     0.018   1   7     0.000
       2       5    -0.246   1   7     0.000
       5       2    -0.260   1   7     0.000
       2       6    -0.024   1   7     0.000
       6       2     0.020   1   7     0.000
       2       7     0.156   1   7     0.000
       7       2     0.236   1   7     0.000
       2       8     0.029   1   7     0.000
       8       2    -0.018   1   7     0.000
       2       9     0.255   1   7     0.000
       9       2     0.253   1   7     0.000
       2      10    -0.107   1   7     0.000
      10       2    -0.152   1   7     0.000
       2      11    -0.190   1   7     0.000
      11       2    -0.289   1   7     0.000
       2      12    -0.107   1   7     0.000
      12       2    -0.167   1   7     0.000
       3       4     0.015   1   7     0.000
       4       3     0.019   1   7     0.000
       3       5     0.125   1   7     0.000
       5       3     0.156   1   7     0.000
       3       6     0.460   1   7     0.000
       6       3     0.569   1   7     0.000
       3       7    -0.256   1   7     0.000
       7       3    -0.301   1   7     0.000
       3       8    -0.402   1   7     0.000
       8       3    -0.491   1   7     0.000
       3       9    -0.416   1   7     0.000
       9       3    -0.451   1   7     0.000
       3      10     0.022   1   7     0.000
      10       3    -0.024   1   7     0.000
       3      11     0.128   1   7     0.000
      11       3     0.179   1   7     0.000
       3      12    -0.024   1   7     0.000
      12       3    -0.055   1   7     0.000
       4       5     0.357   1   7     0.000
       5       4     0.373   1   7     0.000
       4       6    -0.234   1   7     0.000
       6       4    -0.284   1   7     0.000
       4       7    -0.250   1   7     0.000
       7       4    -0.294   1   7     0.000
       4       8    -0.090   1   7     0.000
       8       4    -0.120   1   7     0.000
       4       9     0.095   1   7     0.000
       9       4     0.094   1   7     0.000
       4      10    -0.209   1   7     0.000
      10       4    -0.188   1   7     0.000
       4      11     0.033   1   7     0.000
      11       4     0.102   1   7     0.000
       4      12     0.169   1   7     0.000
      12       4     0.222   1   7     0.000
       5       6    -0.158   1   7     0.000
       6       5    -0.168   1   7     0.000
       5       7    -0.214   1   7     0.000
       7       5    -0.245   1   7     0.000
       5       8     0.157   1   7     0.000
       8       5     0.183   1   7     0.000
       5       9    -0.054   1   7     0.000
       9       5    -0.094   1   7     0.000
       5      10     0.235   1   7     0.000
      10       5     0.272   1   7     0.000
       5      11    -0.024   1   7     0.000
      11       5     0.002   1   7     0.000
       5      12     0.077   1   7     0.000
      12       5     0.118   1   7     0.000
       6       7     0.185   1   7     0.000
       7       6     0.176   1   7     0.000
       6       8     0.111   1   7     0.000
       8       6     0.122   1   7     0.000
       6       9    -0.146   1   7     0.000
       9       6    -0.210   1   7     0.000
       6      10    -0.060   1   7     0.000
      10       6    -0.050   1   7     0.000
       6      11    -0.159   1   7     0.000
      11       6    -0.278   1   7     0.000
       6      12     0.046   1   7     0.000
      12       6     0.045   1   7     0.000
       7       8     0.032   1   7     0.000
       8       7     0.034   1   7     0.000
       7       9     0.078   1   7     0.000
       9       7     0.107   1   7     0.000
       7      10     0.261   1   7     0.000
      10       7     0.290   1   7     0.000
       7      11    -0.167   1   7     0.000
      11       7    -0.196   1   7     0.000
       7      12    -0.261   1   7     0.000
      12       7    -0.354   1   7     0.000
       8       9     0.046   1   7     0.000
       9       8     0.078   1   7     0.000
       8      10     0.138   1   7     0.000
      10       8     0.114   1   7     0.000
       8      11     0.104   1   7     0.000
      11       8     0.173   1   7     0.000
       8      12     0.075   1   7     0.000
      12       8     0.080   1   7     0.000
       9      10    -0.155   1   7     0.000
      10       9    -0.157   1   7     0.000
       9      11     0.046   1   7     0.000
      11       9     0.031   1   7     0.000
       9      12     0.022   1   7     0.000
      12       9    -0.006   1   7     0.000
      10      11     0.171   1   7     0.000
      11      10     0.160   1   7     0.000
      10      12     0.124   1   7     0.000
      12      10     0.155   1   7     0.000
      11      12    -0.299   1   7     0.000
      12      11    -0.301   1   7     0.000
       1       1     1.587   1   8     2.826     2.826
       2       2     7.870   1   8     8.924     8.924
       3       3    12.245   1   8    12.679    12.679
       4       4    13.053   1   8    13.657    13.657
       5       5    18.792   1   8    17.205    17.205
       6       6    19.981   1   8    18.639    18.639
       7       7    22.756   1   8    21.136    21.136
       8       8    24.196   1   8    22.800    22.800
       9       9    25.602   1   8    24.324    24.324
      10      10    28.689   1   8    26.842    26.842
      11      11    29.173   1   8    27.370    27.370
      12      12    32.242   1   8    29.578    29.578
       1       2     0.182   1   8     0.000
       2       1     0.126   1   8     0.000
       1       3     0.087   1   8     0.000
       3       1    -0.037   1   8     0.000
       1       4     0.129   1   8     0.000
       4       1    -0.016   1   8     0.000
       1       5     0.541   1   8     0.000
       5       1     0.683   1   8     0.000
       1       6     0.117   1   8     0.000
       6       1     0.119   1   8     0.000
       1       7     0.036   1   8     0.000
       7       1     0.021   1   8     0.000
       1       8    -0.140   1   8     0.000
       8       1    -0.260   1   8     0.000
       1       9    -0.278   1   8     0.000
       9       1    -0.393   1   8     0.000
       1      10    -0.273   1   8     0.000
      10       1    -0.465   1   8     0.000
       1      11    -0.347   1   8     0.000
      11       1    -0.662   1   8     0.000
       1      12     0.024   1   8     0.000
      12       1     0.037   1   8     0.000
       2       3    -0.244   1   8     0.000
       3       2    -0.241   1   8     0.000
       2       4    -0.151   1   8     0.000
       4       2    -0.187   1   8     0.000
       2       5     0.164   1   8     0.000
       5       2     0.179   1   8     0.000
       2       6     0.083   1   8     0.000
       6       2     0.095   1   8     0.000
       2       7     0.114   1   8     0.000
       7       2     0.149   1   8     0.000
       2       8    -0.060   1   8     0.000
       8       2    -0.060   1   8     0.000
       2       9     0.091   1   8     0.000
       9       2     0.071   1   8     0.000
       2      10     0.040   1   8     0.000
      10       2    -0.034   1   8     0.000
       2      11     0.118   1   8     0.000
      11       2     0.183   1   8     0.000
       2      12    -0.221   1   8     0.000
      12       2    -0.336   1   8     0.000
       3       4    -0.008   1   8     0.000
       4       3    -0.008   1   8     0.000
       3       5    -0.375   1   8     0.000
       5       3    -0.400   1   8     0.000
       3       6     0.085   1   8     0.000
       6       3     0.089   1   8     0.000
       3       7    -0.258   1   8     0.000
       7       3    -0.283   1   8     0.000
       3       8     0.404   1   8     0.000
       8       3     0.455   1   8     0.000
       3       9    -0.076   1   8     0.000
       9       3    -0.092   1   8     0.000
       3      10     0.170   1   8     0.000
      10       3     0.274   1   8     0.000
       3      11     0.185   1   8     0.000
      11       3     0.220   1   8     0.000
       3      12    -0.029   1   8     0.000
      12       3    -0.036   1   8     0.000
       4       5    -0.168   1   8     0.000
       5       4    -0.172   1   8     0.000
       4       6     0.049   1   8     0.000
       6       4     0.046   1   8     0.000
       4       7     0.419   1   8     0.000
       7       4     0.476   1   8     0.000
       4       8     0.253   1   8     0.000
       8       4     0.306   1   8     0.000
       4       9     0.115   1   8     0.000
       9       4     0.151   1   8     0.000
       4      10     0.123   1   8     0.000
      10       4     0.089   1   8     0.000
       4      11     0.140   1   8     0.000
      11       4     0.153   1   8     0.000
       4      12    -0.169   1   8     0.000
      12       4    -0.283   1   8     0.000
       5       6    -0.319   1   8     0.000
       6       5    -0.315   1   8     0.000
       5       7     0.064   1   8     0.000
       7       5     0.067   1   8     0.000
       5       8     0.096   1   8     0.000
       8       5     0.111   1   8     0.000
       5       9    -0.044   1   8     0.000
       9       5    -0.061   1   8     0.000
       5      10    -0.063   1   8     0.000
      10       5    -0.149   1   8     0.000
       5      11    -0.285   1   8     0.000
      11       5    -0.496   1   8     0.000
       5      12     0.077   1   8     0.000
      12       5     0.120   1   8     0.000
       6       7    -0.389   1   8     0.000
       7       6    -0.432   1   8     0.000
       6       8    -0.174   1   8     0.000
       8       6    -0.190   1   8     0.000
       6       9     0.496   1   8     0.000
       9       6     0.612   1   8     0.000
       6      10    -0.046   1   8     0.000
      10       6    -0.016   1   8     0.000
       6      11    -0.397   1   8     0.000
      11       6    -0.522   1   8     0.000
       6      12     0.182   1   8     0.000
      12       6     0.282   1   8     0.000
       7       8    -0.004   1   8     0.000
       8       7    -0.006   1   8     0.000
       7       9     0.078   1   8     0.000
       9       7     0.075   1   8     0.000
       7      10    -0.164   1   8     0.000
      10       7    -0.163   1   8     0.000
       7      11    -0.006   1   8     0.000
      11       7     0.026   1   8     0.000
       7      12    -0.029   1   8     0.000
      12       7    -0.092   1   8     0.000
       8       9    -0.056   1   8     0.000
       9       8    -0.061   1   8     0.000
       8      10     0.041   1   8     0.000
      10       8     0.030   1   8     0.000
       8      11     0.050   1   8     0.000
      11       8     0.065   1   8     0.000
       8      12    -0.034   1   8     0.000
      12       8    -0.078   1   8     0.000
       9      10    -0.161   1   8     0.000
      10       9    -0.160   1   8     0.000
       9      11     0.274   1   8     0.000
      11       9     0.300   1   8     0.000
       9      12     0.012   1   8     0.000
      12       9     0.001   1   8     0.000
      10      11    -0.005   1   8     0.000
      11      10    -0.003   1   8     0.000
      10      12     0.223   1   8     0.000
      12      10     0.292   1   8     0.000
      11      12     0.004   1   8     0.000
      12      11     0.011   1   8     0.000
