-----------------------------------------------------------------

 OUTPUT SELF-ENERGY DIAGONAL MATRIX ELEMENTS (eV)
     n   occ        E_dft     V_xc   Sigma_x  Sigma_sx   Sigma_c   Sigma_g  Sigma-V_xc   zfac  Im[Sigma]      E_0      E_qp  
     1   1.000     2.621   -11.162   -17.051     5.575     4.356     0.000    -1.533     0.946     1.881     2.621     1.266
     2   1.000     8.712   -11.413   -14.276     4.220     2.186     0.000    -0.677     0.837     0.343     8.712     8.146
     3   1.000    12.017   -10.334   -12.631     3.228     2.009     0.000    -0.289     0.879     0.088    12.017    11.763
     4   1.000    14.394   -11.029   -13.320     3.407     1.461     0.000    -0.830     0.886     0.059    14.394    13.658
     5   0.000    18.114   -10.462    -5.261     2.176    -3.855     0.000     1.345     0.899    -0.104    18.114    19.330
     6   0.000    18.689   -10.810    -5.037     2.267    -4.256     0.000     1.517     0.894    -0.115    18.689    20.056
     7   0.000    21.034    -9.402    -4.131     1.622    -3.278     0.000     1.993     0.904    -0.218    21.034    22.835
     8   0.000    22.289    -9.988    -4.438     1.401    -3.592     0.000     1.958     0.915    -0.264    22.289    24.079
     9   0.000    24.194   -10.332    -4.082     0.971    -4.080     0.000     2.169     0.909    -0.418    24.194    26.168
    10   0.000    25.706    -9.305    -3.071     0.522    -3.960     0.000     2.274     0.940    -0.781    25.706    27.824
    11   0.000    26.968    -9.935    -3.252     0.506    -4.243     0.000     2.440     0.944    -0.929    26.968    29.249
    12   0.000    27.983    -9.889    -2.697     0.246    -4.515     0.000     2.677     1.183    -1.660    27.983    30.632
-----------------------------------------------------------------


 OUTPUT SELF-ENERGY OFF-DIAGONAL MATRIX ELEMENTS (eV)
    n1    n2     V_xc    Sigma_x  Sigma_c1  Sigma_c2  Sigma_g1  Sigma_g2  Sigma-V_xc1  Sigma-V_xc2
     1     2     0.134    -0.013     0.234     0.190     0.000     0.000        0.087        0.043
     1     3     0.489     0.418     0.335     0.398     0.000     0.000        0.264        0.326
     1     4    -0.044    -0.087    -0.060    -0.114     0.000     0.000       -0.103       -0.157
     1     5     0.705     0.648     0.216     0.312     0.000     0.000        0.159        0.256
     1     6     0.354     0.185     0.023     0.105     0.000     0.000       -0.146       -0.064
     1     7    -0.355    -0.361    -0.114    -0.187     0.000     0.000       -0.120       -0.193
     1     8    -0.073    -0.108    -0.076    -0.117     0.000     0.000       -0.110       -0.151
     1     9    -0.219    -0.090    -0.018    -0.011     0.000     0.000        0.111        0.118
     1    10     0.942     1.145     0.246     0.539     0.000     0.000        0.448        0.741
     1    11    -0.403    -0.421    -0.093    -0.156     0.000     0.000       -0.111       -0.173
     1    12     0.251     0.262     0.183     0.297     0.000     0.000        0.195        0.309
     2     3     0.261     0.297    -0.044    -0.018     0.000     0.000       -0.007        0.018
     2     4     0.337     0.259     0.307     0.309     0.000     0.000        0.229        0.231
     2     5     0.479     0.394     0.388     0.384     0.000     0.000        0.304        0.300
     2     6    -0.471    -0.031    -0.397    -0.384     0.000     0.000        0.042        0.055
     2     7    -0.386    -0.648     0.008    -0.085     0.000     0.000       -0.254       -0.347
     2     8     0.041     0.072    -0.021    -0.014     0.000     0.000        0.010        0.017
     2     9    -0.050    -0.698     0.326     0.284     0.000     0.000       -0.322       -0.364
     2    10    -0.013     0.141    -0.155    -0.259     0.000     0.000       -0.001       -0.105
     2    11     0.287     0.493    -0.119    -0.194     0.000     0.000        0.087        0.011
     2    12    -0.436    -0.853    -0.091    -0.280     0.000     0.000       -0.508       -0.697
     3     4     0.014     0.098    -0.007    -0.008     0.000     0.000        0.077        0.076
     3     5     0.932     1.213     0.200     0.250     0.000     0.000        0.480        0.530
     3     6     0.560     0.663     0.187     0.217     0.000     0.000        0.289        0.320
     3     7    -0.325    -0.422    -0.115    -0.122     0.000     0.000       -0.211       -0.219
     3     8     0.493     0.740     0.107     0.114     0.000     0.000        0.354        0.361
     3     9    -0.239    -0.327    -0.051    -0.063     0.000     0.000       -0.139       -0.151
     3    10     0.576     0.681     0.170     0.236     0.000     0.000        0.275        0.341
     3    11    -0.239    -0.465     0.047     0.060     0.000     0.000       -0.178       -0.166
     3    12    -0.485    -0.567    -0.160    -0.241     0.000     0.000       -0.242       -0.323
     4     5     0.049     0.276    -0.135    -0.142     0.000     0.000        0.092        0.085
     4     6    -0.347    -0.722     0.000    -0.014     0.000     0.000       -0.375       -0.389
     4     7    -0.831    -0.903    -0.209    -0.252     0.000     0.000       -0.281       -0.323
     4     8     0.092     0.005     0.075     0.069     0.000     0.000       -0.012       -0.018
     4     9     0.145     0.385    -0.005    -0.018     0.000     0.000        0.236        0.222
     4    10     0.021     0.083    -0.025    -0.037     0.000     0.000        0.037        0.025
     4    11     0.164     0.352     0.030     0.029     0.000     0.000        0.218        0.217
     4    12    -0.276    -0.102    -0.144    -0.159     0.000     0.000        0.030        0.014
     5     6     0.438     0.396     0.376     0.381     0.000     0.000        0.335        0.339
     5     7    -0.203    -0.077    -0.169    -0.182     0.000     0.000       -0.044       -0.057
     5     8    -0.476    -0.323    -0.153    -0.148     0.000     0.000        0.000        0.005
     5     9    -0.529    -0.424    -0.282    -0.337     0.000     0.000       -0.178       -0.233
     5    10     0.748     0.479     0.463     0.558     0.000     0.000        0.195        0.289
     5    11     0.056     0.161    -0.048    -0.104     0.000     0.000        0.057        0.001
     5    12    -0.038    -0.005    -0.058    -0.075     0.000     0.000       -0.025       -0.042
     6     7     0.262     0.191     0.022     0.027     0.000     0.000       -0.048       -0.043
     6     8    -0.218    -0.038    -0.259    -0.282     0.000     0.000       -0.080       -0.102
     6     9     0.588     0.065     0.336     0.327     0.000     0.000       -0.188       -0.196
     6    10     0.600     0.213     0.437     0.512     0.000     0.000        0.050        0.125
     6    11    -0.343    -0.504    -0.196    -0.262     0.000     0.000       -0.357       -0.422
     6    12     0.355    -0.282     0.331     0.323     0.000     0.000       -0.307       -0.315
     7     8    -0.180    -0.149    -0.059    -0.063     0.000     0.000       -0.028       -0.032
     7     9    -0.687    -0.565    -0.343    -0.366     0.000     0.000       -0.221       -0.244
     7    10     0.446     0.372     0.256     0.288     0.000     0.000        0.181        0.213
     7    11     0.400     0.447     0.154     0.169     0.000     0.000        0.201        0.216
     7    12     0.617     0.427     0.342     0.397     0.000     0.000        0.151        0.206
     8     9     0.402     0.309     0.318     0.347     0.000     0.000        0.225        0.253
     8    10     0.160    -0.007     0.204     0.249     0.000     0.000        0.037        0.082
     8    11     0.168     0.181     0.049     0.044     0.000     0.000        0.062        0.058
     8    12    -0.177    -0.350    -0.101    -0.151     0.000     0.000       -0.275       -0.324
     9    10     0.108     0.013     0.090     0.093     0.000     0.000       -0.004       -0.002
     9    11     0.228     0.525     0.001     0.008     0.000     0.000        0.298        0.305
     9    12    -0.200     0.388    -0.130    -0.116     0.000     0.000        0.458        0.472
    10    11    -0.494    -0.336    -0.053    -0.060     0.000     0.000        0.105        0.098
    10    12     0.818     0.632     0.602     0.631     0.000     0.000        0.417        0.445
    11    12    -0.630    -0.170    -0.525    -0.534     0.000     0.000       -0.065       -0.074

-----------------------------------------------------------------
