-----------------------------------------------------------------

 OUTPUT SELF-ENERGY DIAGONAL MATRIX ELEMENTS (eV)
     n   occ        E_dft     V_xc   Sigma_x  Sigma_sx   Sigma_c   Sigma_g  Sigma-V_xc   zfac  Im[Sigma]      E_0      E_qp  
     1   1.000     4.515   -11.471   -16.507     4.999     7.054     0.000     2.018     0.879     0.676     4.515     6.279
     2   1.000     5.959   -11.435   -15.618     4.691     6.645     0.000     2.462     0.842     0.370     5.959     8.043
     3   1.000    10.936   -10.087   -12.084     2.782     4.837     0.000     2.839     0.897     0.004    10.936    13.469
     4   1.000    11.824   -10.440   -12.789     2.886     4.987     0.000     2.637     0.902     0.018    11.824    14.189
     5   0.000    17.749    -9.708    -4.657     1.776    -0.561     0.000     4.490     0.890    -0.179    17.749    21.822
     6   0.000    20.010    -9.629    -4.458     2.190    -0.558     0.000     4.613     0.879    -0.329    20.010    24.093
     7   0.000    21.199   -10.065    -4.640     1.790    -0.573     0.000     4.853     0.886    -0.393    21.199    25.564
     8   0.000    21.848   -10.390    -5.007     1.547    -0.577     0.000     4.806     0.895    -0.411    21.848    26.168
     9   0.000    24.891   -10.470    -4.415     1.459    -0.882     0.000     5.172     0.924    -0.823    24.891    29.639
    10   0.000    25.988   -10.212    -4.265     1.320    -0.890     0.000     5.057     0.938    -0.856    25.988    30.641
    11   0.000    28.602   -10.897    -3.364     0.065    -1.960     0.000     5.572     1.214    -2.822    28.602    34.506
    12   0.000    30.006   -10.408    -3.121    -0.111    -1.857     0.000     5.431     1.268    -3.021    30.006    36.298
-----------------------------------------------------------------


 OUTPUT SELF-ENERGY OFF-DIAGONAL MATRIX ELEMENTS (eV)
    n1    n2     V_xc    Sigma_x  Sigma_c1  Sigma_c2  Sigma_g1  Sigma_g2  Sigma-V_xc1  Sigma-V_xc2
     1     2    -0.008    -0.292     0.138     0.131     0.000     0.000       -0.146       -0.153
     1     3     0.052    -0.321     0.195     0.161     0.000     0.000       -0.178       -0.213
     1     4     0.124     0.165     0.111     0.045     0.000     0.000        0.152        0.085
     1     5     0.143     0.101    -0.060    -0.006     0.000     0.000       -0.103       -0.048
     1     6     0.283    -0.011     0.168     0.103     0.000     0.000       -0.126       -0.191
     1     7     0.399     0.183     0.054     0.067     0.000     0.000       -0.163       -0.150
     1     8     0.248     0.101    -0.066    -0.037     0.000     0.000       -0.213       -0.185
     1     9    -0.232    -0.074    -0.032    -0.120     0.000     0.000        0.126        0.038
     1    10     0.110     0.268    -0.067    -0.057     0.000     0.000        0.092        0.101
     1    11    -0.079    -0.216     0.121     0.115     0.000     0.000       -0.016       -0.022
     1    12    -0.501    -0.831     0.306     0.224     0.000     0.000       -0.024       -0.106
     2     3     0.151     0.146    -0.130    -0.074     0.000     0.000       -0.135       -0.079
     2     4    -0.093     0.121    -0.067    -0.037     0.000     0.000        0.147        0.177
     2     5    -0.577    -0.421    -0.060    -0.050     0.000     0.000        0.095        0.105
     2     6     0.029    -0.134     0.018    -0.031     0.000     0.000       -0.145       -0.195
     2     7    -0.044     0.094    -0.074    -0.042     0.000     0.000        0.064        0.096
     2     8     0.332     0.059     0.223     0.151     0.000     0.000       -0.050       -0.122
     2     9     0.018     0.221    -0.155    -0.119     0.000     0.000        0.049        0.085
     2    10    -0.148    -0.591     0.353     0.327     0.000     0.000       -0.090       -0.116
     2    11     0.217     0.412    -0.087    -0.065     0.000     0.000        0.108        0.130
     2    12     0.012    -0.006    -0.044    -0.047     0.000     0.000       -0.061       -0.064
     3     4     0.057     0.164    -0.161    -0.154     0.000     0.000       -0.054       -0.048
     3     5    -0.233    -0.339     0.060     0.029     0.000     0.000       -0.045       -0.076
     3     6    -1.379    -1.520     0.326     0.153     0.000     0.000        0.185        0.012
     3     7     0.642     0.723    -0.076    -0.028     0.000     0.000        0.005        0.053
     3     8     0.528     0.520    -0.038     0.005     0.000     0.000       -0.047       -0.004
     3     9    -0.911    -1.240     0.316     0.304     0.000     0.000       -0.013       -0.025
     3    10    -0.145    -0.030    -0.048    -0.057     0.000     0.000        0.067        0.058
     3    11     0.154     0.144    -0.033    -0.054     0.000     0.000       -0.043       -0.064
     3    12    -0.190    -0.233     0.021    -0.034     0.000     0.000       -0.022       -0.077
     4     5     0.925     1.139    -0.231    -0.176     0.000     0.000       -0.018        0.037
     4     6    -0.144    -0.066    -0.033    -0.041     0.000     0.000        0.045        0.036
     4     7    -0.596    -0.830     0.233     0.168     0.000     0.000       -0.001       -0.066
     4     8     0.828     1.083    -0.161    -0.113     0.000     0.000        0.094        0.141
     4     9    -0.132    -0.103     0.004    -0.003     0.000     0.000        0.033        0.026
     4    10    -0.689    -0.935     0.238     0.250     0.000     0.000       -0.008        0.004
     4    11    -0.710    -0.863     0.155     0.053     0.000     0.000        0.002       -0.100
     4    12    -0.213    -0.419     0.115     0.069     0.000     0.000       -0.091       -0.137
     5     6     0.027    -0.006     0.025     0.024     0.000     0.000       -0.009       -0.010
     5     7    -0.413    -0.299    -0.026    -0.046     0.000     0.000        0.088        0.068
     5     8     0.441     0.405    -0.020    -0.004     0.000     0.000       -0.057       -0.040
     5     9    -0.345    -0.282     0.056     0.035     0.000     0.000        0.120        0.098
     5    10     0.806     0.791    -0.126    -0.076     0.000     0.000       -0.141       -0.091
     5    11    -0.851    -0.566    -0.099    -0.261     0.000     0.000        0.186        0.024
     5    12    -0.011     0.028     0.000     0.017     0.000     0.000        0.039        0.056
     6     7    -0.132     0.012    -0.064    -0.070     0.000     0.000        0.080        0.073
     6     8    -0.287    -0.096    -0.056    -0.065     0.000     0.000        0.136        0.126
     6     9     0.125    -0.062     0.077     0.120     0.000     0.000       -0.110       -0.066
     6    10     0.059    -0.021     0.057     0.071     0.000     0.000       -0.023       -0.009
     6    11     0.215     0.099     0.010     0.016     0.000     0.000       -0.106       -0.100
     6    12    -0.608    -0.455    -0.019    -0.093     0.000     0.000        0.134        0.060
     7     8    -0.062     0.019    -0.065    -0.068     0.000     0.000        0.015        0.013
     7     9     0.040     0.127    -0.054    -0.082     0.000     0.000        0.033        0.005
     7    10     0.396     0.223     0.046     0.062     0.000     0.000       -0.127       -0.111
     7    11    -0.170    -0.188    -0.015    -0.053     0.000     0.000       -0.033       -0.071
     7    12    -0.882    -0.687    -0.050    -0.196     0.000     0.000        0.145       -0.002
     8     9    -0.011     0.082    -0.116    -0.159     0.000     0.000       -0.023       -0.066
     8    10    -0.302    -0.161    -0.083    -0.111     0.000     0.000        0.059        0.031
     8    11     0.164     0.017     0.107     0.086     0.000     0.000       -0.040       -0.061
     8    12    -0.582    -0.343    -0.116    -0.229     0.000     0.000        0.123        0.010
     9    10    -0.261    -0.393     0.042     0.033     0.000     0.000       -0.090       -0.099
     9    11     0.081     0.064    -0.028    -0.033     0.000     0.000       -0.045       -0.050
     9    12     0.034     0.148    -0.135    -0.125     0.000     0.000       -0.021       -0.011
    10    11    -0.261    -0.005    -0.170    -0.175     0.000     0.000        0.085        0.080
    10    12     0.088     0.071     0.012     0.041     0.000     0.000       -0.005        0.024
    11    12     0.016    -0.056    -0.054     0.005     0.000     0.000       -0.127       -0.067

-----------------------------------------------------------------
