-----------------------------------------------------------------

 OUTPUT SELF-ENERGY DIAGONAL MATRIX ELEMENTS (eV)
     n   occ        E_dft     V_xc   Sigma_x  Sigma_sx   Sigma_c   Sigma_g  Sigma-V_xc   zfac  Im[Sigma]      E_0      E_qp  
     1   1.000     2.889   -11.258   -17.150     5.218     7.546     0.000     1.655     0.863     0.874     2.889     4.314
     2   1.000     7.703   -11.515   -14.408     3.684     5.587     0.000     2.693     0.878     0.190     7.703    10.067
     3   1.000    11.471   -10.366   -12.694     2.846     4.991     0.000     2.663     0.904     0.022    11.471    13.863
     4   1.000    13.175   -11.128   -13.408     3.357     5.125     0.000     2.845     0.906     0.013    13.175    15.743
     5   0.000    17.543   -10.457    -5.150     2.391    -0.541     0.000     4.765     0.877    -0.213    17.543    21.812
     6   0.000    18.435    -9.723    -4.540     2.009    -0.409     0.000     4.774     0.893    -0.231    18.435    22.757
     7   0.000    20.047    -9.494    -4.195     1.701    -0.501     0.000     4.798     0.922    -0.356    20.047    24.393
     8   0.000    20.860   -10.244    -4.909     2.069    -0.529     0.000     4.807     0.900    -0.364    20.860    25.178
     9   0.000    23.116    -9.859    -4.186     1.272    -0.708     0.000     4.965     0.943    -0.714    23.116    27.680
    10   0.000    25.809    -9.304    -2.911     0.428    -1.341     0.000     5.051     0.976    -1.174    25.809    30.509
    11   0.000    26.774   -10.450    -4.013     0.970    -1.292     0.000     5.144     1.002    -1.460    26.774    31.607
    12   0.000    27.969    -9.671    -2.963     0.273    -1.355     0.000     5.353     1.085    -1.676    27.969    33.234
-----------------------------------------------------------------


 OUTPUT SELF-ENERGY OFF-DIAGONAL MATRIX ELEMENTS (eV)
    n1    n2     V_xc    Sigma_x  Sigma_c1  Sigma_c2  Sigma_g1  Sigma_g2  Sigma-V_xc1  Sigma-V_xc2
     1     2    -0.094    -0.002    -0.116    -0.027     0.000     0.000       -0.025        0.064
     1     3    -0.367     0.057    -0.049    -0.109     0.000     0.000        0.375        0.315
     1     4    -0.011    -0.041    -0.053    -0.019     0.000     0.000       -0.083       -0.048
     1     5     0.499     0.530    -0.044    -0.021     0.000     0.000       -0.013        0.010
     1     6    -0.676    -0.666     0.240     0.065     0.000     0.000        0.250        0.075
     1     7     0.258     0.242    -0.088     0.004     0.000     0.000       -0.104       -0.012
     1     8    -0.338    -0.358     0.087     0.018     0.000     0.000        0.066       -0.003
     1     9     0.176     0.161    -0.059     0.005     0.000     0.000       -0.075       -0.011
     1    10    -0.792    -0.879     0.180     0.009     0.000     0.000        0.093       -0.078
     1    11     0.357     0.506    -0.127    -0.034     0.000     0.000        0.022        0.115
     1    12     0.510     0.430    -0.127     0.023     0.000     0.000       -0.207       -0.056
     2     3     0.227     0.212     0.099     0.075     0.000     0.000        0.085        0.061
     2     4     0.160     0.091    -0.001    -0.029     0.000     0.000       -0.070       -0.098
     2     5    -0.596    -0.427    -0.034    -0.047     0.000     0.000        0.135        0.122
     2     6    -0.271    -0.225     0.149     0.097     0.000     0.000        0.194        0.142
     2     7    -0.171    -0.318     0.040     0.020     0.000     0.000       -0.106       -0.126
     2     8     0.033     0.049     0.052     0.022     0.000     0.000        0.069        0.038
     2     9    -0.156    -0.360     0.098     0.055     0.000     0.000       -0.107       -0.150
     2    10    -0.140     0.056    -0.119    -0.196     0.000     0.000        0.077        0.000
     2    11    -0.120     0.237    -0.151    -0.274     0.000     0.000        0.205        0.083
     2    12     0.306     0.464    -0.148    -0.124     0.000     0.000        0.011        0.034
     3     4     0.026     0.077    -0.010    -0.006     0.000     0.000        0.040        0.044
     3     5    -0.660    -0.912     0.127     0.100     0.000     0.000       -0.125       -0.152
     3     6     0.795     1.050    -0.289    -0.217     0.000     0.000       -0.034        0.038
     3     7    -0.459    -0.563     0.084     0.045     0.000     0.000       -0.019       -0.058
     3     8     0.700     0.918    -0.214    -0.149     0.000     0.000        0.005        0.070
     3     9    -0.316    -0.445     0.101     0.071     0.000     0.000       -0.028       -0.058
     3    10     0.472     0.508    -0.062     0.007     0.000     0.000       -0.027        0.043
     3    11    -0.449    -0.496     0.124     0.071     0.000     0.000        0.077        0.024
     3    12     0.806     0.819    -0.087     0.057     0.000     0.000       -0.074        0.070
     4     5    -0.227    -0.360     0.071     0.064     0.000     0.000       -0.062       -0.069
     4     6    -0.442    -0.586     0.040     0.015     0.000     0.000       -0.104       -0.129
     4     7    -0.735    -0.891     0.171     0.120     0.000     0.000        0.015       -0.035
     4     8     0.059     0.045     0.065     0.070     0.000     0.000        0.051        0.056
     4     9     0.418     0.623    -0.172    -0.142     0.000     0.000        0.033        0.063
     4    10     0.011     0.077    -0.050    -0.062     0.000     0.000        0.017        0.005
     4    11     0.028     0.091    -0.042    -0.073     0.000     0.000        0.021       -0.010
     4    12     0.029     0.063     0.006     0.022     0.000     0.000        0.040        0.056
     5     6    -0.137     0.085    -0.053    -0.058     0.000     0.000        0.169        0.164
     5     7     0.512     0.406     0.021     0.033     0.000     0.000       -0.086       -0.073
     5     8     0.259     0.272    -0.007    -0.004     0.000     0.000        0.006        0.009
     5     9     0.714     0.610    -0.029     0.018     0.000     0.000       -0.133       -0.086
     5    10    -0.509    -0.387     0.015    -0.043     0.000     0.000        0.137        0.079
     5    11     0.137     0.011     0.043     0.067     0.000     0.000       -0.083       -0.059
     5    12    -0.108    -0.028    -0.028    -0.030     0.000     0.000        0.051        0.050
     6     7     0.481     0.441    -0.045    -0.035     0.000     0.000       -0.085       -0.075
     6     8     0.000    -0.012     0.041     0.041     0.000     0.000        0.029        0.028
     6     9     0.240     0.235    -0.008    -0.004     0.000     0.000       -0.014       -0.009
     6    10     1.005     0.685     0.103     0.261     0.000     0.000       -0.217       -0.059
     6    11    -0.094     0.026    -0.075    -0.111     0.000     0.000        0.045        0.009
     6    12    -0.221    -0.122     0.007    -0.035     0.000     0.000        0.107        0.065
     7     8    -0.141    -0.118     0.030     0.030     0.000     0.000        0.053        0.053
     7     9    -0.450    -0.355    -0.078    -0.108     0.000     0.000        0.017       -0.013
     7    10     0.551     0.486    -0.003     0.034     0.000     0.000       -0.069       -0.032
     7    11     0.985     0.823    -0.075    -0.023     0.000     0.000       -0.236       -0.184
     7    12    -0.172    -0.042     0.006    -0.022     0.000     0.000        0.136        0.108
     8     9     0.176     0.171    -0.039    -0.025     0.000     0.000       -0.045       -0.030
     8    10     0.389     0.322     0.038     0.077     0.000     0.000       -0.029        0.010
     8    11    -0.050     0.009    -0.032    -0.042     0.000     0.000        0.028        0.018
     8    12     0.128     0.070     0.021     0.054     0.000     0.000       -0.037       -0.003
     9    10     0.266     0.218     0.025     0.022     0.000     0.000       -0.023       -0.026
     9    11     0.568     0.503    -0.024     0.006     0.000     0.000       -0.089       -0.060
     9    12     0.044     0.031     0.024     0.028     0.000     0.000        0.011        0.014
    10    11    -0.081    -0.355     0.177     0.183     0.000     0.000       -0.098       -0.092
    10    12    -1.034    -0.768    -0.105    -0.153     0.000     0.000        0.162        0.114
    11    12    -0.150    -0.449     0.160     0.166     0.000     0.000       -0.138       -0.132

-----------------------------------------------------------------
