-----------------------------------------------------------------

 OUTPUT SELF-ENERGY DIAGONAL MATRIX ELEMENTS (eV)
     n   occ        E_dft     V_xc   Sigma_x  Sigma_sx   Sigma_c   Sigma_g  Sigma-V_xc   zfac  Im[Sigma]      E_0      E_qp  
     1   1.000     3.577   -11.251   -16.365     5.154     7.331     0.000     2.216     0.852     0.699     3.577     5.461
     2   1.000     7.089   -11.458   -15.637     4.683     6.386     0.000     2.206     0.837     0.282     7.089     8.941
     3   1.000    11.242   -10.155   -12.126     2.577     4.713     0.000     2.742     0.903    -0.007    11.242    13.711
     4   1.000    13.096   -10.920   -13.294     3.465     5.037     0.000     2.663     0.896     0.004    13.096    15.476
     5   0.000    17.893    -9.847    -4.574     2.105    -0.634     0.000     4.640     0.873    -0.228    17.893    22.026
     6   0.000    19.147    -9.571    -4.373     2.053    -0.594     0.000     4.604     0.864    -0.272    19.147    23.230
     7   0.000    21.532   -10.034    -4.756     1.826    -0.603     0.000     4.675     0.894    -0.372    21.532    25.732
     8   0.000    21.926   -10.084    -4.486     1.737    -0.854     0.000     4.743     0.883    -0.662    21.926    26.056
     9   0.000    24.227   -10.193    -4.643     1.443    -0.770     0.000     4.780     0.936    -0.627    24.227    28.632
    10   0.000    24.490   -10.028    -4.306     1.139    -0.910     0.000     4.812     0.956    -0.833    24.490    28.893
    11   0.000    27.319    -8.832    -2.450     0.147    -1.743     0.000     4.640     1.052    -1.985    27.319    32.025
    12   0.000    29.601   -10.390    -3.009    -0.088    -1.960     0.000     5.422     1.190    -2.810    29.601    35.444
-----------------------------------------------------------------


 OUTPUT SELF-ENERGY OFF-DIAGONAL MATRIX ELEMENTS (eV)
    n1    n2     V_xc    Sigma_x  Sigma_c1  Sigma_c2  Sigma_g1  Sigma_g2  Sigma-V_xc1  Sigma-V_xc2
     1     2    -0.017    -0.007     0.141     0.015     0.000     0.000        0.151        0.025
     1     3     0.381     0.620    -0.201    -0.076     0.000     0.000        0.038        0.163
     1     4     0.018    -0.006    -0.109    -0.046     0.000     0.000       -0.133       -0.070
     1     5     0.200     0.190     0.023     0.075     0.000     0.000        0.014        0.065
     1     6     0.640     0.611    -0.025     0.036     0.000     0.000       -0.054        0.006
     1     7    -0.477    -0.459    -0.049    -0.073     0.000     0.000       -0.031       -0.055
     1     8    -0.243    -0.224    -0.045    -0.057     0.000     0.000       -0.026       -0.038
     1     9    -0.137    -0.498     0.257     0.256     0.000     0.000       -0.105       -0.105
     1    10     0.217     0.073     0.124     0.161     0.000     0.000       -0.019        0.017
     1    11    -0.848    -0.767     0.139    -0.168     0.000     0.000        0.220       -0.087
     1    12     0.281     0.312     0.015     0.104     0.000     0.000        0.047        0.136
     2     3    -0.182    -0.399     0.253     0.229     0.000     0.000        0.036        0.012
     2     4    -0.156    -0.044    -0.028    -0.017     0.000     0.000        0.085        0.095
     2     5    -0.728    -0.466    -0.053    -0.067     0.000     0.000        0.209        0.195
     2     6    -0.017     0.115    -0.117    -0.073     0.000     0.000        0.015        0.059
     2     7     0.060     0.448    -0.261    -0.181     0.000     0.000        0.127        0.207
     2     8     0.055    -0.059     0.085     0.038     0.000     0.000       -0.030       -0.077
     2     9     0.190     0.431    -0.140    -0.142     0.000     0.000        0.102        0.100
     2    10    -0.108    -0.488     0.289     0.244     0.000     0.000       -0.091       -0.136
     2    11    -0.318    -0.280    -0.015    -0.114     0.000     0.000        0.023       -0.076
     2    12     0.010    -0.029     0.027    -0.034     0.000     0.000       -0.012       -0.073
     3     4     0.041     0.073    -0.043    -0.039     0.000     0.000       -0.011       -0.007
     3     5     0.332     0.402    -0.133    -0.102     0.000     0.000       -0.064       -0.033
     3     6     0.938     1.005    -0.096     0.012     0.000     0.000       -0.028        0.080
     3     7    -0.700    -0.726     0.101     0.056     0.000     0.000        0.074        0.030
     3     8    -0.682    -0.864     0.138     0.049     0.000     0.000       -0.043       -0.133
     3     9    -1.066    -1.201     0.229     0.194     0.000     0.000        0.095        0.060
     3    10    -0.042     0.018    -0.013    -0.059     0.000     0.000        0.047        0.001
     3    11     0.234     0.270    -0.029     0.022     0.000     0.000        0.007        0.059
     3    12    -0.100    -0.064     0.003    -0.028     0.000     0.000        0.040        0.009
     4     5     0.520     0.709    -0.091    -0.074     0.000     0.000        0.099        0.115
     4     6    -0.535    -0.542     0.050     0.001     0.000     0.000        0.043       -0.007
     4     7    -0.658    -0.756     0.161     0.117     0.000     0.000        0.063        0.019
     4     8    -0.197    -0.176    -0.002    -0.032     0.000     0.000        0.019       -0.011
     4     9     0.182     0.266    -0.066    -0.067     0.000     0.000        0.018        0.017
     4    10    -0.478    -0.696     0.207     0.228     0.000     0.000       -0.010        0.011
     4    11     0.048     0.082    -0.016     0.053     0.000     0.000        0.018        0.087
     4    12     0.214     0.323    -0.057    -0.004     0.000     0.000        0.053        0.106
     5     6    -0.409    -0.411     0.068     0.058     0.000     0.000        0.067        0.057
     5     7    -0.653    -0.514     0.000    -0.031     0.000     0.000        0.139        0.108
     5     8     0.364     0.348    -0.037    -0.011     0.000     0.000       -0.053       -0.027
     5     9    -0.287    -0.173    -0.032    -0.072     0.000     0.000        0.083        0.042
     5    10     0.656     0.573    -0.029     0.008     0.000     0.000       -0.112       -0.076
     5    11     0.289     0.054     0.087     0.114     0.000     0.000       -0.147       -0.121
     5    12     0.281     0.140     0.044     0.085     0.000     0.000       -0.097       -0.056
     6     7     0.296     0.343    -0.058    -0.067     0.000     0.000       -0.011       -0.020
     6     8     0.168     0.168     0.002     0.013     0.000     0.000        0.003        0.014
     6     9    -0.528    -0.251    -0.118    -0.182     0.000     0.000        0.159        0.095
     6    10    -0.058    -0.099     0.012     0.022     0.000     0.000       -0.028       -0.019
     6    11    -1.025    -0.733     0.011    -0.109     0.000     0.000        0.302        0.183
     6    12     0.014     0.092    -0.038    -0.039     0.000     0.000        0.040        0.039
     7     8     0.154     0.049     0.047     0.049     0.000     0.000       -0.058       -0.057
     7     9     0.050    -0.014     0.076     0.106     0.000     0.000        0.012        0.042
     7    10     0.407     0.223     0.143     0.172     0.000     0.000       -0.041       -0.012
     7    11    -0.454    -0.326    -0.024    -0.053     0.000     0.000        0.105        0.076
     7    12    -0.622    -0.384    -0.120    -0.214     0.000     0.000        0.118        0.024
     8     9     0.167    -0.006     0.127     0.159     0.000     0.000       -0.046       -0.014
     8    10     0.327     0.274    -0.038    -0.062     0.000     0.000       -0.092       -0.115
     8    11     0.340     0.283     0.006     0.076     0.000     0.000       -0.050        0.019
     8    12     0.255     0.119     0.050     0.056     0.000     0.000       -0.086       -0.081
     9    10    -0.120    -0.111    -0.041    -0.043     0.000     0.000       -0.033       -0.034
     9    11     0.046     0.299    -0.251    -0.266     0.000     0.000        0.002       -0.014
     9    12    -0.117    -0.067     0.030     0.002     0.000     0.000        0.081        0.053
    10    11     0.365     0.319    -0.016    -0.028     0.000     0.000       -0.063       -0.074
    10    12     0.330     0.184     0.072     0.103     0.000     0.000       -0.074       -0.043
    11    12    -0.864    -0.447    -0.158    -0.160     0.000     0.000        0.260        0.258

-----------------------------------------------------------------
