-----------------------------------------------------------------

 OUTPUT SELF-ENERGY DIAGONAL MATRIX ELEMENTS (eV)
     n   occ        E_dft     V_xc   Sigma_x  Sigma_sx   Sigma_c   Sigma_g  Sigma-V_xc   zfac  Im[Sigma]      E_0      E_qp  
     1   1.000     4.621   -11.406   -16.496     5.037     7.155     0.000     2.065     0.879     0.634     4.621     6.377
     2   1.000     5.764   -11.511   -15.661     4.411     6.363     0.000     2.213     0.869     0.445     5.764     7.737
     3   1.000    11.017   -10.144   -12.141     2.405     4.733     0.000     2.736     0.906    -0.003    11.017    13.487
     4   1.000    11.752   -10.430   -12.761     3.182     5.111     0.000     2.781     0.900     0.023    11.752    14.238
     5   0.000    18.513    -9.614    -4.456     2.184    -0.512     0.000     4.646     0.882    -0.251    18.513    22.662
     6   0.000    19.291    -9.523    -4.488     1.750    -0.533     0.000     4.502     0.889    -0.226    19.291    23.367
     7   0.000    19.504   -10.187    -4.885     2.005    -0.506     0.000     4.796     0.877    -0.273    19.504    23.799
     8   0.000    23.123   -10.312    -4.801     1.272    -0.748     0.000     4.762     0.917    -0.549    23.123    27.484
     9   0.000    24.479   -10.542    -4.484     1.388    -1.190     0.000     4.869     0.949    -1.246    24.479    28.956
    10   0.000    26.247   -10.549    -4.500     1.270    -1.046     0.000     5.004     0.958    -1.122    26.247    30.893
    11   0.000    28.247   -10.554    -3.204     0.012    -1.789     0.000     5.561     1.154    -2.423    28.247    33.927
    12   0.000    29.616    -9.541    -2.716    -0.103    -1.612     0.000     5.213     1.219    -2.576    29.616    35.098
-----------------------------------------------------------------


 OUTPUT SELF-ENERGY OFF-DIAGONAL MATRIX ELEMENTS (eV)
    n1    n2     V_xc    Sigma_x  Sigma_c1  Sigma_c2  Sigma_g1  Sigma_g2  Sigma-V_xc1  Sigma-V_xc2
     1     2    -0.019    -0.246    -0.038     0.033     0.000     0.000       -0.265       -0.194
     1     3     0.138    -0.038    -0.013     0.007     0.000     0.000       -0.189       -0.168
     1     4    -0.069    -0.220    -0.126    -0.036     0.000     0.000       -0.277       -0.187
     1     5    -0.530    -0.367     0.049    -0.006     0.000     0.000        0.211        0.156
     1     6    -0.243    -0.202    -0.085    -0.058     0.000     0.000       -0.044       -0.016
     1     7    -0.167    -0.160     0.008     0.034     0.000     0.000        0.015        0.041
     1     8     0.254    -0.204     0.196     0.270     0.000     0.000       -0.262       -0.189
     1     9    -0.128    -0.017    -0.063    -0.071     0.000     0.000        0.049        0.040
     1    10    -0.117    -0.139    -0.030    -0.024     0.000     0.000       -0.052       -0.045
     1    11    -0.018     0.010    -0.166    -0.146     0.000     0.000       -0.139       -0.118
     1    12    -0.692    -0.881     0.279     0.091     0.000     0.000        0.090       -0.098
     2     3     0.100     0.192    -0.076    -0.062     0.000     0.000        0.015        0.029
     2     4     0.039    -0.323     0.223     0.196     0.000     0.000       -0.140       -0.166
     2     5    -0.298    -0.155     0.041    -0.016     0.000     0.000        0.184        0.127
     2     6     0.029    -0.107     0.083     0.057     0.000     0.000       -0.052       -0.078
     2     7     0.527     0.355    -0.031     0.010     0.000     0.000       -0.202       -0.161
     2     8    -0.103    -0.181    -0.113    -0.096     0.000     0.000       -0.191       -0.174
     2     9    -0.064     0.164    -0.122    -0.123     0.000     0.000        0.106        0.105
     2    10    -0.122    -0.680     0.326     0.371     0.000     0.000       -0.231       -0.187
     2    11    -0.379    -0.507     0.211     0.131     0.000     0.000        0.084        0.004
     2    12     0.223     0.219    -0.015     0.096     0.000     0.000       -0.019        0.091
     3     4    -0.025    -0.128     0.100     0.099     0.000     0.000       -0.002       -0.004
     3     5    -0.795    -0.772     0.111     0.027     0.000     0.000        0.134        0.051
     3     6    -0.883    -0.978     0.163     0.095     0.000     0.000        0.068        0.000
     3     7     0.041     0.175    -0.097    -0.085     0.000     0.000        0.038        0.049
     3     8    -1.042    -1.329     0.203     0.169     0.000     0.000       -0.084       -0.118
     3     9    -0.949    -1.318     0.291     0.230     0.000     0.000       -0.078       -0.139
     3    10    -0.179    -0.108     0.018     0.082     0.000     0.000        0.088        0.153
     3    11    -0.227    -0.187     0.013     0.003     0.000     0.000        0.052        0.042
     3    12    -0.036    -0.060     0.021     0.005     0.000     0.000       -0.003       -0.019
     4     5     0.723     0.770    -0.203    -0.100     0.000     0.000       -0.157       -0.053
     4     6    -1.009    -1.256     0.245     0.156     0.000     0.000       -0.002       -0.090
     4     7     0.625     0.775    -0.114    -0.085     0.000     0.000        0.036        0.065
     4     8     0.288     0.328    -0.053    -0.041     0.000     0.000       -0.014       -0.002
     4     9     0.150     0.196    -0.052    -0.076     0.000     0.000       -0.006       -0.031
     4    10     0.569     0.738    -0.158    -0.120     0.000     0.000        0.010        0.049
     4    11    -0.666    -0.791     0.163     0.121     0.000     0.000        0.038       -0.005
     4    12     0.259     0.392    -0.152    -0.158     0.000     0.000       -0.019       -0.025
     5     6    -0.172    -0.177    -0.008    -0.005     0.000     0.000       -0.013       -0.010
     5     7     0.187     0.145    -0.036    -0.034     0.000     0.000       -0.079       -0.076
     5     8     0.400     0.149     0.077     0.112     0.000     0.000       -0.173       -0.139
     5     9    -0.182    -0.304     0.066     0.063     0.000     0.000       -0.057       -0.060
     5    10     0.368     0.223     0.034     0.077     0.000     0.000       -0.112       -0.068
     5    11     0.520     0.376     0.014     0.080     0.000     0.000       -0.130       -0.064
     5    12     1.065     0.810    -0.019     0.080     0.000     0.000       -0.274       -0.175
     6     7    -0.328    -0.285    -0.058    -0.059     0.000     0.000       -0.015       -0.015
     6     8     0.171     0.092     0.052     0.071     0.000     0.000       -0.027       -0.008
     6     9     0.046    -0.067     0.051     0.069     0.000     0.000       -0.062       -0.044
     6    10    -0.313    -0.214    -0.032    -0.079     0.000     0.000        0.066        0.019
     6    11     0.085     0.033     0.068     0.099     0.000     0.000        0.016        0.046
     6    12     0.029     0.082     0.027     0.002     0.000     0.000        0.080        0.054
     7     8     0.132     0.149    -0.014    -0.016     0.000     0.000        0.003        0.000
     7     9     0.260     0.217     0.006     0.028     0.000     0.000       -0.038       -0.015
     7    10    -0.793    -0.726     0.038    -0.004     0.000     0.000        0.106        0.064
     7    11    -0.566    -0.320    -0.058    -0.142     0.000     0.000        0.188        0.104
     7    12     0.703     0.475     0.036     0.145     0.000     0.000       -0.191       -0.082
     8     9     0.225     0.038     0.108     0.108     0.000     0.000       -0.078       -0.078
     8    10     0.154     0.007     0.130     0.165     0.000     0.000       -0.017        0.018
     8    11    -0.243     0.005    -0.160    -0.170     0.000     0.000        0.088        0.078
     8    12    -0.245    -0.169    -0.090    -0.155     0.000     0.000       -0.013       -0.078
     9    10    -0.115    -0.295     0.223     0.209     0.000     0.000        0.042        0.028
     9    11    -0.135    -0.037     0.027    -0.016     0.000     0.000        0.125        0.082
     9    12    -0.087     0.035    -0.051    -0.070     0.000     0.000        0.071        0.052
    10    11     0.186    -0.012     0.061     0.044     0.000     0.000       -0.137       -0.154
    10    12    -0.186    -0.056    -0.121    -0.167     0.000     0.000        0.009       -0.037
    11    12     0.100     0.099    -0.010     0.042     0.000     0.000       -0.011        0.041

-----------------------------------------------------------------
