-----------------------------------------------------------------

 OUTPUT SELF-ENERGY DIAGONAL MATRIX ELEMENTS (eV)
     n   occ        E_dft     V_xc   Sigma_x  Sigma_sx   Sigma_c   Sigma_g  Sigma-V_xc   zfac  Im[Sigma]      E_0      E_qp  
     1   1.000     2.621   -11.162   -17.051     5.575     7.817     0.000     1.928     0.832     0.975     2.621     4.218
     2   1.000     8.712   -11.413   -14.276     4.220     5.793     0.000     2.930     0.860     0.112     8.712    11.193
     3   1.000    12.017   -10.334   -12.631     3.228     5.073     0.000     2.776     0.895     0.020    12.017    14.485
     4   1.000    14.394   -11.029   -13.320     3.407     4.930     0.000     2.640     0.895    -0.008    14.394    16.753
     5   0.000    18.114   -10.462    -5.261     2.176    -0.594     0.000     4.606     0.894    -0.281    18.114    22.232
     6   0.000    18.689   -10.810    -5.037     2.267    -0.709     0.000     5.064     0.866    -0.302    18.689    23.172
     7   0.000    21.034    -9.402    -4.131     1.622    -0.650     0.000     4.621     0.902    -0.445    21.034    25.211
     8   0.000    22.289    -9.988    -4.438     1.401    -0.669     0.000     4.881     0.909    -0.532    22.289    26.730
     9   0.000    24.194   -10.332    -4.082     0.971    -0.920     0.000     5.329     0.907    -0.808    24.194    29.050
    10   0.000    25.706    -9.305    -3.071     0.522    -1.292     0.000     4.942     0.967    -1.275    25.706    30.368
    11   0.000    26.968    -9.935    -3.252     0.506    -1.311     0.000     5.371     1.008    -1.546    26.968    32.092
    12   0.000    27.983    -9.889    -2.697     0.246    -1.547     0.000     5.645     1.269    -2.350    27.983    34.260
-----------------------------------------------------------------


 OUTPUT SELF-ENERGY OFF-DIAGONAL MATRIX ELEMENTS (eV)
    n1    n2     V_xc    Sigma_x  Sigma_c1  Sigma_c2  Sigma_g1  Sigma_g2  Sigma-V_xc1  Sigma-V_xc2
     1     2     0.134    -0.013     0.125     0.082     0.000     0.000       -0.022       -0.066
     1     3     0.489     0.418    -0.027     0.035     0.000     0.000       -0.098       -0.036
     1     4    -0.044    -0.087     0.050    -0.004     0.000     0.000        0.007       -0.047
     1     5     0.705     0.648    -0.139    -0.043     0.000     0.000       -0.196       -0.099
     1     6     0.354     0.185    -0.105    -0.023     0.000     0.000       -0.275       -0.192
     1     7    -0.355    -0.361     0.077     0.004     0.000     0.000        0.071       -0.003
     1     8    -0.073    -0.108     0.012    -0.028     0.000     0.000       -0.022       -0.062
     1     9    -0.219    -0.090     0.058     0.065     0.000     0.000        0.187        0.193
     1    10     0.942     1.145    -0.279     0.014     0.000     0.000       -0.077        0.216
     1    11    -0.403    -0.421     0.127     0.064     0.000     0.000        0.109        0.046
     1    12     0.251     0.262     0.027     0.141     0.000     0.000        0.038        0.152
     2     3     0.261     0.297    -0.167    -0.142     0.000     0.000       -0.131       -0.106
     2     4     0.337     0.259     0.049     0.051     0.000     0.000       -0.029       -0.027
     2     5     0.479     0.394     0.053     0.049     0.000     0.000       -0.031       -0.035
     2     6    -0.471    -0.031    -0.024    -0.011     0.000     0.000        0.416        0.429
     2     7    -0.386    -0.648     0.155     0.062     0.000     0.000       -0.107       -0.200
     2     8     0.041     0.072     0.004     0.011     0.000     0.000        0.035        0.042
     2     9    -0.050    -0.698     0.251     0.209     0.000     0.000       -0.397       -0.439
     2    10    -0.013     0.141    -0.137    -0.241     0.000     0.000        0.018       -0.087
     2    11     0.287     0.493    -0.272    -0.348     0.000     0.000       -0.067       -0.142
     2    12    -0.436    -0.853     0.118    -0.070     0.000     0.000       -0.299       -0.488
     3     4     0.014     0.098    -0.054    -0.054     0.000     0.000        0.031        0.030
     3     5     0.932     1.213    -0.227    -0.177     0.000     0.000        0.053        0.103
     3     6     0.560     0.663    -0.125    -0.095     0.000     0.000       -0.023        0.007
     3     7    -0.325    -0.422     0.043     0.035     0.000     0.000       -0.054       -0.062
     3     8     0.493     0.740    -0.174    -0.167     0.000     0.000        0.073        0.080
     3     9    -0.239    -0.327     0.063     0.052     0.000     0.000       -0.025       -0.036
     3    10     0.576     0.681    -0.099    -0.032     0.000     0.000        0.006        0.073
     3    11    -0.239    -0.465     0.149     0.161     0.000     0.000       -0.076       -0.064
     3    12    -0.485    -0.567     0.116     0.035     0.000     0.000        0.034       -0.047
     4     5     0.049     0.276    -0.123    -0.129     0.000     0.000        0.104        0.098
     4     6    -0.347    -0.722     0.102     0.088     0.000     0.000       -0.273       -0.287
     4     7    -0.831    -0.903     0.216     0.173     0.000     0.000        0.144        0.102
     4     8     0.092     0.005     0.014     0.009     0.000     0.000       -0.073       -0.078
     4     9     0.145     0.385    -0.076    -0.090     0.000     0.000        0.164        0.151
     4    10     0.021     0.083    -0.059    -0.071     0.000     0.000        0.003       -0.009
     4    11     0.164     0.352    -0.063    -0.064     0.000     0.000        0.125        0.124
     4    12    -0.276    -0.102     0.000    -0.016     0.000     0.000        0.173        0.157
     5     6     0.438     0.396     0.065     0.069     0.000     0.000        0.023        0.027
     5     7    -0.203    -0.077    -0.064    -0.076     0.000     0.000        0.062        0.049
     5     8    -0.476    -0.323     0.066     0.071     0.000     0.000        0.219        0.224
     5     9    -0.529    -0.424     0.019    -0.035     0.000     0.000        0.124        0.069
     5    10     0.748     0.479     0.044     0.139     0.000     0.000       -0.224       -0.129
     5    11     0.056     0.161    -0.106    -0.162     0.000     0.000       -0.001       -0.057
     5    12    -0.038    -0.005    -0.032    -0.049     0.000     0.000        0.001       -0.016
     6     7     0.262     0.191    -0.066    -0.061     0.000     0.000       -0.136       -0.131
     6     8    -0.218    -0.038    -0.082    -0.104     0.000     0.000        0.098        0.076
     6     9     0.588     0.065    -0.022    -0.030     0.000     0.000       -0.545       -0.554
     6    10     0.600     0.213     0.082     0.158     0.000     0.000       -0.305       -0.230
     6    11    -0.343    -0.504    -0.007    -0.072     0.000     0.000       -0.168       -0.233
     6    12     0.355    -0.282     0.057     0.049     0.000     0.000       -0.581       -0.589
     7     8    -0.180    -0.149     0.033     0.029     0.000     0.000        0.064        0.060
     7     9    -0.687    -0.565     0.034     0.011     0.000     0.000        0.156        0.132
     7    10     0.446     0.372    -0.009     0.023     0.000     0.000       -0.084       -0.051
     7    11     0.400     0.447    -0.062    -0.047     0.000     0.000       -0.015        0.000
     7    12     0.617     0.427     0.041     0.095     0.000     0.000       -0.150       -0.096
     8     9     0.402     0.309     0.052     0.080     0.000     0.000       -0.042       -0.013
     8    10     0.160    -0.007     0.073     0.118     0.000     0.000       -0.094       -0.050
     8    11     0.168     0.181    -0.037    -0.041     0.000     0.000       -0.024       -0.028
     8    12    -0.177    -0.350    -0.015    -0.064     0.000     0.000       -0.188       -0.237
     9    10     0.108     0.013     0.074     0.076     0.000     0.000       -0.021       -0.018
     9    11     0.228     0.525    -0.087    -0.080     0.000     0.000        0.210        0.217
     9    12    -0.200     0.388    -0.033    -0.018     0.000     0.000        0.555        0.570
    10    11    -0.494    -0.336     0.145     0.137     0.000     0.000        0.303        0.295
    10    12     0.818     0.632     0.221     0.249     0.000     0.000        0.035        0.064
    11    12    -0.630    -0.170    -0.175    -0.184     0.000     0.000        0.285        0.276

-----------------------------------------------------------------
