-----------------------------------------------------------------

 OUTPUT SELF-ENERGY DIAGONAL MATRIX ELEMENTS (eV)
     n   occ        E_dft     V_xc   Sigma_x  Sigma_sx   Sigma_c   Sigma_g  Sigma-V_xc   zfac  Im[Sigma]      E_0      E_qp  
     1   1.000     3.577   -11.251   -16.365     5.154     3.877     0.000    -1.238     0.807     1.248     3.577     2.557
     2   1.000     7.089   -11.458   -15.637     4.683     2.632     0.000    -1.547     0.890     0.843     7.089     5.718
     3   1.000    11.242   -10.155   -12.126     2.577     1.761     0.000    -0.210     0.898     0.055    11.242    11.054
     4   1.000    13.096   -10.920   -13.294     3.465     1.757     0.000    -0.617     0.885     0.065    13.096    12.548
     5   0.000    17.893    -9.847    -4.574     2.105    -3.459     0.000     1.814     0.896    -0.104    17.893    19.532
     6   0.000    19.147    -9.571    -4.373     2.053    -3.303     0.000     1.896     0.890    -0.126    19.147    20.851
     7   0.000    21.532   -10.034    -4.756     1.826    -3.655     0.000     1.624     0.901    -0.158    21.532    23.002
     8   0.000    21.926   -10.084    -4.486     1.737    -3.805     0.000     1.793     0.865    -0.274    21.926    23.490
     9   0.000    24.227   -10.193    -4.643     1.443    -3.912     0.000     1.639     0.921    -0.322    24.227    25.723
    10   0.000    24.490   -10.028    -4.306     1.139    -3.938     0.000     1.784     0.910    -0.419    24.490    26.117
    11   0.000    27.319    -8.832    -2.450     0.147    -4.138     0.000     2.244     1.024    -1.440    27.319    29.562
    12   0.000    29.601   -10.390    -3.009    -0.088    -5.327     0.000     2.054     0.983    -1.836    29.601    31.637
-----------------------------------------------------------------


 OUTPUT SELF-ENERGY OFF-DIAGONAL MATRIX ELEMENTS (eV)
    n1    n2     V_xc    Sigma_x  Sigma_c1  Sigma_c2  Sigma_g1  Sigma_g2  Sigma-V_xc1  Sigma-V_xc2
     1     2    -0.017    -0.007     0.198     0.072     0.000     0.000        0.208        0.082
     1     3     0.381     0.620    -0.044     0.080     0.000     0.000        0.194        0.319
     1     4     0.018    -0.006    -0.108    -0.045     0.000     0.000       -0.132       -0.069
     1     5     0.200     0.190     0.146     0.198     0.000     0.000        0.136        0.188
     1     6     0.640     0.611     0.365     0.426     0.000     0.000        0.336        0.396
     1     7    -0.477    -0.459    -0.400    -0.425     0.000     0.000       -0.382       -0.406
     1     8    -0.243    -0.224    -0.203    -0.215     0.000     0.000       -0.184       -0.196
     1     9    -0.137    -0.498     0.238     0.238     0.000     0.000       -0.123       -0.124
     1    10     0.217     0.073     0.321     0.357     0.000     0.000        0.177        0.214
     1    11    -0.848    -0.767    -0.366    -0.673     0.000     0.000       -0.285       -0.592
     1    12     0.281     0.312     0.092     0.181     0.000     0.000        0.124        0.213
     2     3    -0.182    -0.399     0.204     0.180     0.000     0.000       -0.012       -0.037
     2     4    -0.156    -0.044    -0.104    -0.094     0.000     0.000        0.008        0.018
     2     5    -0.728    -0.466    -0.508    -0.522     0.000     0.000       -0.246       -0.260
     2     6    -0.017     0.115    -0.156    -0.111     0.000     0.000       -0.024        0.020
     2     7     0.060     0.448    -0.231    -0.151     0.000     0.000        0.156        0.236
     2     8     0.055    -0.059     0.144     0.097     0.000     0.000        0.029       -0.018
     2     9     0.190     0.431     0.014     0.011     0.000     0.000        0.255        0.253
     2    10    -0.108    -0.488     0.273     0.228     0.000     0.000       -0.107       -0.152
     2    11    -0.318    -0.280    -0.228    -0.327     0.000     0.000       -0.190       -0.289
     2    12     0.010    -0.029    -0.068    -0.129     0.000     0.000       -0.107       -0.167
     3     4     0.041     0.073    -0.017    -0.013     0.000     0.000        0.015        0.019
     3     5     0.332     0.402     0.055     0.086     0.000     0.000        0.125        0.156
     3     6     0.938     1.005     0.393     0.501     0.000     0.000        0.460        0.569
     3     7    -0.700    -0.726    -0.230    -0.274     0.000     0.000       -0.256       -0.301
     3     8    -0.682    -0.864    -0.220    -0.310     0.000     0.000       -0.402       -0.491
     3     9    -1.066    -1.201    -0.281    -0.317     0.000     0.000       -0.416       -0.451
     3    10    -0.042     0.018    -0.038    -0.084     0.000     0.000        0.022       -0.024
     3    11     0.234     0.270     0.091     0.142     0.000     0.000        0.128        0.179
     3    12    -0.100    -0.064    -0.060    -0.092     0.000     0.000       -0.024       -0.055
     4     5     0.520     0.709     0.167     0.184     0.000     0.000        0.357        0.373
     4     6    -0.535    -0.542    -0.226    -0.276     0.000     0.000       -0.234       -0.284
     4     7    -0.658    -0.756    -0.151    -0.195     0.000     0.000       -0.250       -0.294
     4     8    -0.197    -0.176    -0.111    -0.141     0.000     0.000       -0.090       -0.120
     4     9     0.182     0.266     0.011     0.010     0.000     0.000        0.095        0.094
     4    10    -0.478    -0.696     0.009     0.030     0.000     0.000       -0.209       -0.188
     4    11     0.048     0.082     0.000     0.069     0.000     0.000        0.033        0.102
     4    12     0.214     0.323     0.060     0.112     0.000     0.000        0.169        0.222
     5     6    -0.409    -0.411    -0.157    -0.167     0.000     0.000       -0.158       -0.168
     5     7    -0.653    -0.514    -0.353    -0.384     0.000     0.000       -0.214       -0.245
     5     8     0.364     0.348     0.173     0.198     0.000     0.000        0.157        0.183
     5     9    -0.287    -0.173    -0.168    -0.209     0.000     0.000       -0.054       -0.094
     5    10     0.656     0.573     0.319     0.355     0.000     0.000        0.235        0.272
     5    11     0.289     0.054     0.211     0.237     0.000     0.000       -0.024        0.002
     5    12     0.281     0.140     0.217     0.258     0.000     0.000        0.077        0.118
     6     7     0.296     0.343     0.137     0.128     0.000     0.000        0.185        0.176
     6     8     0.168     0.168     0.111     0.122     0.000     0.000        0.111        0.122
     6     9    -0.528    -0.251    -0.423    -0.487     0.000     0.000       -0.146       -0.210
     6    10    -0.058    -0.099    -0.020    -0.010     0.000     0.000       -0.060       -0.050
     6    11    -1.025    -0.733    -0.450    -0.569     0.000     0.000       -0.159       -0.278
     6    12     0.014     0.092    -0.031    -0.033     0.000     0.000        0.046        0.045
     7     8     0.154     0.049     0.138     0.139     0.000     0.000        0.032        0.034
     7     9     0.050    -0.014     0.142     0.171     0.000     0.000        0.078        0.107
     7    10     0.407     0.223     0.445     0.474     0.000     0.000        0.261        0.290
     7    11    -0.454    -0.326    -0.296    -0.325     0.000     0.000       -0.167       -0.196
     7    12    -0.622    -0.384    -0.498    -0.592     0.000     0.000       -0.261       -0.354
     8     9     0.167    -0.006     0.219     0.251     0.000     0.000        0.046        0.078
     8    10     0.327     0.274     0.191     0.167     0.000     0.000        0.138        0.114
     8    11     0.340     0.283     0.160     0.230     0.000     0.000        0.104        0.173
     8    12     0.255     0.119     0.211     0.216     0.000     0.000        0.075        0.080
     9    10    -0.120    -0.111    -0.164    -0.165     0.000     0.000       -0.155       -0.157
     9    11     0.046     0.299    -0.207    -0.222     0.000     0.000        0.046        0.031
     9    12    -0.117    -0.067    -0.029    -0.057     0.000     0.000        0.022       -0.006
    10    11     0.365     0.319     0.217     0.206     0.000     0.000        0.171        0.160
    10    12     0.330     0.184     0.270     0.301     0.000     0.000        0.124        0.155
    11    12    -0.864    -0.447    -0.717    -0.719     0.000     0.000       -0.299       -0.301

-----------------------------------------------------------------
