-----------------------------------------------------------------

 OUTPUT SELF-ENERGY DIAGONAL MATRIX ELEMENTS (eV)
     n   occ        E_dft     V_xc   Sigma_x  Sigma_sx   Sigma_c   Sigma_g  Sigma-V_xc   zfac  Im[Sigma]      E_0      E_qp  
     1   1.000     2.156   -11.084   -17.108     5.395     4.344     0.000    -1.680     0.892     1.938     2.156     0.636
     2   1.000    10.003   -11.575   -14.138     4.104     1.729     0.000    -0.834     0.853     0.207    10.003     9.289
     3   1.000    13.082   -10.749   -13.088     3.464     1.926     0.000    -0.413     0.884     0.084    13.082    12.717
     4   1.000    14.171   -10.975   -13.274     3.437     1.534     0.000    -0.766     0.888     0.066    14.171    13.489
     5   0.000    17.895   -10.243    -4.920     2.253    -3.615     0.000     1.708     0.893    -0.116    17.895    19.431
     6   0.000    18.531   -10.677    -5.451     2.188    -4.154     0.000     1.072     0.894    -0.112    18.531    19.494
     7   0.000    20.244   -10.152    -4.706     1.759    -3.760     0.000     1.685     0.894    -0.174    20.244    21.760
     8   0.000    21.123    -9.891    -4.469     1.553    -3.534     0.000     1.888     0.903    -0.198    21.123    22.834
     9   0.000    23.185   -10.015    -4.204     1.180    -3.755     0.000     2.055     0.911    -0.374    23.185    25.049
    10   0.000    25.744    -9.177    -2.993     0.330    -3.771     0.000     2.413     0.947    -0.793    25.744    27.977
    11   0.000    26.011    -9.471    -3.393     0.577    -3.742     0.000     2.336     0.934    -0.655    26.011    28.171
    12   0.000    28.193    -9.073    -2.386     0.114    -3.896     0.000     2.790     1.043    -1.117    28.193    30.894
-----------------------------------------------------------------


 OUTPUT SELF-ENERGY OFF-DIAGONAL MATRIX ELEMENTS (eV)
    n1    n2     V_xc    Sigma_x  Sigma_c1  Sigma_c2  Sigma_g1  Sigma_g2  Sigma-V_xc1  Sigma-V_xc2
     1     2     0.101     0.092     0.063     0.078     0.000     0.000        0.054        0.069
     1     3    -0.370    -0.286    -0.131    -0.254     0.000     0.000       -0.048       -0.171
     1     4    -0.399    -0.437    -0.206    -0.358     0.000     0.000       -0.245       -0.397
     1     5     0.603     0.592     0.059     0.203     0.000     0.000        0.047        0.191
     1     6    -0.653    -0.689    -0.178    -0.321     0.000     0.000       -0.214       -0.357
     1     7     0.012     0.044    -0.045    -0.023     0.000     0.000       -0.013        0.009
     1     8    -0.345    -0.303    -0.021    -0.115     0.000     0.000        0.021       -0.073
     1     9    -0.591    -0.621    -0.174    -0.357     0.000     0.000       -0.203       -0.386
     1    10     1.209     1.308     0.397     0.661     0.000     0.000        0.497        0.760
     1    11    -0.653    -0.766    -0.231    -0.351     0.000     0.000       -0.344       -0.463
     1    12    -0.022     0.037    -0.026    -0.031     0.000     0.000        0.033        0.027
     2     3    -0.202    -0.191    -0.145    -0.170     0.000     0.000       -0.134       -0.160
     2     4     0.054    -0.038     0.221     0.185     0.000     0.000        0.128        0.093
     2     5    -0.098     0.183    -0.141    -0.140     0.000     0.000        0.140        0.141
     2     6    -0.473    -0.315    -0.426    -0.428     0.000     0.000       -0.268       -0.270
     2     7     0.082     0.239    -0.103    -0.084     0.000     0.000        0.055        0.073
     2     8     0.027     0.028     0.096     0.102     0.000     0.000        0.097        0.103
     2     9     0.184     0.486    -0.052    -0.037     0.000     0.000        0.250        0.265
     2    10     0.215     0.217     0.046     0.054     0.000     0.000        0.048        0.056
     2    11     0.094    -0.210     0.206     0.289     0.000     0.000       -0.098       -0.015
     2    12    -0.512    -0.454    -0.255    -0.355     0.000     0.000       -0.198       -0.298
     3     4     0.222     0.259    -0.022    -0.023     0.000     0.000        0.014        0.014
     3     5    -0.472    -0.564    -0.208    -0.224     0.000     0.000       -0.300       -0.316
     3     6     0.568     0.878     0.076     0.097     0.000     0.000        0.386        0.407
     3     7    -0.529    -0.605    -0.190    -0.209     0.000     0.000       -0.266       -0.285
     3     8     0.526     0.689     0.109     0.124     0.000     0.000        0.272        0.287
     3     9     0.173     0.254     0.040     0.032     0.000     0.000        0.121        0.113
     3    10    -0.189    -0.087    -0.072    -0.137     0.000     0.000        0.031       -0.035
     3    11    -0.002    -0.016     0.008    -0.039     0.000     0.000       -0.006       -0.052
     3    12    -0.184     0.002    -0.136    -0.189     0.000     0.000        0.050       -0.003
     4     5    -0.494    -0.735    -0.148    -0.155     0.000     0.000       -0.390       -0.397
     4     6     0.037     0.246    -0.032    -0.041     0.000     0.000        0.178        0.169
     4     7     0.526     0.696     0.117     0.137     0.000     0.000        0.287        0.308
     4     8     0.682     0.755     0.187     0.223     0.000     0.000        0.259        0.296
     4     9     0.326     0.363     0.050     0.063     0.000     0.000        0.087        0.099
     4    10    -0.258    -0.295    -0.059    -0.049     0.000     0.000       -0.097       -0.087
     4    11     0.181     0.106     0.120     0.145     0.000     0.000        0.045        0.070
     4    12    -0.437    -0.407    -0.206    -0.221     0.000     0.000       -0.175       -0.190
     5     6    -0.727    -0.500    -0.474    -0.479     0.000     0.000       -0.247       -0.252
     5     7     0.065     0.136     0.058     0.057     0.000     0.000        0.129        0.129
     5     8     0.488     0.470     0.330     0.347     0.000     0.000        0.312        0.330
     5     9    -0.758    -0.582    -0.421    -0.463     0.000     0.000       -0.245       -0.287
     5    10     0.465     0.194     0.307     0.353     0.000     0.000        0.035        0.081
     5    11    -0.068     0.064    -0.101    -0.145     0.000     0.000        0.031       -0.012
     5    12    -0.196    -0.082    -0.025    -0.007     0.000     0.000        0.089        0.107
     6     7    -0.319    -0.354    -0.353    -0.365     0.000     0.000       -0.388       -0.400
     6     8    -0.079    -0.084     0.008     0.017     0.000     0.000        0.004        0.012
     6     9    -0.219    -0.148    -0.020    -0.013     0.000     0.000        0.051        0.058
     6    10    -0.835    -0.529    -0.522    -0.656     0.000     0.000       -0.215       -0.350
     6    11     0.563     0.364     0.388     0.455     0.000     0.000        0.189        0.257
     6    12     0.063     0.093     0.010     0.050     0.000     0.000        0.041        0.080
     7     8     0.547     0.482     0.238     0.240     0.000     0.000        0.173        0.175
     7     9    -0.560    -0.506    -0.263    -0.281     0.000     0.000       -0.209       -0.227
     7    10     0.017    -0.001    -0.124    -0.141     0.000     0.000       -0.142       -0.159
     7    11     0.650     0.371     0.407     0.447     0.000     0.000        0.129        0.169
     7    12    -0.736    -0.340    -0.543    -0.641     0.000     0.000       -0.147       -0.245
     8     9     0.006    -0.065     0.063     0.074     0.000     0.000       -0.008        0.004
     8    10    -0.248    -0.181    -0.152    -0.182     0.000     0.000       -0.085       -0.115
     8    11     0.589     0.525     0.351     0.417     0.000     0.000        0.287        0.353
     8    12    -0.719    -0.500    -0.386    -0.474     0.000     0.000       -0.167       -0.255
     9    10    -0.135    -0.340     0.154     0.167     0.000     0.000       -0.051       -0.038
     9    11     0.482     0.488     0.104     0.095     0.000     0.000        0.109        0.101
     9    12     0.182     0.083     0.173     0.221     0.000     0.000        0.075        0.122
    10    11     0.137    -0.028     0.363     0.368     0.000     0.000        0.199        0.203
    10    12    -0.417    -0.449    -0.203    -0.232     0.000     0.000       -0.234       -0.264
    11    12    -0.427    -0.529    -0.007    -0.016     0.000     0.000       -0.109       -0.117

-----------------------------------------------------------------
