-----------------------------------------------------------------

 OUTPUT SELF-ENERGY DIAGONAL MATRIX ELEMENTS (eV)
     n   occ        E_dft     V_xc   Sigma_x  Sigma_sx   Sigma_c   Sigma_g  Sigma-V_xc   zfac  Im[Sigma]      E_0      E_qp  
     1   1.000     2.156   -11.084   -17.108     5.395     7.735     0.000     1.711     0.844     1.068     2.156     3.670
     2   1.000    10.003   -11.575   -14.138     4.104     5.479     0.000     2.917     0.879     0.066    10.003    12.536
     3   1.000    13.082   -10.749   -13.088     3.464     5.152     0.000     2.814     0.899     0.018    13.082    15.599
     4   1.000    14.171   -10.975   -13.274     3.437     4.989     0.000     2.690     0.899     0.001    14.171    16.582
     5   0.000    17.895   -10.243    -4.920     2.253    -0.565     0.000     4.758     0.895    -0.302    17.895    22.145
     6   0.000    18.531   -10.677    -5.451     2.188    -0.691     0.000     4.535     0.875    -0.311    18.531    22.540
     7   0.000    20.244   -10.152    -4.706     1.759    -0.669     0.000     4.777     0.911    -0.451    20.244    24.531
     8   0.000    21.123    -9.891    -4.469     1.553    -0.642     0.000     4.780     0.902    -0.448    21.123    25.431
     9   0.000    23.185   -10.015    -4.204     1.180    -0.805     0.000     5.006     0.919    -0.753    23.185    27.762
    10   0.000    25.744    -9.177    -2.993     0.330    -1.218     0.000     4.966     1.060    -1.327    25.744    30.579
    11   0.000    26.011    -9.471    -3.393     0.577    -1.055     0.000     5.023     0.997    -1.137    26.011    30.765
    12   0.000    28.193    -9.073    -2.386     0.114    -1.360     0.000     5.327     1.029    -1.567    28.193    33.456
-----------------------------------------------------------------


 OUTPUT SELF-ENERGY OFF-DIAGONAL MATRIX ELEMENTS (eV)
    n1    n2     V_xc    Sigma_x  Sigma_c1  Sigma_c2  Sigma_g1  Sigma_g2  Sigma-V_xc1  Sigma-V_xc2
     1     2     0.101     0.092    -0.060    -0.045     0.000     0.000       -0.069       -0.054
     1     3    -0.370    -0.286     0.096    -0.027     0.000     0.000        0.179        0.056
     1     4    -0.399    -0.437     0.127    -0.024     0.000     0.000        0.088       -0.063
     1     5     0.603     0.592    -0.213    -0.069     0.000     0.000       -0.224       -0.080
     1     6    -0.653    -0.689     0.196     0.053     0.000     0.000        0.160        0.017
     1     7     0.012     0.044    -0.057    -0.035     0.000     0.000       -0.025       -0.003
     1     8    -0.345    -0.303     0.102     0.008     0.000     0.000        0.144        0.050
     1     9    -0.591    -0.621     0.176    -0.008     0.000     0.000        0.146       -0.037
     1    10     1.209     1.308    -0.260     0.004     0.000     0.000       -0.161        0.103
     1    11    -0.653    -0.766     0.124     0.004     0.000     0.000        0.011       -0.109
     1    12    -0.022     0.037    -0.005    -0.011     0.000     0.000        0.053        0.048
     2     3    -0.202    -0.191    -0.022    -0.047     0.000     0.000       -0.011       -0.037
     2     4     0.054    -0.038     0.140     0.105     0.000     0.000        0.048        0.013
     2     5    -0.098     0.183    -0.028    -0.026     0.000     0.000        0.254        0.255
     2     6    -0.473    -0.315    -0.060    -0.062     0.000     0.000        0.099        0.097
     2     7     0.082     0.239    -0.066    -0.048     0.000     0.000        0.091        0.110
     2     8     0.027     0.028     0.031     0.036     0.000     0.000        0.031        0.037
     2     9     0.184     0.486    -0.158    -0.143     0.000     0.000        0.144        0.159
     2    10     0.215     0.217    -0.013    -0.005     0.000     0.000       -0.011       -0.003
     2    11     0.094    -0.210     0.121     0.204     0.000     0.000       -0.183       -0.100
     2    12    -0.512    -0.454     0.041    -0.059     0.000     0.000        0.099       -0.002
     3     4     0.222     0.259    -0.083    -0.083     0.000     0.000       -0.046       -0.047
     3     5    -0.472    -0.564     0.042     0.026     0.000     0.000       -0.050       -0.066
     3     6     0.568     0.878    -0.138    -0.118     0.000     0.000        0.172        0.193
     3     7    -0.529    -0.605     0.082     0.063     0.000     0.000        0.006       -0.013
     3     8     0.526     0.689    -0.140    -0.125     0.000     0.000        0.022        0.037
     3     9     0.173     0.254    -0.069    -0.078     0.000     0.000        0.012        0.004
     3    10    -0.189    -0.087     0.001    -0.064     0.000     0.000        0.104        0.038
     3    11    -0.002    -0.016    -0.004    -0.051     0.000     0.000       -0.018       -0.065
     3    12    -0.184     0.002    -0.016    -0.069     0.000     0.000        0.170        0.117
     4     5    -0.494    -0.735     0.104     0.097     0.000     0.000       -0.138       -0.144
     4     6     0.037     0.246     0.001    -0.007     0.000     0.000        0.211        0.203
     4     7     0.526     0.696    -0.116    -0.096     0.000     0.000        0.054        0.075
     4     8     0.682     0.755    -0.164    -0.127     0.000     0.000       -0.091       -0.054
     4     9     0.326     0.363    -0.091    -0.079     0.000     0.000       -0.054       -0.042
     4    10    -0.258    -0.295     0.033     0.043     0.000     0.000       -0.004        0.006
     4    11     0.181     0.106     0.044     0.069     0.000     0.000       -0.031       -0.006
     4    12    -0.437    -0.407     0.057     0.042     0.000     0.000        0.087        0.072
     5     6    -0.727    -0.500    -0.030    -0.035     0.000     0.000        0.197        0.192
     5     7     0.065     0.136     0.019     0.019     0.000     0.000        0.091        0.090
     5     8     0.488     0.470     0.048     0.065     0.000     0.000        0.030        0.048
     5     9    -0.758    -0.582    -0.025    -0.067     0.000     0.000        0.152        0.109
     5    10     0.465     0.194     0.085     0.130     0.000     0.000       -0.187       -0.141
     5    11    -0.068     0.064    -0.067    -0.111     0.000     0.000        0.065        0.021
     5    12    -0.196    -0.082     0.028     0.046     0.000     0.000        0.142        0.160
     6     7    -0.319    -0.354    -0.088    -0.101     0.000     0.000       -0.123       -0.135
     6     8    -0.079    -0.084     0.021     0.030     0.000     0.000        0.016        0.025
     6     9    -0.219    -0.148     0.089     0.096     0.000     0.000        0.160        0.167
     6    10    -0.835    -0.529    -0.068    -0.202     0.000     0.000        0.239        0.104
     6    11     0.563     0.364     0.052     0.120     0.000     0.000       -0.147       -0.079
     6    12     0.063     0.093     0.012     0.052     0.000     0.000        0.043        0.083
     7     8     0.547     0.482    -0.052    -0.050     0.000     0.000       -0.117       -0.115
     7     9    -0.560    -0.506     0.035     0.017     0.000     0.000        0.089        0.071
     7    10     0.017    -0.001    -0.080    -0.097     0.000     0.000       -0.098       -0.115
     7    11     0.650     0.371     0.032     0.071     0.000     0.000       -0.246       -0.207
     7    12    -0.736    -0.340    -0.114    -0.212     0.000     0.000        0.282        0.184
     8     9     0.006    -0.065     0.043     0.054     0.000     0.000       -0.027       -0.016
     8    10    -0.248    -0.181    -0.007    -0.037     0.000     0.000        0.060        0.030
     8    11     0.589     0.525     0.025     0.091     0.000     0.000       -0.039        0.027
     8    12    -0.719    -0.500    -0.047    -0.135     0.000     0.000        0.172        0.084
     9    10    -0.135    -0.340     0.162     0.175     0.000     0.000       -0.043       -0.030
     9    11     0.482     0.488    -0.098    -0.106     0.000     0.000       -0.092       -0.101
     9    12     0.182     0.083     0.041     0.089     0.000     0.000       -0.057       -0.010
    10    11     0.137    -0.028     0.202     0.207     0.000     0.000        0.037        0.042
    10    12    -0.417    -0.449     0.037     0.007     0.000     0.000        0.005       -0.024
    11    12    -0.427    -0.529     0.120     0.112     0.000     0.000        0.018        0.010

-----------------------------------------------------------------
