-----------------------------------------------------------------

 OUTPUT SELF-ENERGY DIAGONAL MATRIX ELEMENTS (eV)
     n   occ        E_dft     V_xc   Sigma_x  Sigma_sx   Sigma_c   Sigma_g  Sigma-V_xc   zfac  Im[Sigma]      E_0      E_qp  
     1   1.000     3.760   -11.331   -16.744     5.273     7.355     0.000     1.942     0.872     0.824     3.760     5.435
     2   1.000     7.176   -11.328   -15.152     4.719     6.430     0.000     2.607     0.839     0.253     7.176     9.356
     3   1.000    10.953   -10.039   -11.995     2.754     4.858     0.000     2.901     0.898     0.003    10.953    13.545
     4   1.000    13.744   -10.741   -13.100     3.238     4.898     0.000     2.539     0.894    -0.001    13.744    16.007
     5   0.000    18.525   -10.312    -5.106     2.121    -0.751     0.000     4.455     0.869    -0.258    18.525    22.474
     6   0.000    19.826   -10.139    -4.875     1.831    -0.620     0.000     4.645     0.904    -0.353    19.826    23.996
     7   0.000    21.679    -9.788    -4.480     1.707    -0.696     0.000     4.611     0.882    -0.488    21.679    25.808
     8   0.000    23.200   -10.057    -4.280     1.632    -1.169     0.000     4.608     0.900    -1.037    23.200    27.395
     9   0.000    23.727   -10.033    -4.343     1.279    -0.737     0.000     4.952     0.935    -0.659    23.727    28.292
    10   0.000    25.803   -10.285    -4.292     0.732    -1.082     0.000     4.911     0.935    -1.047    25.803    30.349
    11   0.000    28.131    -8.710    -2.422     0.049    -1.313     0.000     4.975     1.059    -1.558    28.131    32.966
    12   0.000    30.178   -10.400    -3.136    -0.057    -1.690     0.000     5.574     1.405    -3.007    30.178    36.516
-----------------------------------------------------------------


 OUTPUT SELF-ENERGY OFF-DIAGONAL MATRIX ELEMENTS (eV)
    n1    n2     V_xc    Sigma_x  Sigma_c1  Sigma_c2  Sigma_g1  Sigma_g2  Sigma-V_xc1  Sigma-V_xc2
     1     2     0.054    -0.030     0.060     0.041     0.000     0.000       -0.024       -0.042
     1     3     0.334     0.312    -0.134    -0.008     0.000     0.000       -0.156       -0.031
     1     4     0.093     0.136     0.043     0.024     0.000     0.000        0.086        0.067
     1     5    -0.031    -0.052    -0.031    -0.006     0.000     0.000       -0.052       -0.027
     1     6    -0.520    -0.385     0.095     0.027     0.000     0.000        0.230        0.162
     1     7     0.272     0.236    -0.023     0.003     0.000     0.000       -0.059       -0.033
     1     8     0.176    -0.297     0.193     0.274     0.000     0.000       -0.280       -0.199
     1     9     0.014     0.012    -0.023     0.015     0.000     0.000       -0.025        0.013
     1    10     0.020    -0.190     0.041     0.009     0.000     0.000       -0.169       -0.202
     1    11     0.920     0.867    -0.116     0.092     0.000     0.000       -0.169        0.040
     1    12     0.542     0.679    -0.188    -0.049     0.000     0.000       -0.051        0.088
     2     3     0.244     0.344    -0.221    -0.179     0.000     0.000       -0.121       -0.080
     2     4    -0.317    -0.312     0.013    -0.025     0.000     0.000        0.018       -0.020
     2     5    -0.799    -0.611    -0.022    -0.054     0.000     0.000        0.166        0.133
     2     6    -0.106    -0.091    -0.086    -0.047     0.000     0.000       -0.072       -0.032
     2     7     0.169     0.560    -0.217    -0.119     0.000     0.000        0.173        0.272
     2     8    -0.071    -0.164     0.065     0.081     0.000     0.000       -0.027       -0.012
     2     9    -0.064     0.087    -0.086    -0.074     0.000     0.000        0.065        0.077
     2    10     0.034     0.557    -0.335    -0.329     0.000     0.000        0.188        0.194
     2    11    -0.299    -0.268     0.012    -0.056     0.000     0.000        0.043       -0.025
     2    12     0.289     0.224     0.119     0.212     0.000     0.000        0.054        0.147
     3     4     0.000    -0.038     0.005     0.010     0.000     0.000       -0.032       -0.028
     3     5    -0.140    -0.154     0.010    -0.001     0.000     0.000       -0.004       -0.015
     3     6    -1.168    -1.261     0.173     0.071     0.000     0.000        0.080       -0.022
     3     7     0.786     0.958    -0.157    -0.081     0.000     0.000        0.015        0.091
     3     8    -0.916    -1.231     0.252     0.150     0.000     0.000       -0.063       -0.165
     3     9    -0.591    -0.853     0.204     0.190     0.000     0.000       -0.057       -0.071
     3    10     0.227     0.365    -0.080    -0.059     0.000     0.000        0.059        0.080
     3    11     0.140     0.169    -0.029    -0.045     0.000     0.000       -0.001       -0.017
     3    12     0.091     0.156    -0.039    -0.019     0.000     0.000        0.027        0.046
     4     5     0.559     0.789    -0.129    -0.116     0.000     0.000        0.101        0.114
     4     6    -0.467    -0.522     0.020    -0.005     0.000     0.000       -0.035       -0.060
     4     7    -0.868    -1.000     0.276     0.228     0.000     0.000        0.145        0.096
     4     8    -0.194    -0.287     0.064     0.070     0.000     0.000       -0.029       -0.023
     4     9     0.273     0.317    -0.067    -0.072     0.000     0.000       -0.023       -0.027
     4    10     0.491     0.756    -0.178    -0.175     0.000     0.000        0.086        0.090
     4    11     0.267     0.276    -0.006     0.028     0.000     0.000        0.003        0.037
     4    12    -0.439    -0.553     0.094    -0.034     0.000     0.000       -0.019       -0.148
     5     6    -0.275    -0.329     0.056     0.055     0.000     0.000        0.002        0.000
     5     7    -0.646    -0.474     0.009    -0.011     0.000     0.000        0.181        0.161
     5     8    -0.025    -0.045    -0.030    -0.043     0.000     0.000       -0.050       -0.063
     5     9    -0.336    -0.298     0.069     0.077     0.000     0.000        0.107        0.115
     5    10    -0.748    -0.525    -0.017    -0.121     0.000     0.000        0.206        0.102
     5    11     0.656     0.328     0.105     0.247     0.000     0.000       -0.223       -0.080
     5    12    -0.701    -0.361    -0.172    -0.355     0.000     0.000        0.167       -0.016
     6     7     0.097     0.104    -0.066    -0.065     0.000     0.000       -0.059       -0.058
     6     8     0.465     0.171     0.092     0.120     0.000     0.000       -0.201       -0.173
     6     9    -0.331    -0.263     0.037     0.044     0.000     0.000        0.105        0.112
     6    10     0.043     0.041    -0.048    -0.083     0.000     0.000       -0.050       -0.085
     6    11    -0.935    -0.599    -0.080    -0.249     0.000     0.000        0.255        0.087
     6    12    -0.190    -0.208     0.001    -0.008     0.000     0.000       -0.017       -0.026
     7     8     0.021     0.093    -0.002     0.006     0.000     0.000        0.070        0.078
     7     9    -0.133     0.008    -0.016    -0.028     0.000     0.000        0.125        0.113
     7    10    -0.591    -0.393    -0.028    -0.037     0.000     0.000        0.169        0.160
     7    11    -0.486    -0.394     0.021    -0.014     0.000     0.000        0.113        0.078
     7    12     0.510     0.411    -0.042     0.033     0.000     0.000       -0.141       -0.066
     8     9     0.115    -0.034     0.014     0.016     0.000     0.000       -0.135       -0.133
     8    10    -0.121    -0.056    -0.052    -0.053     0.000     0.000        0.013        0.013
     8    11    -0.047    -0.090     0.034     0.079     0.000     0.000       -0.009        0.036
     8    12     0.282     0.277    -0.032     0.066     0.000     0.000       -0.037        0.061
     9    10     0.268     0.217     0.098     0.126     0.000     0.000        0.047        0.074
     9    11    -0.016     0.093    -0.010    -0.032     0.000     0.000        0.099        0.078
     9    12     0.341     0.229     0.054     0.051     0.000     0.000       -0.058       -0.061
    10    11    -0.367    -0.272    -0.061    -0.063     0.000     0.000        0.034        0.032
    10    12     0.304     0.276     0.053     0.029     0.000     0.000        0.025        0.001
    11    12     0.575     0.298     0.178     0.174     0.000     0.000       -0.099       -0.103

-----------------------------------------------------------------
