-----------------------------------------------------------------

 OUTPUT SELF-ENERGY DIAGONAL MATRIX ELEMENTS (eV)
     n   occ        E_dft     V_xc   Sigma_x  Sigma_sx   Sigma_c   Sigma_g  Sigma-V_xc   zfac  Im[Sigma]      E_0      E_qp  
     1   1.000     2.826   -11.089   -17.030     5.639     7.789     0.000     1.848     0.870     0.962     2.826     4.353
     2   1.000     8.924   -11.536   -14.491     3.996     5.500     0.000     2.544     0.863     0.102     8.924    11.097
     3   1.000    12.679   -10.612   -13.026     3.481     5.065     0.000     2.651     0.892     0.013    12.679    15.031
     4   1.000    13.657   -10.786   -13.135     3.287     4.934     0.000     2.584     0.892    -0.001    13.657    15.956
     5   0.000    17.205    -9.375    -4.411     2.058    -0.571     0.000     4.393     0.884    -0.177    17.205    21.162
     6   0.000    18.639    -9.806    -4.572     2.139    -0.790     0.000     4.443     0.879    -0.297    18.639    22.578
     7   0.000    21.136   -10.076    -4.649     1.950    -0.680     0.000     4.748     0.909    -0.507    21.136    25.346
     8   0.000    22.800   -10.459    -4.931     1.805    -0.796     0.000     4.731     0.890    -0.630    22.800    27.003
     9   0.000    24.324   -10.505    -4.681     1.183    -1.104     0.000     4.720     0.924    -0.940    24.324    28.590
    10   0.000    26.842    -9.637    -3.546     0.515    -1.388     0.000     4.703     1.059    -1.578    26.842    31.492
    11   0.000    27.370    -9.501    -3.160     0.149    -1.619     0.000     4.722     0.996    -1.770    27.370    32.003
    12   0.000    29.578    -8.484    -2.186    -0.031    -1.449     0.000     4.849     1.100    -1.947    29.578    34.559
-----------------------------------------------------------------


 OUTPUT SELF-ENERGY OFF-DIAGONAL MATRIX ELEMENTS (eV)
    n1    n2     V_xc    Sigma_x  Sigma_c1  Sigma_c2  Sigma_g1  Sigma_g2  Sigma-V_xc1  Sigma-V_xc2
     1     2     0.097     0.099     0.026    -0.030     0.000     0.000        0.029       -0.028
     1     3    -0.291    -0.198     0.113    -0.012     0.000     0.000        0.206        0.081
     1     4    -0.199    -0.146     0.146     0.001     0.000     0.000        0.198        0.054
     1     5     0.975     1.044    -0.103     0.040     0.000     0.000       -0.034        0.109
     1     6     0.169     0.185    -0.038    -0.036     0.000     0.000       -0.022       -0.020
     1     7    -0.060    -0.036     0.024     0.009     0.000     0.000        0.048        0.033
     1     8    -0.317    -0.356     0.102    -0.017     0.000     0.000        0.063       -0.056
     1     9    -0.316    -0.422     0.093    -0.022     0.000     0.000       -0.013       -0.128
     1    10    -0.632    -0.720     0.164    -0.028     0.000     0.000        0.076       -0.116
     1    11    -1.075    -1.153     0.257    -0.058     0.000     0.000        0.179       -0.136
     1    12     0.053     0.065    -0.033    -0.020     0.000     0.000       -0.020       -0.008
     2     3    -0.163    -0.167    -0.110    -0.108     0.000     0.000       -0.114       -0.112
     2     4     0.035    -0.199     0.107     0.071     0.000     0.000       -0.126       -0.162
     2     5     0.120     0.221     0.026     0.041     0.000     0.000        0.127        0.142
     2     6     0.331     0.192    -0.007     0.005     0.000     0.000       -0.146       -0.133
     2     7     0.270     0.244    -0.044    -0.009     0.000     0.000       -0.070       -0.035
     2     8    -0.040    -0.129     0.016     0.016     0.000     0.000       -0.073       -0.073
     2     9     0.112     0.522    -0.319    -0.339     0.000     0.000        0.091        0.071
     2    10    -0.134     0.084    -0.123    -0.197     0.000     0.000        0.095        0.021
     2    11    -0.020    -0.124     0.109     0.173     0.000     0.000        0.004        0.068
     2    12    -0.487    -0.531     0.111    -0.003     0.000     0.000        0.067       -0.048
     3     4     0.125     0.126    -0.048    -0.048     0.000     0.000       -0.047       -0.047
     3     5    -0.663    -0.865     0.154     0.129     0.000     0.000       -0.047       -0.072
     3     6     0.083     0.106    -0.011    -0.007     0.000     0.000        0.012        0.016
     3     7    -0.466    -0.632     0.110     0.085     0.000     0.000       -0.056       -0.081
     3     8     0.738     1.061    -0.270    -0.218     0.000     0.000        0.054        0.105
     3     9     0.020    -0.012    -0.041    -0.057     0.000     0.000       -0.073       -0.089
     3    10     0.235     0.223     0.020     0.124     0.000     0.000        0.008        0.112
     3    11     0.253     0.393    -0.087    -0.053     0.000     0.000        0.052        0.086
     3    12     0.038     0.041    -0.011    -0.017     0.000     0.000       -0.008       -0.014
     4     5    -0.322    -0.409     0.080     0.076     0.000     0.000       -0.007       -0.010
     4     6    -0.326    -0.150     0.012     0.009     0.000     0.000        0.187        0.184
     4     7     0.830     1.103    -0.282    -0.226     0.000     0.000       -0.009        0.048
     4     8     0.481     0.651    -0.195    -0.142     0.000     0.000       -0.024        0.028
     4     9     0.287     0.328    -0.073    -0.037     0.000     0.000       -0.031        0.005
     4    10     0.186     0.351    -0.129    -0.163     0.000     0.000        0.037        0.002
     4    11     0.096     0.142     0.019     0.032     0.000     0.000        0.065        0.078
     4    12    -0.265    -0.342     0.050    -0.064     0.000     0.000       -0.027       -0.141
     5     6    -0.144    -0.249    -0.038    -0.033     0.000     0.000       -0.143       -0.138
     5     7     0.121     0.118     0.007     0.010     0.000     0.000        0.004        0.007
     5     8     0.182     0.204    -0.021    -0.006     0.000     0.000        0.001        0.016
     5     9    -0.282    -0.231     0.004    -0.013     0.000     0.000        0.054        0.038
     5    10    -0.563    -0.351    -0.022    -0.108     0.000     0.000        0.190        0.104
     5    11    -0.995    -0.614    -0.129    -0.340     0.000     0.000        0.252        0.041
     5    12    -0.083    -0.013     0.008     0.052     0.000     0.000        0.078        0.122
     6     7    -0.963    -0.810    -0.022    -0.064     0.000     0.000        0.132        0.089
     6     8    -0.268    -0.270    -0.022    -0.038     0.000     0.000       -0.025       -0.040
     6     9     1.106     0.935     0.011     0.127     0.000     0.000       -0.160       -0.043
     6    10     0.136     0.086    -0.042    -0.011     0.000     0.000       -0.092       -0.061
     6    11    -0.615    -0.520    -0.089    -0.215     0.000     0.000        0.006       -0.120
     6    12     0.630     0.417     0.062     0.163     0.000     0.000       -0.150       -0.049
     7     8     0.110     0.099    -0.048    -0.050     0.000     0.000       -0.060       -0.061
     7     9     0.142     0.063     0.057     0.054     0.000     0.000       -0.021       -0.024
     7    10    -0.394    -0.369     0.029     0.030     0.000     0.000        0.055        0.056
     7    11     0.231     0.137    -0.008     0.025     0.000     0.000       -0.102       -0.070
     7    12    -0.683    -0.430    -0.003    -0.066     0.000     0.000        0.250        0.187
     8     9     0.139     0.036     0.022     0.016     0.000     0.000       -0.082       -0.087
     8    10     0.202     0.146    -0.025    -0.036     0.000     0.000       -0.081       -0.092
     8    11     0.241     0.114     0.083     0.098     0.000     0.000       -0.044       -0.029
     8    12    -0.190    -0.164     0.017    -0.027     0.000     0.000        0.043       -0.001
     9    10    -0.300    -0.168    -0.068    -0.067     0.000     0.000        0.064        0.065
     9    11     0.379     0.369     0.056     0.082     0.000     0.000        0.046        0.072
     9    12     0.022     0.035    -0.032    -0.043     0.000     0.000       -0.019       -0.030
    10    11     0.168     0.316    -0.187    -0.185     0.000     0.000       -0.039       -0.037
    10    12     0.564     0.550    -0.068     0.000     0.000     0.000       -0.082       -0.013
    11    12    -0.253    -0.152    -0.036    -0.028     0.000     0.000        0.065        0.073

-----------------------------------------------------------------
