-----------------------------------------------------------------

 OUTPUT SELF-ENERGY DIAGONAL MATRIX ELEMENTS (eV)
     n   occ        E_dft     V_xc   Sigma_x  Sigma_sx   Sigma_c   Sigma_g  Sigma-V_xc   zfac  Im[Sigma]      E_0      E_qp  
     1   1.000     4.621   -11.406   -16.496     5.037     3.609     0.000    -1.480     0.842     1.169     4.621     3.398
     2   1.000     5.764   -11.511   -15.661     4.411     2.628     0.000    -1.522     0.885     0.932     5.764     4.378
     3   1.000    11.017   -10.144   -12.141     2.405     1.796     0.000    -0.200     0.896     0.057    11.017    10.838
     4   1.000    11.752   -10.430   -12.761     3.182     2.050     0.000    -0.280     0.883     0.091    11.752    11.505
     5   0.000    18.513    -9.614    -4.456     2.184    -3.247     0.000     1.911     0.894    -0.109    18.513    20.237
     6   0.000    19.291    -9.523    -4.488     1.750    -3.270     0.000     1.765     0.909    -0.101    19.291    20.908
     7   0.000    19.504   -10.187    -4.885     2.005    -3.528     0.000     1.773     0.901    -0.111    19.504    21.115
     8   0.000    23.123   -10.312    -4.801     1.272    -3.961     0.000     1.550     0.910    -0.265    23.123    24.532
     9   0.000    24.479   -10.542    -4.484     1.388    -4.423     0.000     1.636     0.926    -0.707    24.479    26.001
    10   0.000    26.247   -10.549    -4.500     1.270    -4.369     0.000     1.681     0.916    -0.606    26.247    27.797
    11   0.000    28.247   -10.554    -3.204     0.012    -5.209     0.000     2.141     1.004    -1.475    28.247    30.274
    12   0.000    29.616    -9.541    -2.716    -0.103    -4.343     0.000     2.482     1.016    -1.730    29.616    32.080
-----------------------------------------------------------------


 OUTPUT SELF-ENERGY OFF-DIAGONAL MATRIX ELEMENTS (eV)
    n1    n2     V_xc    Sigma_x  Sigma_c1  Sigma_c2  Sigma_g1  Sigma_g2  Sigma-V_xc1  Sigma-V_xc2
     1     2    -0.019    -0.246    -0.103    -0.032     0.000     0.000       -0.330       -0.259
     1     3     0.138    -0.038     0.010     0.031     0.000     0.000       -0.165       -0.144
     1     4    -0.069    -0.220    -0.202    -0.112     0.000     0.000       -0.354       -0.264
     1     5    -0.530    -0.367    -0.276    -0.331     0.000     0.000       -0.113       -0.168
     1     6    -0.243    -0.202    -0.302    -0.274     0.000     0.000       -0.261       -0.233
     1     7    -0.167    -0.160    -0.099    -0.073     0.000     0.000       -0.092       -0.066
     1     8     0.254    -0.204     0.414     0.488     0.000     0.000       -0.044        0.030
     1     9    -0.128    -0.017    -0.182    -0.191     0.000     0.000       -0.071       -0.079
     1    10    -0.117    -0.139    -0.170    -0.163     0.000     0.000       -0.192       -0.185
     1    11    -0.018     0.010    -0.108    -0.087     0.000     0.000       -0.080       -0.059
     1    12    -0.692    -0.881    -0.067    -0.255     0.000     0.000       -0.255       -0.443
     2     3     0.100     0.192    -0.119    -0.105     0.000     0.000       -0.028       -0.013
     2     4     0.039    -0.323     0.249     0.222     0.000     0.000       -0.113       -0.140
     2     5    -0.298    -0.155    -0.178    -0.235     0.000     0.000       -0.035       -0.092
     2     6     0.029    -0.107     0.070     0.044     0.000     0.000       -0.065       -0.091
     2     7     0.527     0.355     0.295     0.336     0.000     0.000        0.123        0.164
     2     8    -0.103    -0.181    -0.266    -0.249     0.000     0.000       -0.344       -0.327
     2     9    -0.064     0.164    -0.188    -0.188     0.000     0.000        0.040        0.040
     2    10    -0.122    -0.680     0.336     0.381     0.000     0.000       -0.221       -0.176
     2    11    -0.379    -0.507    -0.023    -0.103     0.000     0.000       -0.150       -0.230
     2    12     0.223     0.219     0.119     0.229     0.000     0.000        0.115        0.225
     3     4    -0.025    -0.128     0.095     0.093     0.000     0.000       -0.008       -0.009
     3     5    -0.795    -0.772    -0.308    -0.392     0.000     0.000       -0.285       -0.368
     3     6    -0.883    -0.978    -0.279    -0.348     0.000     0.000       -0.374       -0.443
     3     7     0.041     0.175    -0.068    -0.057     0.000     0.000        0.066        0.077
     3     8    -1.042    -1.329    -0.318    -0.352     0.000     0.000       -0.605       -0.639
     3     9    -0.949    -1.318    -0.208    -0.269     0.000     0.000       -0.577       -0.638
     3    10    -0.179    -0.108    -0.051     0.014     0.000     0.000        0.020        0.085
     3    11    -0.227    -0.187    -0.088    -0.099     0.000     0.000       -0.049       -0.060
     3    12    -0.036    -0.060     0.003    -0.012     0.000     0.000       -0.021       -0.037
     4     5     0.723     0.770     0.169     0.273     0.000     0.000        0.216        0.319
     4     6    -1.009    -1.256    -0.254    -0.343     0.000     0.000       -0.501       -0.589
     4     7     0.625     0.775     0.210     0.240     0.000     0.000        0.360        0.390
     4     8     0.288     0.328     0.084     0.096     0.000     0.000        0.123        0.135
     4     9     0.150     0.196     0.009    -0.015     0.000     0.000        0.055        0.030
     4    10     0.569     0.738     0.078     0.117     0.000     0.000        0.246        0.285
     4    11    -0.666    -0.791    -0.138    -0.180     0.000     0.000       -0.263       -0.305
     4    12     0.259     0.392    -0.005    -0.012     0.000     0.000        0.128        0.121
     5     6    -0.172    -0.177    -0.133    -0.130     0.000     0.000       -0.138       -0.135
     5     7     0.187     0.145     0.035     0.038     0.000     0.000       -0.007       -0.005
     5     8     0.400     0.149     0.303     0.337     0.000     0.000        0.052        0.086
     5     9    -0.182    -0.304    -0.042    -0.045     0.000     0.000       -0.165       -0.167
     5    10     0.368     0.223     0.238     0.282     0.000     0.000        0.093        0.136
     5    11     0.520     0.376     0.286     0.352     0.000     0.000        0.143        0.209
     5    12     1.065     0.810     0.505     0.604     0.000     0.000        0.250        0.350
     6     7    -0.328    -0.285    -0.257    -0.258     0.000     0.000       -0.214       -0.215
     6     8     0.171     0.092     0.182     0.201     0.000     0.000        0.103        0.122
     6     9     0.046    -0.067     0.084     0.102     0.000     0.000       -0.029       -0.012
     6    10    -0.313    -0.214    -0.253    -0.300     0.000     0.000       -0.154       -0.202
     6    11     0.085     0.033     0.153     0.183     0.000     0.000        0.100        0.130
     6    12     0.029     0.082     0.082     0.056     0.000     0.000        0.135        0.109
     7     8     0.132     0.149     0.094     0.091     0.000     0.000        0.111        0.108
     7     9     0.260     0.217     0.160     0.182     0.000     0.000        0.117        0.139
     7    10    -0.793    -0.726    -0.399    -0.442     0.000     0.000       -0.331       -0.374
     7    11    -0.566    -0.320    -0.367    -0.451     0.000     0.000       -0.121       -0.205
     7    12     0.703     0.475     0.400     0.509     0.000     0.000        0.172        0.281
     8     9     0.225     0.038     0.294     0.294     0.000     0.000        0.107        0.108
     8    10     0.154     0.007     0.272     0.307     0.000     0.000        0.124        0.159
     8    11    -0.243     0.005    -0.341    -0.350     0.000     0.000       -0.093       -0.102
     8    12    -0.245    -0.169    -0.257    -0.322     0.000     0.000       -0.180       -0.245
     9    10    -0.115    -0.295     0.071     0.058     0.000     0.000       -0.109       -0.123
     9    11    -0.135    -0.037    -0.095    -0.137     0.000     0.000        0.004       -0.039
     9    12    -0.087     0.035    -0.126    -0.144     0.000     0.000       -0.004       -0.022
    10    11     0.186    -0.012     0.192     0.175     0.000     0.000       -0.006       -0.022
    10    12    -0.186    -0.056    -0.253    -0.298     0.000     0.000       -0.123       -0.168
    11    12     0.100     0.099     0.054     0.106     0.000     0.000        0.052        0.104

-----------------------------------------------------------------
