-----------------------------------------------------------------

 OUTPUT SELF-ENERGY DIAGONAL MATRIX ELEMENTS (eV)
     n   occ        E_dft     V_xc   Sigma_x  Sigma_sx   Sigma_c   Sigma_g  Sigma-V_xc   zfac  Im[Sigma]      E_0      E_qp  
     1   1.000     2.889   -11.258   -17.150     5.218     4.079     0.000    -1.813     0.838     1.542     2.889     1.347
     2   1.000     7.703   -11.515   -14.408     3.684     1.810     0.000    -1.084     0.870     0.486     7.703     6.764
     3   1.000    11.471   -10.366   -12.694     2.846     1.919     0.000    -0.409     0.887     0.089    11.471    11.108
     4   1.000    13.175   -11.128   -13.408     3.357     1.746     0.000    -0.534     0.893     0.074    13.175    12.697
     5   0.000    17.543   -10.457    -5.150     2.391    -3.785     0.000     1.521     0.904    -0.086    17.543    18.926
     6   0.000    18.435    -9.723    -4.540     2.009    -3.209     0.000     1.975     0.908    -0.097    18.435    20.240
     7   0.000    20.047    -9.494    -4.195     1.701    -3.172     0.000     2.127     0.900    -0.147    20.047    21.979
     8   0.000    20.860   -10.244    -4.909     2.069    -3.650     0.000     1.685     0.899    -0.136    20.860    22.387
     9   0.000    23.116    -9.859    -4.186     1.272    -3.523     0.000     2.151     0.909    -0.356    23.116    25.067
    10   0.000    25.809    -9.304    -2.911     0.428    -4.041     0.000     2.352     0.911    -0.695    25.809    27.977
    11   0.000    26.774   -10.450    -4.013     0.970    -4.635     0.000     1.802     0.909    -0.783    26.774    28.424
    12   0.000    27.969    -9.671    -2.963     0.273    -4.217     0.000     2.491     0.992    -1.053    27.969    30.320
-----------------------------------------------------------------


 OUTPUT SELF-ENERGY OFF-DIAGONAL MATRIX ELEMENTS (eV)
    n1    n2     V_xc    Sigma_x  Sigma_c1  Sigma_c2  Sigma_g1  Sigma_g2  Sigma-V_xc1  Sigma-V_xc2
     1     2    -0.094    -0.002    -0.237    -0.147     0.000     0.000       -0.145       -0.056
     1     3    -0.367     0.057    -0.170    -0.230     0.000     0.000        0.254        0.194
     1     4    -0.011    -0.041    -0.074    -0.040     0.000     0.000       -0.104       -0.069
     1     5     0.499     0.530     0.298     0.321     0.000     0.000        0.329        0.352
     1     6    -0.676    -0.666    -0.190    -0.364     0.000     0.000       -0.180       -0.354
     1     7     0.258     0.242     0.034     0.126     0.000     0.000        0.018        0.110
     1     8    -0.338    -0.358    -0.160    -0.230     0.000     0.000       -0.181       -0.250
     1     9     0.176     0.161     0.017     0.082     0.000     0.000        0.002        0.066
     1    10    -0.792    -0.879    -0.194    -0.366     0.000     0.000       -0.281       -0.452
     1    11     0.357     0.506     0.072     0.165     0.000     0.000        0.220        0.313
     1    12     0.510     0.430     0.217     0.367     0.000     0.000        0.138        0.288
     2     3     0.227     0.212     0.282     0.258     0.000     0.000        0.268        0.244
     2     4     0.160     0.091     0.068     0.041     0.000     0.000       -0.001       -0.029
     2     5    -0.596    -0.427    -0.385    -0.398     0.000     0.000       -0.216       -0.229
     2     6    -0.271    -0.225    -0.036    -0.088     0.000     0.000        0.010       -0.043
     2     7    -0.171    -0.318    -0.020    -0.040     0.000     0.000       -0.166       -0.187
     2     8     0.033     0.049     0.069     0.038     0.000     0.000        0.085        0.054
     2     9    -0.156    -0.360     0.066     0.023     0.000     0.000       -0.138       -0.182
     2    10    -0.140     0.056    -0.330    -0.407     0.000     0.000       -0.134       -0.211
     2    11    -0.120     0.237    -0.270    -0.392     0.000     0.000        0.086       -0.036
     2    12     0.306     0.464    -0.088    -0.064     0.000     0.000        0.070        0.094
     3     4     0.026     0.077     0.014     0.018     0.000     0.000        0.064        0.068
     3     5    -0.660    -0.912    -0.186    -0.213     0.000     0.000       -0.438       -0.465
     3     6     0.795     1.050     0.134     0.206     0.000     0.000        0.389        0.461
     3     7    -0.459    -0.563    -0.172    -0.210     0.000     0.000       -0.275       -0.314
     3     8     0.700     0.918     0.140     0.205     0.000     0.000        0.358        0.423
     3     9    -0.316    -0.445    -0.088    -0.119     0.000     0.000       -0.217       -0.248
     3    10     0.472     0.508     0.191     0.261     0.000     0.000        0.227        0.296
     3    11    -0.449    -0.496    -0.083    -0.136     0.000     0.000       -0.130       -0.183
     3    12     0.806     0.819     0.290     0.434     0.000     0.000        0.303        0.447
     4     5    -0.227    -0.360    -0.032    -0.039     0.000     0.000       -0.164       -0.171
     4     6    -0.442    -0.586    -0.182    -0.207     0.000     0.000       -0.326       -0.351
     4     7    -0.735    -0.891    -0.197    -0.248     0.000     0.000       -0.353       -0.404
     4     8     0.059     0.045     0.056     0.061     0.000     0.000        0.041        0.046
     4     9     0.418     0.623     0.021     0.051     0.000     0.000        0.226        0.256
     4    10     0.011     0.077    -0.053    -0.065     0.000     0.000        0.013        0.001
     4    11     0.028     0.091    -0.039    -0.070     0.000     0.000        0.024       -0.007
     4    12     0.029     0.063     0.011     0.027     0.000     0.000        0.045        0.061
     5     6    -0.137     0.085    -0.052    -0.056     0.000     0.000        0.170        0.165
     5     7     0.512     0.406     0.327     0.340     0.000     0.000        0.221        0.234
     5     8     0.259     0.272     0.166     0.169     0.000     0.000        0.179        0.182
     5     9     0.714     0.610     0.375     0.422     0.000     0.000        0.272        0.318
     5    10    -0.509    -0.387    -0.319    -0.376     0.000     0.000       -0.197       -0.254
     5    11     0.137     0.011     0.111     0.136     0.000     0.000       -0.014        0.010
     5    12    -0.108    -0.028    -0.131    -0.133     0.000     0.000       -0.051       -0.053
     6     7     0.481     0.441     0.206     0.216     0.000     0.000        0.166        0.176
     6     8     0.000    -0.012     0.021     0.021     0.000     0.000        0.009        0.008
     6     9     0.240     0.235     0.122     0.126     0.000     0.000        0.117        0.121
     6    10     1.005     0.685     0.631     0.789     0.000     0.000        0.311        0.469
     6    11    -0.094     0.026    -0.107    -0.143     0.000     0.000        0.013       -0.023
     6    12    -0.221    -0.122    -0.037    -0.079     0.000     0.000        0.063        0.021
     7     8    -0.141    -0.118    -0.044    -0.043     0.000     0.000       -0.020       -0.020
     7     9    -0.450    -0.355    -0.356    -0.386     0.000     0.000       -0.261       -0.291
     7    10     0.551     0.486     0.286     0.323     0.000     0.000        0.220        0.257
     7    11     0.985     0.823     0.418     0.470     0.000     0.000        0.257        0.309
     7    12    -0.172    -0.042    -0.063    -0.091     0.000     0.000        0.067        0.039
     8     9     0.176     0.171     0.034     0.048     0.000     0.000        0.028        0.043
     8    10     0.389     0.322     0.256     0.295     0.000     0.000        0.189        0.227
     8    11    -0.050     0.009    -0.053    -0.063     0.000     0.000        0.006       -0.004
     8    12     0.128     0.070     0.152     0.185     0.000     0.000        0.094        0.128
     9    10     0.266     0.218     0.188     0.185     0.000     0.000        0.140        0.137
     9    11     0.568     0.503     0.287     0.317     0.000     0.000        0.222        0.251
     9    12     0.044     0.031     0.075     0.078     0.000     0.000        0.061        0.064
    10    11    -0.081    -0.355     0.134     0.139     0.000     0.000       -0.141       -0.135
    10    12    -1.034    -0.768    -0.717    -0.765     0.000     0.000       -0.450       -0.498
    11    12    -0.150    -0.449     0.064     0.070     0.000     0.000       -0.234       -0.228

-----------------------------------------------------------------
