-----------------------------------------------------------------

 OUTPUT SELF-ENERGY DIAGONAL MATRIX ELEMENTS (eV)
     n   occ        E_dft     V_xc   Sigma_x  Sigma_sx   Sigma_c   Sigma_g  Sigma-V_xc   zfac  Im[Sigma]      E_0      E_qp  
     1   1.000     4.515   -11.471   -16.507     4.999     3.385     0.000    -1.651     0.885     1.313     4.515     3.067
     2   1.000     5.959   -11.435   -15.618     4.691     3.076     0.000    -1.107     0.836     0.846     5.959     5.032
     3   1.000    10.936   -10.087   -12.084     2.782     1.960     0.000    -0.038     0.887     0.074    10.936    10.902
     4   1.000    11.824   -10.440   -12.789     2.886     1.866     0.000    -0.483     0.887     0.088    11.824    11.395
     5   0.000    17.749    -9.708    -4.657     1.776    -3.420     0.000     1.631     0.913    -0.085    17.749    19.247
     6   0.000    20.010    -9.629    -4.458     2.190    -3.299     0.000     1.872     0.886    -0.143    20.010    21.682
     7   0.000    21.199   -10.065    -4.640     1.790    -3.530     0.000     1.895     0.901    -0.181    21.199    22.908
     8   0.000    21.848   -10.390    -5.007     1.547    -3.817     0.000     1.566     0.900    -0.163    21.848    23.263
     9   0.000    24.891   -10.470    -4.415     1.459    -4.109     0.000     1.945     0.914    -0.436    24.891    26.675
    10   0.000    25.988   -10.212    -4.265     1.320    -4.022     0.000     1.925     0.920    -0.472    25.988    27.766
    11   0.000    28.602   -10.897    -3.364     0.065    -5.518     0.000     2.014     1.015    -1.767    28.602    30.622
    12   0.000    30.006   -10.408    -3.121    -0.111    -5.088     0.000     2.200     1.124    -2.124    30.006    32.323
-----------------------------------------------------------------


 OUTPUT SELF-ENERGY OFF-DIAGONAL MATRIX ELEMENTS (eV)
    n1    n2     V_xc    Sigma_x  Sigma_c1  Sigma_c2  Sigma_g1  Sigma_g2  Sigma-V_xc1  Sigma-V_xc2
     1     2    -0.008    -0.292     0.132     0.124     0.000     0.000       -0.153       -0.160
     1     3     0.052    -0.321     0.255     0.220     0.000     0.000       -0.118       -0.153
     1     4     0.124     0.165     0.309     0.243     0.000     0.000        0.350        0.283
     1     5     0.143     0.101    -0.035     0.020     0.000     0.000       -0.077       -0.022
     1     6     0.283    -0.011     0.364     0.299     0.000     0.000        0.070        0.005
     1     7     0.399     0.183     0.324     0.337     0.000     0.000        0.108        0.121
     1     8     0.248     0.101     0.011     0.039     0.000     0.000       -0.137       -0.108
     1     9    -0.232    -0.074    -0.171    -0.259     0.000     0.000       -0.013       -0.100
     1    10     0.110     0.268     0.021     0.031     0.000     0.000        0.179        0.189
     1    11    -0.079    -0.216     0.086     0.080     0.000     0.000       -0.051       -0.057
     1    12    -0.501    -0.831     0.066    -0.016     0.000     0.000       -0.264       -0.346
     2     3     0.151     0.146    -0.087    -0.031     0.000     0.000       -0.092       -0.036
     2     4    -0.093     0.121    -0.112    -0.082     0.000     0.000        0.102        0.132
     2     5    -0.577    -0.421    -0.438    -0.429     0.000     0.000       -0.283       -0.273
     2     6     0.029    -0.134     0.027    -0.022     0.000     0.000       -0.136       -0.186
     2     7    -0.044     0.094    -0.111    -0.079     0.000     0.000        0.027        0.058
     2     8     0.332     0.059     0.518     0.446     0.000     0.000        0.245        0.173
     2     9     0.018     0.221    -0.100    -0.064     0.000     0.000        0.104        0.140
     2    10    -0.148    -0.591     0.367     0.342     0.000     0.000       -0.076       -0.101
     2    11     0.217     0.412    -0.086    -0.063     0.000     0.000        0.109        0.132
     2    12     0.012    -0.006     0.024     0.021     0.000     0.000        0.007        0.004
     3     4     0.057     0.164    -0.151    -0.145     0.000     0.000       -0.045       -0.039
     3     5    -0.233    -0.339    -0.031    -0.063     0.000     0.000       -0.136       -0.168
     3     6    -1.379    -1.520    -0.375    -0.549     0.000     0.000       -0.516       -0.689
     3     7     0.642     0.723     0.247     0.294     0.000     0.000        0.328        0.375
     3     8     0.528     0.520     0.196     0.239     0.000     0.000        0.187        0.230
     3     9    -0.911    -1.240    -0.134    -0.146     0.000     0.000       -0.462       -0.474
     3    10    -0.145    -0.030    -0.090    -0.098     0.000     0.000        0.025        0.017
     3    11     0.154     0.144     0.016    -0.004     0.000     0.000        0.007       -0.014
     3    12    -0.190    -0.233    -0.054    -0.110     0.000     0.000       -0.097       -0.153
     4     5     0.925     1.139     0.233     0.288     0.000     0.000        0.447        0.502
     4     6    -0.144    -0.066    -0.124    -0.132     0.000     0.000       -0.046       -0.054
     4     7    -0.596    -0.830    -0.093    -0.158     0.000     0.000       -0.326       -0.391
     4     8     0.828     1.083     0.265     0.313     0.000     0.000        0.520        0.568
     4     9    -0.132    -0.103    -0.046    -0.053     0.000     0.000       -0.018       -0.024
     4    10    -0.689    -0.935    -0.117    -0.106     0.000     0.000       -0.364       -0.352
     4    11    -0.710    -0.863    -0.209    -0.311     0.000     0.000       -0.362       -0.464
     4    12    -0.213    -0.419    -0.026    -0.072     0.000     0.000       -0.232       -0.278
     5     6     0.027    -0.006     0.055     0.054     0.000     0.000        0.021        0.020
     5     7    -0.413    -0.299    -0.247    -0.267     0.000     0.000       -0.133       -0.153
     5     8     0.441     0.405     0.257     0.274     0.000     0.000        0.221        0.238
     5     9    -0.345    -0.282    -0.124    -0.146     0.000     0.000       -0.061       -0.082
     5    10     0.806     0.791     0.334     0.384     0.000     0.000        0.319        0.369
     5    11    -0.851    -0.566    -0.628    -0.791     0.000     0.000       -0.343       -0.505
     5    12    -0.011     0.028     0.005     0.022     0.000     0.000        0.044        0.061
     6     7    -0.132     0.012    -0.125    -0.132     0.000     0.000        0.018        0.012
     6     8    -0.287    -0.096    -0.220    -0.229     0.000     0.000       -0.028       -0.037
     6     9     0.125    -0.062     0.153     0.196     0.000     0.000       -0.034        0.009
     6    10     0.059    -0.021     0.102     0.116     0.000     0.000        0.022        0.036
     6    11     0.215     0.099     0.108     0.114     0.000     0.000       -0.008       -0.002
     6    12    -0.608    -0.455    -0.344    -0.418     0.000     0.000       -0.191       -0.265
     7     8    -0.062     0.019    -0.078    -0.081     0.000     0.000        0.002        0.000
     7     9     0.040     0.127    -0.042    -0.070     0.000     0.000        0.045        0.017
     7    10     0.396     0.223     0.277     0.293     0.000     0.000        0.104        0.120
     7    11    -0.170    -0.188    -0.115    -0.153     0.000     0.000       -0.133       -0.170
     7    12    -0.882    -0.687    -0.552    -0.698     0.000     0.000       -0.357       -0.504
     8     9    -0.011     0.082    -0.175    -0.217     0.000     0.000       -0.082       -0.124
     8    10    -0.302    -0.161    -0.314    -0.342     0.000     0.000       -0.172       -0.200
     8    11     0.164     0.017     0.226     0.204     0.000     0.000        0.079        0.057
     8    12    -0.582    -0.343    -0.494    -0.607     0.000     0.000       -0.255       -0.368
     9    10    -0.261    -0.393    -0.167    -0.176     0.000     0.000       -0.299       -0.308
     9    11     0.081     0.064     0.030     0.025     0.000     0.000        0.013        0.008
     9    12     0.034     0.148    -0.147    -0.137     0.000     0.000       -0.033       -0.023
    10    11    -0.261    -0.005    -0.324    -0.329     0.000     0.000       -0.068       -0.073
    10    12     0.088     0.071     0.099     0.127     0.000     0.000        0.082        0.110
    11    12     0.016    -0.056     0.055     0.114     0.000     0.000       -0.018        0.042

-----------------------------------------------------------------
