-----------------------------------------------------------------

 OUTPUT SELF-ENERGY DIAGONAL MATRIX ELEMENTS (eV)
     n   occ        E_dft     V_xc   Sigma_x  Sigma_sx   Sigma_c   Sigma_g  Sigma-V_xc   zfac  Im[Sigma]      E_0      E_qp  
     1   1.000     3.760   -11.331   -16.744     5.273     3.768     0.000    -1.645     0.865     1.527     3.760     2.328
     2   1.000     7.176   -11.328   -15.152     4.719     2.925     0.000    -0.898     0.832     0.644     7.176     6.428
     3   1.000    10.953   -10.039   -11.995     2.754     1.971     0.000     0.015     0.886     0.065    10.953    10.967
     4   1.000    13.744   -10.741   -13.100     3.238     1.599     0.000    -0.761     0.882     0.068    13.744    13.072
     5   0.000    18.525   -10.312    -5.106     2.121    -4.053     0.000     1.152     0.897    -0.108    18.525    19.565
     6   0.000    19.826   -10.139    -4.875     1.831    -3.646     0.000     1.618     0.898    -0.136    19.826    21.289
     7   0.000    21.679    -9.788    -4.480     1.707    -3.529     0.000     1.778     0.897    -0.234    21.679    23.273
     8   0.000    23.200   -10.057    -4.280     1.632    -4.129     0.000     1.649     0.927    -0.615    23.200    24.703
     9   0.000    23.727   -10.033    -4.343     1.279    -3.666     0.000     2.023     0.916    -0.343    23.727    25.592
    10   0.000    25.803   -10.285    -4.292     0.732    -4.245     0.000     1.749     0.925    -0.591    25.803    27.407
    11   0.000    28.131    -8.710    -2.422     0.049    -3.716     0.000     2.572     0.976    -1.005    28.131    30.543
    12   0.000    30.178   -10.400    -3.136    -0.057    -5.014     0.000     2.251     1.042    -1.924    30.178    32.441
-----------------------------------------------------------------


 OUTPUT SELF-ENERGY OFF-DIAGONAL MATRIX ELEMENTS (eV)
    n1    n2     V_xc    Sigma_x  Sigma_c1  Sigma_c2  Sigma_g1  Sigma_g2  Sigma-V_xc1  Sigma-V_xc2
     1     2     0.054    -0.030     0.095     0.076     0.000     0.000        0.011       -0.007
     1     3     0.334     0.312     0.127     0.253     0.000     0.000        0.105        0.230
     1     4     0.093     0.136     0.184     0.165     0.000     0.000        0.227        0.208
     1     5    -0.031    -0.052    -0.074    -0.049     0.000     0.000       -0.095       -0.070
     1     6    -0.520    -0.385    -0.120    -0.188     0.000     0.000        0.015       -0.053
     1     7     0.272     0.236     0.122     0.149     0.000     0.000        0.087        0.113
     1     8     0.176    -0.297     0.350     0.431     0.000     0.000       -0.123       -0.042
     1     9     0.014     0.012     0.017     0.056     0.000     0.000        0.015        0.054
     1    10     0.020    -0.190     0.002    -0.031     0.000     0.000       -0.209       -0.242
     1    11     0.920     0.867     0.427     0.635     0.000     0.000        0.374        0.582
     1    12     0.542     0.679     0.123     0.262     0.000     0.000        0.260        0.399
     2     3     0.244     0.344    -0.099    -0.058     0.000     0.000        0.001        0.042
     2     4    -0.317    -0.312    -0.189    -0.228     0.000     0.000       -0.185       -0.223
     2     5    -0.799    -0.611    -0.543    -0.575     0.000     0.000       -0.355       -0.388
     2     6    -0.106    -0.091    -0.183    -0.144     0.000     0.000       -0.169       -0.129
     2     7     0.169     0.560    -0.216    -0.117     0.000     0.000        0.175        0.274
     2     8    -0.071    -0.164     0.024     0.039     0.000     0.000       -0.069       -0.053
     2     9    -0.064     0.087    -0.104    -0.093     0.000     0.000        0.047        0.058
     2    10     0.034     0.557    -0.415    -0.408     0.000     0.000        0.108        0.115
     2    11    -0.299    -0.268    -0.139    -0.207     0.000     0.000       -0.108       -0.176
     2    12     0.289     0.224     0.179     0.273     0.000     0.000        0.114        0.208
     3     4     0.000    -0.038    -0.025    -0.020     0.000     0.000       -0.063       -0.058
     3     5    -0.140    -0.154    -0.036    -0.047     0.000     0.000       -0.050       -0.061
     3     6    -1.168    -1.261    -0.400    -0.503     0.000     0.000       -0.494       -0.596
     3     7     0.786     0.958     0.242     0.318     0.000     0.000        0.414        0.490
     3     8    -0.916    -1.231    -0.234    -0.335     0.000     0.000       -0.549       -0.651
     3     9    -0.591    -0.853    -0.114    -0.128     0.000     0.000       -0.375       -0.389
     3    10     0.227     0.365     0.033     0.054     0.000     0.000        0.171        0.193
     3    11     0.140     0.169     0.002    -0.014     0.000     0.000        0.030        0.014
     3    12     0.091     0.156    -0.036    -0.017     0.000     0.000        0.029        0.048
     4     5     0.559     0.789     0.088     0.101     0.000     0.000        0.318        0.331
     4     6    -0.467    -0.522    -0.216    -0.241     0.000     0.000       -0.270       -0.295
     4     7    -0.868    -1.000    -0.200    -0.248     0.000     0.000       -0.332       -0.380
     4     8    -0.194    -0.287    -0.061    -0.055     0.000     0.000       -0.155       -0.149
     4     9     0.273     0.317     0.078     0.073     0.000     0.000        0.122        0.118
     4    10     0.491     0.756     0.074     0.078     0.000     0.000        0.339        0.342
     4    11     0.267     0.276     0.121     0.156     0.000     0.000        0.130        0.164
     4    12    -0.439    -0.553    -0.174    -0.302     0.000     0.000       -0.287       -0.416
     5     6    -0.275    -0.329    -0.092    -0.094     0.000     0.000       -0.146       -0.148
     5     7    -0.646    -0.474    -0.380    -0.400     0.000     0.000       -0.208       -0.228
     5     8    -0.025    -0.045    -0.046    -0.060     0.000     0.000       -0.066       -0.080
     5     9    -0.336    -0.298    -0.090    -0.082     0.000     0.000       -0.051       -0.044
     5    10    -0.748    -0.525    -0.480    -0.584     0.000     0.000       -0.257       -0.361
     5    11     0.656     0.328     0.513     0.656     0.000     0.000        0.186        0.328
     5    12    -0.701    -0.361    -0.644    -0.827     0.000     0.000       -0.305       -0.487
     6     7     0.097     0.104    -0.034    -0.033     0.000     0.000       -0.027       -0.026
     6     8     0.465     0.171     0.356     0.384     0.000     0.000        0.063        0.091
     6     9    -0.331    -0.263    -0.127    -0.120     0.000     0.000       -0.060       -0.053
     6    10     0.043     0.041    -0.040    -0.075     0.000     0.000       -0.043       -0.077
     6    11    -0.935    -0.599    -0.600    -0.769     0.000     0.000       -0.265       -0.433
     6    12    -0.190    -0.208    -0.103    -0.112     0.000     0.000       -0.121       -0.130
     7     8     0.021     0.093     0.009     0.017     0.000     0.000        0.081        0.089
     7     9    -0.133     0.008    -0.070    -0.082     0.000     0.000        0.071        0.059
     7    10    -0.591    -0.393    -0.374    -0.382     0.000     0.000       -0.176       -0.185
     7    11    -0.486    -0.394    -0.212    -0.247     0.000     0.000       -0.120       -0.155
     7    12     0.510     0.411     0.223     0.298     0.000     0.000        0.124        0.199
     8     9     0.115    -0.034     0.076     0.078     0.000     0.000       -0.073       -0.071
     8    10    -0.121    -0.056    -0.159    -0.160     0.000     0.000       -0.094       -0.094
     8    11    -0.047    -0.090     0.051     0.096     0.000     0.000        0.007        0.053
     8    12     0.282     0.277     0.122     0.220     0.000     0.000        0.117        0.215
     9    10     0.268     0.217     0.284     0.311     0.000     0.000        0.232        0.260
     9    11    -0.016     0.093    -0.018    -0.040     0.000     0.000        0.091        0.070
     9    12     0.341     0.229     0.247     0.243     0.000     0.000        0.135        0.131
    10    11    -0.367    -0.272    -0.244    -0.245     0.000     0.000       -0.149       -0.150
    10    12     0.304     0.276     0.256     0.232     0.000     0.000        0.228        0.205
    11    12     0.575     0.298     0.512     0.507     0.000     0.000        0.235        0.231

-----------------------------------------------------------------
