-----------------------------------------------------------------

 OUTPUT SELF-ENERGY DIAGONAL MATRIX ELEMENTS (eV)
     n   occ        E_dft     V_xc   Sigma_x  Sigma_sx   Sigma_c   Sigma_g  Sigma-V_xc   zfac  Im[Sigma]      E_0      E_qp  
     1   1.000     2.826   -11.089   -17.030     5.639     4.407     0.000    -1.535     0.847     1.676     2.826     1.587
     2   1.000     8.924   -11.536   -14.491     3.996     1.713     0.000    -1.242     0.851     0.351     8.924     7.870
     3   1.000    12.679   -10.612   -13.026     3.481     1.920     0.000    -0.494     0.877     0.082    12.679    12.245
     4   1.000    13.657   -10.786   -13.135     3.287     1.665     0.000    -0.684     0.880     0.068    13.657    13.053
     5   0.000    17.205    -9.375    -4.411     2.058    -3.223     0.000     1.741     0.905    -0.087    17.205    18.792
     6   0.000    18.639    -9.806    -4.572     2.139    -3.738     0.000     1.495     0.891    -0.127    18.639    19.981
     7   0.000    21.136   -10.076    -4.649     1.950    -3.606     0.000     1.821     0.885    -0.207    21.136    22.756
     8   0.000    22.800   -10.459    -4.931     1.805    -3.963     0.000     1.565     0.893    -0.287    22.800    24.196
     9   0.000    24.324   -10.505    -4.681     1.183    -4.390     0.000     1.434     0.897    -0.465    24.324    25.602
    10   0.000    26.842    -9.637    -3.546     0.515    -4.162     0.000     1.929     0.973    -1.004    26.842    28.689
    11   0.000    27.370    -9.501    -3.160     0.149    -4.424     0.000     1.918     0.958    -1.134    27.370    29.173
    12   0.000    29.578    -8.484    -2.186    -0.031    -3.624     0.000     2.674     0.995    -1.429    29.578    32.242
-----------------------------------------------------------------


 OUTPUT SELF-ENERGY OFF-DIAGONAL MATRIX ELEMENTS (eV)
    n1    n2     V_xc    Sigma_x  Sigma_c1  Sigma_c2  Sigma_g1  Sigma_g2  Sigma-V_xc1  Sigma-V_xc2
     1     2     0.097     0.099     0.180     0.123     0.000     0.000        0.182        0.126
     1     3    -0.291    -0.198    -0.006    -0.130     0.000     0.000        0.087       -0.037
     1     4    -0.199    -0.146     0.076    -0.068     0.000     0.000        0.129       -0.016
     1     5     0.975     1.044     0.471     0.614     0.000     0.000        0.541        0.683
     1     6     0.169     0.185     0.101     0.103     0.000     0.000        0.117        0.119
     1     7    -0.060    -0.036     0.012    -0.003     0.000     0.000        0.036        0.021
     1     8    -0.317    -0.356    -0.102    -0.221     0.000     0.000       -0.140       -0.260
     1     9    -0.316    -0.422    -0.172    -0.286     0.000     0.000       -0.278       -0.393
     1    10    -0.632    -0.720    -0.185    -0.377     0.000     0.000       -0.273       -0.465
     1    11    -1.075    -1.153    -0.269    -0.584     0.000     0.000       -0.347       -0.662
     1    12     0.053     0.065     0.012     0.024     0.000     0.000        0.024        0.037
     2     3    -0.163    -0.167    -0.240    -0.238     0.000     0.000       -0.244       -0.241
     2     4     0.035    -0.199     0.082     0.046     0.000     0.000       -0.151       -0.187
     2     5     0.120     0.221     0.063     0.078     0.000     0.000        0.164        0.179
     2     6     0.331     0.192     0.221     0.234     0.000     0.000        0.083        0.095
     2     7     0.270     0.244     0.139     0.174     0.000     0.000        0.114        0.149
     2     8    -0.040    -0.129     0.030     0.030     0.000     0.000       -0.060       -0.060
     2     9     0.112     0.522    -0.319    -0.339     0.000     0.000        0.091        0.071
     2    10    -0.134     0.084    -0.178    -0.252     0.000     0.000        0.040       -0.034
     2    11    -0.020    -0.124     0.223     0.288     0.000     0.000        0.118        0.183
     2    12    -0.487    -0.531    -0.176    -0.291     0.000     0.000       -0.221       -0.336
     3     4     0.125     0.126    -0.010    -0.010     0.000     0.000       -0.008       -0.008
     3     5    -0.663    -0.865    -0.174    -0.199     0.000     0.000       -0.375       -0.400
     3     6     0.083     0.106     0.062     0.066     0.000     0.000        0.085        0.089
     3     7    -0.466    -0.632    -0.092    -0.117     0.000     0.000       -0.258       -0.283
     3     8     0.738     1.061     0.081     0.132     0.000     0.000        0.404        0.455
     3     9     0.020    -0.012    -0.045    -0.061     0.000     0.000       -0.076       -0.092
     3    10     0.235     0.223     0.182     0.286     0.000     0.000        0.170        0.274
     3    11     0.253     0.393     0.046     0.080     0.000     0.000        0.185        0.220
     3    12     0.038     0.041    -0.032    -0.038     0.000     0.000       -0.029       -0.036
     4     5    -0.322    -0.409    -0.082    -0.085     0.000     0.000       -0.168       -0.172
     4     6    -0.326    -0.150    -0.126    -0.129     0.000     0.000        0.049        0.046
     4     7     0.830     1.103     0.146     0.203     0.000     0.000        0.419        0.476
     4     8     0.481     0.651     0.082     0.135     0.000     0.000        0.253        0.306
     4     9     0.287     0.328     0.073     0.109     0.000     0.000        0.115        0.151
     4    10     0.186     0.351    -0.042    -0.077     0.000     0.000        0.123        0.089
     4    11     0.096     0.142     0.094     0.107     0.000     0.000        0.140        0.153
     4    12    -0.265    -0.342    -0.093    -0.206     0.000     0.000       -0.169       -0.283
     5     6    -0.144    -0.249    -0.214    -0.210     0.000     0.000       -0.319       -0.315
     5     7     0.121     0.118     0.067     0.070     0.000     0.000        0.064        0.067
     5     8     0.182     0.204     0.074     0.089     0.000     0.000        0.096        0.111
     5     9    -0.282    -0.231    -0.095    -0.111     0.000     0.000       -0.044       -0.061
     5    10    -0.563    -0.351    -0.275    -0.361     0.000     0.000       -0.063       -0.149
     5    11    -0.995    -0.614    -0.666    -0.877     0.000     0.000       -0.285       -0.496
     5    12    -0.083    -0.013     0.006     0.050     0.000     0.000        0.077        0.120
     6     7    -0.963    -0.810    -0.542    -0.585     0.000     0.000       -0.389       -0.432
     6     8    -0.268    -0.270    -0.172    -0.187     0.000     0.000       -0.174       -0.190
     6     9     1.106     0.935     0.666     0.783     0.000     0.000        0.496        0.612
     6    10     0.136     0.086     0.004     0.035     0.000     0.000       -0.046       -0.016
     6    11    -0.615    -0.520    -0.491    -0.617     0.000     0.000       -0.397       -0.522
     6    12     0.630     0.417     0.394     0.495     0.000     0.000        0.182        0.282
     7     8     0.110     0.099     0.007     0.006     0.000     0.000       -0.004       -0.006
     7     9     0.142     0.063     0.157     0.154     0.000     0.000        0.078        0.075
     7    10    -0.394    -0.369    -0.190    -0.189     0.000     0.000       -0.164       -0.163
     7    11     0.231     0.137     0.088     0.121     0.000     0.000       -0.006        0.026
     7    12    -0.683    -0.430    -0.282    -0.345     0.000     0.000       -0.029       -0.092
     8     9     0.139     0.036     0.048     0.042     0.000     0.000       -0.056       -0.061
     8    10     0.202     0.146     0.097     0.086     0.000     0.000        0.041        0.030
     8    11     0.241     0.114     0.177     0.192     0.000     0.000        0.050        0.065
     8    12    -0.190    -0.164    -0.060    -0.104     0.000     0.000       -0.034       -0.078
     9    10    -0.300    -0.168    -0.293    -0.292     0.000     0.000       -0.161       -0.160
     9    11     0.379     0.369     0.284     0.310     0.000     0.000        0.274        0.300
     9    12     0.022     0.035    -0.002    -0.013     0.000     0.000        0.012        0.001
    10    11     0.168     0.316    -0.153    -0.151     0.000     0.000       -0.005       -0.003
    10    12     0.564     0.550     0.237     0.306     0.000     0.000        0.223        0.292
    11    12    -0.253    -0.152    -0.097    -0.089     0.000     0.000        0.004        0.011

-----------------------------------------------------------------
