# OUTPUT ENERGY EIGENVALUES (eV) :
    #  rep     occ        E_0     V_xc + delta_Vh    delta_Vh       Im{Sigma}
    1    1     1.000     5.402        -11.785          0.064          1.129
    2    1     1.000     8.575        -11.614          0.170          0.409
    3    1     1.000    11.107        -10.439          0.055          0.094
    4    1     1.000    12.978        -11.555          0.118          0.075
    5    1     0.000    18.707         -8.361          0.005         -0.103
    6    1     0.000    21.894         -8.699         -0.043         -0.132
    7    1     0.000    22.920         -8.806          0.003         -0.167
    8    1     0.000    23.450         -8.594         -0.076         -0.245
    9    1     0.000    24.223         -8.838          0.006         -0.466
   10    1     0.000    24.960         -8.179         -0.002         -0.359
   11    1     0.000    30.943         -6.025         -0.043         -1.206
   12    1     0.000    32.504         -6.479         -0.031         -1.709
 
