# OUTPUT ENERGY EIGENVALUES (eV) :
    #  rep     occ        E_0     V_xc + delta_Vh    delta_Vh       Im{Sigma}
    1    1     1.000     4.059        -11.735          0.090          1.515
    2    1     1.000    10.400        -11.910          0.145          0.170
    3    1     1.000    12.578        -11.226          0.135          0.082
    4    1     1.000    12.857        -11.327          0.098          0.080
    5    1     0.000    18.004         -8.336         -0.008         -0.074
    6    1     0.000    19.879         -8.015         -0.050         -0.124
    7    1     0.000    22.284         -9.056         -0.078         -0.172
    8    1     0.000    22.791         -9.340         -0.024         -0.173
    9    1     0.000    25.624         -9.201         -0.045         -0.479
   10    1     0.000    26.896         -8.589         -0.016         -0.587
   11    1     0.000    28.884         -6.764          0.000         -1.167
   12    1     0.000    30.782         -6.354          0.013         -1.508
 
