# OUTPUT ENERGY EIGENVALUES (eV) :
    #  rep     occ        E_0     V_xc + delta_Vh    delta_Vh       Im{Sigma}
    1    1     1.000     3.395        -11.803          0.081          1.828
    2    1     1.000    11.521        -11.783          0.156          0.122
    3    1     1.000    13.158        -11.335          0.143          0.084
    4    1     1.000    13.466        -11.418          0.101          0.074
    5    1     0.000    18.339         -8.517         -0.004         -0.082
    6    1     0.000    20.542         -8.862         -0.060         -0.165
    7    1     0.000    21.552         -8.406         -0.069         -0.141
    8    1     0.000    21.794         -9.136         -0.022         -0.129
    9    1     0.000    24.636         -8.771         -0.055         -0.328
   10    1     0.000    26.249         -8.225         -0.016         -0.437
   11    1     0.000    28.034         -6.306          0.000         -0.890
   12    1     0.000    29.941         -6.025          0.005         -1.181
 
