# OUTPUT ENERGY EIGENVALUES (eV) :
    #  rep     occ        E_0     V_xc + delta_Vh    delta_Vh       Im{Sigma}
    1    1     1.000     6.301        -12.003          0.122          0.883
    2    1     1.000     7.653        -11.832          0.231          0.612
    3    1     1.000    11.045        -10.389          0.061          0.092
    4    1     1.000    11.796        -10.912          0.063          0.086
    5    1     0.000    19.728         -8.214         -0.086         -0.091
    6    1     0.000    21.563         -8.152         -0.020         -0.137
    7    1     0.000    21.975         -8.936         -0.022         -0.174
    8    1     0.000    22.851         -8.592         -0.056         -0.207
    9    1     0.000    26.019         -8.945          0.016         -0.465
   10    1     0.000    27.794         -8.846          0.038         -0.876
   11    1     0.000    30.146         -8.180         -0.028         -1.590
   12    1     0.000    32.102         -7.212         -0.031         -2.134
 
