# OUTPUT ENERGY EIGENVALUES (eV) :
    #  rep     occ        E_0     V_xc + delta_Vh    delta_Vh       Im{Sigma}
    1    1     1.000     5.091        -11.782          0.138          1.217
    2    1     1.000     8.678        -11.922          0.190          0.347
    3    1     1.000    11.293        -10.670          0.074          0.079
    4    1     1.000    13.009        -11.443          0.136          0.066
    5    1     0.000    19.617         -8.402         -0.149         -0.109
    6    1     0.000    20.538         -8.669         -0.020         -0.135
    7    1     0.000    22.146         -8.545         -0.002         -0.165
    8    1     0.000    22.880         -9.001         -0.051         -0.253
    9    1     0.000    25.303         -8.489          0.001         -0.402
   10    1     0.000    25.983         -8.205         -0.022         -0.581
   11    1     0.000    30.178         -6.543         -0.029         -1.568
   12    1     0.000    31.214         -8.152         -0.018         -1.963
 
