# OUTPUT ENERGY EIGENVALUES (eV) :
    #  rep     occ        E_0     V_xc + delta_Vh    delta_Vh       Im{Sigma}
    1    1     1.000     6.291        -12.030          0.289          0.927
    2    1     1.000     7.579        -11.916          0.081          0.610
    3    1     1.000    11.040        -10.530          0.030          0.078
    4    1     1.000    11.832        -10.794          0.119          0.088
    5    1     0.000    20.167         -8.352         -0.076         -0.126
    6    1     0.000    21.064         -8.132          0.079         -0.106
    7    1     0.000    21.408         -8.748         -0.193         -0.142
    8    1     0.000    23.402         -8.709         -0.009         -0.211
    9    1     0.000    25.589         -9.365          0.044         -0.729
   10    1     0.000    28.183         -8.811          0.025         -0.990
   11    1     0.000    29.683         -8.346         -0.083         -1.643
   12    1     0.000    31.944         -7.155         -0.089         -1.773
 
