# OUTPUT ENERGY EIGENVALUES (eV) :
    #  rep     occ        E_0     V_xc + delta_Vh    delta_Vh       Im{Sigma}
    1    1     1.000     4.442        -11.962          0.260          1.389
    2    1     1.000     9.528        -11.669          0.106          0.262
    3    1     1.000    11.659        -10.824          0.074          0.088
    4    1     1.000    13.381        -11.567          0.229          0.066
    5    1     0.000    19.853         -8.708         -0.124         -0.112
    6    1     0.000    20.138         -8.494         -0.072         -0.106
    7    1     0.000    21.836         -8.148         -0.072         -0.180
    8    1     0.000    22.396         -9.044          0.040         -0.174
    9    1     0.000    24.921         -8.290         -0.066         -0.431
   10    1     0.000    27.227         -7.919         -0.070         -0.891
   11    1     0.000    29.284         -8.541         -0.063         -1.137
   12    1     0.000    30.187         -6.596          0.009         -1.195
 
