# OUTPUT ENERGY EIGENVALUES (eV) :
    #  rep     occ        E_0     V_xc + delta_Vh    delta_Vh       Im{Sigma}
    1    1     1.000     4.106        -11.612          0.056          1.566
    2    1     1.000    10.237        -11.535          0.167          0.196
    3    1     1.000    12.161        -10.795          0.055          0.091
    4    1     1.000    13.870        -11.747          0.139          0.063
    5    1     0.000    19.399         -9.045          0.026         -0.122
    6    1     0.000    20.396         -8.702         -0.043         -0.098
    7    1     0.000    21.374         -8.850          0.006         -0.112
    8    1     0.000    22.495         -8.150         -0.162         -0.201
    9    1     0.000    24.075         -7.835         -0.013         -0.234
   10    1     0.000    27.584         -7.216          0.050         -0.928
   11    1     0.000    28.104         -8.723         -0.012         -0.836
   12    1     0.000    29.794         -6.618         -0.029         -1.247
 
