       1       1     4.471   1   1     5.448     5.448
       2       2     9.585   1   1    10.187    10.187
       3       3    11.677   1   1    12.056    12.056
       4       4    13.401   1   1    13.849    13.849
       5       5    19.854   1   1    18.678    18.678
       6       6    20.141   1   1    18.851    18.851
       7       7    21.827   1   1    20.375    20.375
       8       8    22.398   1   1    21.155    21.155
       9       9    24.904   1   1    23.388    23.388
      10      10    27.210   1   1    25.674    25.674
      11      11    29.389   1   1    27.582    27.582
      12      12    29.995   1   1    28.023    28.023
       1       2     0.125   1   1     0.000
       2       1     0.092   1   1     0.000
       1       3    -0.113   1   1     0.000
       3       1    -0.172   1   1     0.000
       1       4     0.043   1   1     0.000
       4       1     0.033   1   1     0.000
       1       5    -0.157   1   1     0.000
       5       1    -0.188   1   1     0.000
       1       6     0.247   1   1     0.000
       6       1     0.338   1   1     0.000
       1       7    -0.044   1   1     0.000
       7       1    -0.089   1   1     0.000
       1       8    -0.226   1   1     0.000
       8       1    -0.310   1   1     0.000
       1       9    -0.033   1   1     0.000
       9       1    -0.090   1   1     0.000
       1      10    -0.457   1   1     0.000
      10       1    -0.614   1   1     0.000
       1      11     0.062   1   1     0.000
      11       1     0.163   1   1     0.000
       1      12     0.027   1   1     0.000
      12       1     0.099   1   1     0.000
       2       3    -0.272   1   1     0.000
       3       2    -0.274   1   1     0.000
       2       4     0.062   1   1     0.000
       4       2     0.056   1   1     0.000
       2       5    -0.393   1   1     0.000
       5       2    -0.454   1   1     0.000
       2       6    -0.009   1   1     0.000
       6       2    -0.024   1   1     0.000
       2       7    -0.015   1   1     0.000
       7       2    -0.051   1   1     0.000
       2       8    -0.175   1   1     0.000
       8       2    -0.187   1   1     0.000
       2       9    -0.101   1   1     0.000
       9       2    -0.152   1   1     0.000
       2      10    -0.057   1   1     0.000
      10       2    -0.093   1   1     0.000
       2      11    -0.006   1   1     0.000
      11       2    -0.184   1   1     0.000
       2      12    -0.273   1   1     0.000
      12       2    -0.357   1   1     0.000
       3       4    -0.021   1   1     0.000
       4       3    -0.024   1   1     0.000
       3       5     0.188   1   1     0.000
       5       3     0.193   1   1     0.000
       3       6    -0.221   1   1     0.000
       6       3    -0.259   1   1     0.000
       3       7     0.104   1   1     0.000
       7       3     0.111   1   1     0.000
       3       8     0.404   1   1     0.000
       8       3     0.458   1   1     0.000
       3       9     0.097   1   1     0.000
       9       3     0.100   1   1     0.000
       3      10     0.417   1   1     0.000
      10       3     0.536   1   1     0.000
       3      11     0.129   1   1     0.000
      11       3     0.137   1   1     0.000
       3      12     0.175   1   1     0.000
      12       3     0.272   1   1     0.000
       4       5    -0.189   1   1     0.000
       5       4    -0.205   1   1     0.000
       4       6    -0.178   1   1     0.000
       6       4    -0.184   1   1     0.000
       4       7    -0.232   1   1     0.000
       7       4    -0.259   1   1     0.000
       4       8    -0.078   1   1     0.000
       8       4    -0.076   1   1     0.000
       4       9     0.160   1   1     0.000
       9       4     0.143   1   1     0.000
       4      10     0.030   1   1     0.000
      10       4     0.028   1   1     0.000
       4      11    -0.067   1   1     0.000
      11       4    -0.129   1   1     0.000
       4      12    -0.063   1   1     0.000
      12       4    -0.076   1   1     0.000
       5       6     0.068   1   1     0.000
       6       5     0.068   1   1     0.000
       5       7     0.154   1   1     0.000
       7       5     0.168   1   1     0.000
       5       8    -0.070   1   1     0.000
       8       5    -0.068   1   1     0.000
       5       9     0.136   1   1     0.000
       9       5     0.172   1   1     0.000
       5      10     0.013   1   1     0.000
      10       5     0.025   1   1     0.000
       5      11     0.081   1   1     0.000
      11       5     0.089   1   1     0.000
       5      12    -0.049   1   1     0.000
      12       5    -0.085   1   1     0.000
       6       7     0.142   1   1     0.000
       7       6     0.155   1   1     0.000
       6       8     0.013   1   1     0.000
       8       6     0.014   1   1     0.000
       6       9     0.031   1   1     0.000
       9       6     0.018   1   1     0.000
       6      10    -0.219   1   1     0.000
      10       6    -0.327   1   1     0.000
       6      11     0.178   1   1     0.000
      11       6     0.251   1   1     0.000
       6      12    -0.013   1   1     0.000
      12       6    -0.007   1   1     0.000
       7       8     0.035   1   1     0.000
       8       7     0.037   1   1     0.000
       7       9    -0.136   1   1     0.000
       9       7    -0.172   1   1     0.000
       7      10    -0.074   1   1     0.000
      10       7    -0.067   1   1     0.000
       7      11     0.267   1   1     0.000
      11       7     0.401   1   1     0.000
       7      12     0.002   1   1     0.000
      12       7    -0.018   1   1     0.000
       8       9    -0.174   1   1     0.000
       9       8    -0.199   1   1     0.000
       8      10     0.206   1   1     0.000
      10       8     0.310   1   1     0.000
       8      11    -0.045   1   1     0.000
      11       8    -0.073   1   1     0.000
       8      12     0.030   1   1     0.000
      12       8     0.034   1   1     0.000
       9      10    -0.033   1   1     0.000
      10       9    -0.031   1   1     0.000
       9      11     0.222   1   1     0.000
      11       9     0.285   1   1     0.000
       9      12     0.029   1   1     0.000
      12       9     0.024   1   1     0.000
      10      11    -0.218   1   1     0.000
      11      10    -0.260   1   1     0.000
      10      12    -0.199   1   1     0.000
      12      10    -0.243   1   1     0.000
      11      12     0.334   1   1     0.000
      12      11     0.328   1   1     0.000
       1       1     3.434   1   2     4.476     4.476
       2       2    11.559   1   2    12.126    12.126
       3       3    13.200   1   2    13.566    13.566
       4       4    13.449   1   2    13.962    13.962
       5       5    18.338   1   2    17.224    17.224
       6       6    20.647   1   2    19.294    19.294
       7       7    21.477   1   2    20.158    20.158
       8       8    21.777   1   2    20.523    20.523
       9       9    24.587   1   2    23.231    23.231
      10      10    26.243   1   2    24.472    24.472
      11      11    27.990   1   2    25.901    25.901
      12      12    29.925   1   2    27.508    27.508
       1       2    -0.036   1   2     0.000
       2       1    -0.055   1   2     0.000
       1       3    -0.109   1   2     0.000
       3       1    -0.121   1   2     0.000
       1       4    -0.023   1   2     0.000
       4       1    -0.010   1   2     0.000
       1       5    -0.304   1   2     0.000
       5       1    -0.461   1   2     0.000
       1       6    -0.040   1   2     0.000
       6       1    -0.004   1   2     0.000
       1       7     0.068   1   2     0.000
       7       1     0.083   1   2     0.000
       1       8    -0.067   1   2     0.000
       8       1    -0.131   1   2     0.000
       1       9     0.024   1   2     0.000
       9       1     0.077   1   2     0.000
       1      10    -0.022   1   2     0.000
      10       1    -0.031   1   2     0.000
       1      11    -0.590   1   2     0.000
      11       1    -0.988   1   2     0.000
       1      12     0.175   1   2     0.000
      12       1     0.306   1   2     0.000
       2       3     0.091   1   2     0.000
       3       2     0.103   1   2     0.000
       2       4    -0.194   1   2     0.000
       4       2    -0.188   1   2     0.000
       2       5     0.093   1   2     0.000
       5       2     0.095   1   2     0.000
       2       6    -0.017   1   2     0.000
       6       2    -0.001   1   2     0.000
       2       7    -0.303   1   2     0.000
       7       2    -0.322   1   2     0.000
       2       8     0.050   1   2     0.000
       8       2     0.064   1   2     0.000
       2       9    -0.058   1   2     0.000
       9       2    -0.002   1   2     0.000
       2      10     0.016   1   2     0.000
      10       2    -0.050   1   2     0.000
       2      11    -0.026   1   2     0.000
      11       2    -0.030   1   2     0.000
       2      12    -0.260   1   2     0.000
      12       2    -0.410   1   2     0.000
       3       4    -0.059   1   2     0.000
       4       3    -0.059   1   2     0.000
       3       5     0.278   1   2     0.000
       5       3     0.273   1   2     0.000
       3       6     0.020   1   2     0.000
       6       3    -0.002   1   2     0.000
       3       7    -0.129   1   2     0.000
       7       3    -0.133   1   2     0.000
       3       8     0.357   1   2     0.000
       8       3     0.352   1   2     0.000
       3       9    -0.063   1   2     0.000
       9       3    -0.095   1   2     0.000
       3      10    -0.010   1   2     0.000
      10       3    -0.017   1   2     0.000
       3      11     0.091   1   2     0.000
      11       3     0.119   1   2     0.000
       3      12    -0.074   1   2     0.000
      12       3    -0.118   1   2     0.000
       4       5    -0.032   1   2     0.000
       5       4    -0.048   1   2     0.000
       4       6    -0.081   1   2     0.000
       6       4    -0.085   1   2     0.000
       4       7     0.251   1   2     0.000
       7       4     0.259   1   2     0.000
       4       8     0.063   1   2     0.000
       8       4     0.076   1   2     0.000
       4       9     0.050   1   2     0.000
       9       4     0.078   1   2     0.000
       4      10    -0.046   1   2     0.000
      10       4     0.007   1   2     0.000
       4      11     0.013   1   2     0.000
      11       4     0.003   1   2     0.000
       4      12     0.123   1   2     0.000
      12       4     0.190   1   2     0.000
       5       6    -0.139   1   2     0.000
       6       5    -0.139   1   2     0.000
       5       7    -0.001   1   2     0.000
       7       5    -0.001   1   2     0.000
       5       8     0.022   1   2     0.000
       8       5     0.022   1   2     0.000
       5       9    -0.053   1   2     0.000
       9       5    -0.069   1   2     0.000
       5      10     0.015   1   2     0.000
      10       5     0.024   1   2     0.000
       5      11     0.277   1   2     0.000
      11       5     0.448   1   2     0.000
       5      12    -0.033   1   2     0.000
      12       5    -0.063   1   2     0.000
       6       7     0.270   1   2     0.000
       7       6     0.277   1   2     0.000
       6       8     0.016   1   2     0.000
       8       6     0.018   1   2     0.000
       6       9    -0.350   1   2     0.000
       9       6    -0.437   1   2     0.000
       6      10     0.068   1   2     0.000
      10       6     0.091   1   2     0.000
       6      11     0.054   1   2     0.000
      11       6     0.064   1   2     0.000
       6      12     0.176   1   2     0.000
      12       6     0.222   1   2     0.000
       7       8    -0.045   1   2     0.000
       8       7    -0.046   1   2     0.000
       7       9    -0.108   1   2     0.000
       9       7    -0.113   1   2     0.000
       7      10     0.048   1   2     0.000
      10       7     0.044   1   2     0.000
       7      11    -0.093   1   2     0.000
      11       7    -0.139   1   2     0.000
       7      12     0.056   1   2     0.000
      12       7     0.096   1   2     0.000
       8       9     0.117   1   2     0.000
       9       8     0.131   1   2     0.000
       8      10     0.096   1   2     0.000
      10       8     0.096   1   2     0.000
       8      11     0.015   1   2     0.000
      11       8     0.020   1   2     0.000
       8      12    -0.002   1   2     0.000
      12       8    -0.012   1   2     0.000
       9      10     0.068   1   2     0.000
      10       9     0.068   1   2     0.000
       9      11     0.014   1   2     0.000
      11       9     0.010   1   2     0.000
       9      12     0.007   1   2     0.000
      12       9    -0.015   1   2     0.000
      10      11     0.007   1   2     0.000
      11      10     0.008   1   2     0.000
      10      12     0.011   1   2     0.000
      12      10     0.018   1   2     0.000
      11      12     0.040   1   2     0.000
      12      11     0.014   1   2     0.000
       1       1     6.311   1   3     7.162     7.162
       2       2     7.583   1   3     8.517     8.517
       3       3    11.097   1   3    11.305    11.305
       4       4    11.892   1   3    12.095    12.095
       5       5    20.161   1   3    18.904    18.904
       6       6    21.023   1   3    19.647    19.647
       7       7    21.422   1   3    20.191    20.191
       8       8    23.407   1   3    22.113    22.113
       9       9    25.557   1   3    24.600    24.600
      10      10    28.158   1   3    26.631    26.631
      11      11    29.655   1   3    28.036    28.036
      12      12    31.916   1   3    29.774    29.774
       1       2    -0.091   1   3     0.000
       2       1    -0.073   1   3     0.000
       1       3    -0.040   1   3     0.000
       3       1    -0.068   1   3     0.000
       1       4    -0.157   1   3     0.000
       4       1    -0.134   1   3     0.000
       1       5     0.135   1   3     0.000
       5       1     0.204   1   3     0.000
       1       6     0.142   1   3     0.000
       6       1     0.152   1   3     0.000
       1       7     0.105   1   3     0.000
       7       1     0.087   1   3     0.000
       1       8    -0.110   1   3     0.000
       8       1    -0.062   1   3     0.000
       1       9     0.087   1   3     0.000
       9       1     0.068   1   3     0.000
       1      10    -0.063   1   3     0.000
      10       1    -0.075   1   3     0.000
       1      11    -0.173   1   3     0.000
      11       1    -0.207   1   3     0.000
       1      12    -0.246   1   3     0.000
      12       1    -0.437   1   3     0.000
       2       3    -0.048   1   3     0.000
       3       2    -0.043   1   3     0.000
       2       4    -0.014   1   3     0.000
       4       2    -0.028   1   3     0.000
       2       5     0.087   1   3     0.000
       5       2     0.122   1   3     0.000
       2       6     0.142   1   3     0.000
       6       2     0.176   1   3     0.000
       2       7    -0.196   1   3     0.000
       7       2    -0.233   1   3     0.000
       2       8     0.104   1   3     0.000
       8       2     0.072   1   3     0.000
       2       9     0.063   1   3     0.000
       9       2     0.016   1   3     0.000
       2      10     0.096   1   3     0.000
      10       2     0.093   1   3     0.000
       2      11    -0.183   1   3     0.000
      11       2    -0.275   1   3     0.000
       2      12     0.043   1   3     0.000
      12       2     0.086   1   3     0.000
       3       4     0.013   1   3     0.000
       4       3     0.013   1   3     0.000
       3       5    -0.212   1   3     0.000
       5       3    -0.268   1   3     0.000
       3       6    -0.327   1   3     0.000
       6       3    -0.378   1   3     0.000
       3       7    -0.162   1   3     0.000
       7       3    -0.185   1   3     0.000
       3       8    -0.399   1   3     0.000
       8       3    -0.427   1   3     0.000
       3       9    -0.535   1   3     0.000
       9       3    -0.578   1   3     0.000
       3      10    -0.056   1   3     0.000
      10       3    -0.025   1   3     0.000
       3      11     0.149   1   3     0.000
      11       3     0.186   1   3     0.000
       3      12     0.035   1   3     0.000
      12       3     0.038   1   3     0.000
       4       5    -0.352   1   3     0.000
       5       4    -0.456   1   3     0.000
       4       6     0.468   1   3     0.000
       6       4     0.520   1   3     0.000
       4       7    -0.082   1   3     0.000
       7       4    -0.078   1   3     0.000
       4       8    -0.173   1   3     0.000
       8       4    -0.176   1   3     0.000
       4       9    -0.014   1   3     0.000
       9       4     0.023   1   3     0.000
       4      10    -0.425   1   3     0.000
      10       4    -0.454   1   3     0.000
       4      11    -0.249   1   3     0.000
      11       4    -0.267   1   3     0.000
       4      12     0.118   1   3     0.000
      12       4     0.144   1   3     0.000
       5       6    -0.062   1   3     0.000
       6       5    -0.063   1   3     0.000
       5       7     0.032   1   3     0.000
       7       5     0.041   1   3     0.000
       5       8     0.071   1   3     0.000
       8       5     0.099   1   3     0.000
       5       9    -0.024   1   3     0.000
       9       5     0.004   1   3     0.000
       5      10     0.025   1   3     0.000
      10       5     0.089   1   3     0.000
       5      11    -0.123   1   3     0.000
      11       5    -0.163   1   3     0.000
       5      12    -0.269   1   3     0.000
      12       5    -0.359   1   3     0.000
       6       7    -0.004   1   3     0.000
       7       6     0.000   1   3     0.000
       6       8     0.027   1   3     0.000
       8       6     0.037   1   3     0.000
       6       9     0.016   1   3     0.000
       9       6     0.071   1   3     0.000
       6      10    -0.027   1   3     0.000
      10       6    -0.073   1   3     0.000
       6      11    -0.129   1   3     0.000
      11       6    -0.247   1   3     0.000
       6      12     0.003   1   3     0.000
      12       6     0.037   1   3     0.000
       7       8     0.037   1   3     0.000
       8       7     0.044   1   3     0.000
       7       9     0.064   1   3     0.000
       9       7     0.095   1   3     0.000
       7      10    -0.172   1   3     0.000
      10       7    -0.225   1   3     0.000
       7      11     0.200   1   3     0.000
      11       7     0.290   1   3     0.000
       7      12    -0.190   1   3     0.000
      12       7    -0.299   1   3     0.000
       8       9     0.127   1   3     0.000
       9       8     0.169   1   3     0.000
       8      10     0.091   1   3     0.000
      10       8     0.162   1   3     0.000
       8      11     0.113   1   3     0.000
      11       8     0.155   1   3     0.000
       8      12     0.233   1   3     0.000
      12       8     0.296   1   3     0.000
       9      10     0.094   1   3     0.000
      10       9     0.104   1   3     0.000
       9      11    -0.044   1   3     0.000
      11       9    -0.029   1   3     0.000
       9      12    -0.024   1   3     0.000
      12       9    -0.016   1   3     0.000
      10      11    -0.058   1   3     0.000
      11      10    -0.057   1   3     0.000
      10      12    -0.016   1   3     0.000
      12      10     0.073   1   3     0.000
      11      12    -0.043   1   3     0.000
      12      11     0.023   1   3     0.000
       1       1     5.428   1   4     6.313     6.313
       2       2     8.608   1   4     9.184     9.184
       3       3    11.145   1   4    11.276    11.276
       4       4    12.991   1   4    13.559    13.559
       5       5    18.726   1   4    17.572    17.572
       6       6    21.886   1   4    20.579    20.579
       7       7    22.925   1   4    21.499    21.499
       8       8    23.461   1   4    22.135    22.135
       9       9    24.275   1   4    23.204    23.204
      10      10    24.830   1   4    23.363    23.363
      11      11    30.926   1   4    28.429    28.429
      12      12    32.460   1   4    30.046    30.046
       1       2     0.031   1   4     0.000
       2       1     0.033   1   4     0.000
       1       3     0.234   1   4     0.000
       3       1     0.260   1   4     0.000
       1       4    -0.068   1   4     0.000
       4       1    -0.030   1   4     0.000
       1       5    -0.035   1   4     0.000
       5       1    -0.040   1   4     0.000
       1       6     0.125   1   4     0.000
       6       1     0.236   1   4     0.000
       1       7    -0.138   1   4     0.000
       7       1    -0.196   1   4     0.000
       1       8     0.108   1   4     0.000
       8       1     0.192   1   4     0.000
       1       9     0.067   1   4     0.000
       9       1     0.120   1   4     0.000
       1      10     0.006   1   4     0.000
      10       1     0.004   1   4     0.000
       1      11    -0.314   1   4     0.000
      11       1    -0.476   1   4     0.000
       1      12    -0.282   1   4     0.000
      12       1    -0.463   1   4     0.000
       2       3     0.122   1   4     0.000
       3       2     0.155   1   4     0.000
       2       4     0.060   1   4     0.000
       4       2     0.075   1   4     0.000
       2       5     0.363   1   4     0.000
       5       2     0.462   1   4     0.000
       2       6     0.093   1   4     0.000
       6       2     0.092   1   4     0.000
       2       7    -0.106   1   4     0.000
       7       2    -0.098   1   4     0.000
       2       8     0.108   1   4     0.000
       8       2     0.191   1   4     0.000
       2       9     0.064   1   4     0.000
       9       2     0.086   1   4     0.000
       2      10    -0.043   1   4     0.000
      10       2    -0.042   1   4     0.000
       2      11     0.145   1   4     0.000
      11       2     0.236   1   4     0.000
       2      12    -0.253   1   4     0.000
      12       2    -0.432   1   4     0.000
       3       4     0.031   1   4     0.000
       4       3     0.019   1   4     0.000
       3       5    -0.012   1   4     0.000
       5       3    -0.023   1   4     0.000
       3       6     0.326   1   4     0.000
       6       3     0.401   1   4     0.000
       3       7    -0.357   1   4     0.000
       7       3    -0.398   1   4     0.000
       3       8     0.335   1   4     0.000
       8       3     0.399   1   4     0.000
       3       9     0.445   1   4     0.000
       9       3     0.532   1   4     0.000
       3      10    -0.004   1   4     0.000
      10       3     0.016   1   4     0.000
       3      11     0.009   1   4     0.000
      11       3    -0.016   1   4     0.000
       3      12     0.066   1   4     0.000
      12       3     0.088   1   4     0.000
       4       5     0.075   1   4     0.000
       5       4     0.058   1   4     0.000
       4       6    -0.146   1   4     0.000
       6       4    -0.150   1   4     0.000
       4       7     0.030   1   4     0.000
       7       4     0.037   1   4     0.000
       4       8     0.191   1   4     0.000
       8       4     0.206   1   4     0.000
       4       9    -0.130   1   4     0.000
       9       4    -0.105   1   4     0.000
       4      10     0.282   1   4     0.000
      10       4     0.264   1   4     0.000
       4      11     0.066   1   4     0.000
      11       4     0.085   1   4     0.000
       4      12    -0.061   1   4     0.000
      12       4    -0.112   1   4     0.000
       5       6    -0.124   1   4     0.000
       6       5    -0.129   1   4     0.000
       5       7     0.130   1   4     0.000
       7       5     0.148   1   4     0.000
       5       8     0.162   1   4     0.000
       8       5     0.192   1   4     0.000
       5       9     0.028   1   4     0.000
       9       5     0.025   1   4     0.000
       5      10    -0.200   1   4     0.000
      10       5    -0.255   1   4     0.000
       5      11     0.150   1   4     0.000
      11       5     0.240   1   4     0.000
       5      12    -0.261   1   4     0.000
      12       5    -0.419   1   4     0.000
       6       7     0.026   1   4     0.000
       7       6     0.023   1   4     0.000
       6       8    -0.029   1   4     0.000
       8       6    -0.033   1   4     0.000
       6       9     0.114   1   4     0.000
       9       6     0.139   1   4     0.000
       6      10    -0.060   1   4     0.000
      10       6    -0.081   1   4     0.000
       6      11    -0.142   1   4     0.000
      11       6    -0.220   1   4     0.000
       6      12    -0.068   1   4     0.000
      12       6    -0.097   1   4     0.000
       7       8    -0.062   1   4     0.000
       8       7    -0.072   1   4     0.000
       7       9    -0.049   1   4     0.000
       9       7    -0.060   1   4     0.000
       7      10    -0.100   1   4     0.000
      10       7    -0.101   1   4     0.000
       7      11     0.165   1   4     0.000
      11       7     0.259   1   4     0.000
       7      12     0.026   1   4     0.000
      12       7     0.040   1   4     0.000
       8       9    -0.019   1   4     0.000
       9       8    -0.018   1   4     0.000
       8      10     0.199   1   4     0.000
      10       8     0.211   1   4     0.000
       8      11     0.093   1   4     0.000
      11       8     0.097   1   4     0.000
       8      12    -0.201   1   4     0.000
      12       8    -0.300   1   4     0.000
       9      10    -0.235   1   4     0.000
      10       9    -0.238   1   4     0.000
       9      11    -0.077   1   4     0.000
      11       9    -0.018   1   4     0.000
       9      12    -0.025   1   4     0.000
      12       9     0.018   1   4     0.000
      10      11    -0.152   1   4     0.000
      11      10    -0.133   1   4     0.000
      10      12     0.192   1   4     0.000
      12      10     0.283   1   4     0.000
      11      12     0.127   1   4     0.000
      12      11     0.126   1   4     0.000
       1       1     6.313   1   5     7.298     7.298
       2       2     7.666   1   5     8.370     8.370
       3       3    11.102   1   5    11.186    11.186
       4       4    11.846   1   5    12.202    12.202
       5       5    19.724   1   5    18.402    18.402
       6       6    21.534   1   5    20.190    20.190
       7       7    21.995   1   5    20.746    20.746
       8       8    22.838   1   5    21.544    21.544
       9       9    26.002   1   5    24.590    24.590
      10      10    27.788   1   5    26.297    26.297
      11      11    30.098   1   5    28.295    28.295
      12      12    32.068   1   5    29.894    29.894
       1       2     0.080   1   5     0.000
       2       1     0.078   1   5     0.000
       1       3     0.015   1   5     0.000
       3       1     0.025   1   5     0.000
       1       4     0.116   1   5     0.000
       4       1     0.084   1   5     0.000
       1       5     0.035   1   5     0.000
       5       1     0.085   1   5     0.000
       1       6    -0.006   1   5     0.000
       6       1    -0.043   1   5     0.000
       1       7     0.094   1   5     0.000
       7       1     0.110   1   5     0.000
       1       8     0.111   1   5     0.000
       8       1     0.126   1   5     0.000
       1       9     0.039   1   5     0.000
       9       1     0.066   1   5     0.000
       1      10    -0.079   1   5     0.000
      10       1    -0.013   1   5     0.000
       1      11     0.062   1   5     0.000
      11       1     0.040   1   5     0.000
       1      12     0.275   1   5     0.000
      12       1     0.373   1   5     0.000
       2       3     0.056   1   5     0.000
       3       2     0.079   1   5     0.000
       2       4     0.000   1   5     0.000
       4       2     0.020   1   5     0.000
       2       5     0.279   1   5     0.000
       5       2     0.310   1   5     0.000
       2       6     0.144   1   5     0.000
       6       2     0.185   1   5     0.000
       2       7    -0.108   1   5     0.000
       7       2    -0.085   1   5     0.000
       2       8     0.019   1   5     0.000
       8       2    -0.029   1   5     0.000
       2       9    -0.142   1   5     0.000
       9       2    -0.169   1   5     0.000
       2      10    -0.033   1   5     0.000
      10       2    -0.057   1   5     0.000
       2      11    -0.281   1   5     0.000
      11       2    -0.398   1   5     0.000
       2      12     0.025   1   5     0.000
      12       2    -0.038   1   5     0.000
       3       4     0.056   1   5     0.000
       4       3     0.054   1   5     0.000
       3       5     0.057   1   5     0.000
       5       3     0.076   1   5     0.000
       3       6     0.493   1   5     0.000
       6       3     0.638   1   5     0.000
       3       7     0.064   1   5     0.000
       7       3     0.128   1   5     0.000
       3       8    -0.224   1   5     0.000
       8       3    -0.257   1   5     0.000
       3       9    -0.449   1   5     0.000
       9       3    -0.442   1   5     0.000
       3      10    -0.168   1   5     0.000
      10       3    -0.168   1   5     0.000
       3      11    -0.129   1   5     0.000
      11       3    -0.206   1   5     0.000
       3      12    -0.116   1   5     0.000
      12       3    -0.161   1   5     0.000
       4       5     0.386   1   5     0.000
       5       4     0.432   1   5     0.000
       4       6    -0.224   1   5     0.000
       6       4    -0.243   1   5     0.000
       4       7     0.201   1   5     0.000
       7       4     0.224   1   5     0.000
       4       8    -0.306   1   5     0.000
       8       4    -0.339   1   5     0.000
       4       9    -0.059   1   5     0.000
       9       4    -0.059   1   5     0.000
       4      10     0.383   1   5     0.000
      10       4     0.335   1   5     0.000
       4      11    -0.299   1   5     0.000
      11       4    -0.361   1   5     0.000
       4      12     0.174   1   5     0.000
      12       4     0.269   1   5     0.000
       5       6    -0.069   1   5     0.000
       6       5    -0.075   1   5     0.000
       5       7     0.048   1   5     0.000
       7       5     0.047   1   5     0.000
       5       8    -0.081   1   5     0.000
       8       5    -0.095   1   5     0.000
       5       9     0.018   1   5     0.000
       9       5     0.014   1   5     0.000
       5      10    -0.109   1   5     0.000
      10       5    -0.095   1   5     0.000
       5      11    -0.228   1   5     0.000
      11       5    -0.410   1   5     0.000
       5      12     0.180   1   5     0.000
      12       5     0.288   1   5     0.000
       6       7    -0.040   1   5     0.000
       7       6    -0.050   1   5     0.000
       6       8    -0.022   1   5     0.000
       8       6    -0.027   1   5     0.000
       6       9    -0.047   1   5     0.000
       9       6    -0.112   1   5     0.000
       6      10    -0.080   1   5     0.000
      10       6    -0.150   1   5     0.000
       6      11    -0.086   1   5     0.000
      11       6    -0.117   1   5     0.000
       6      12    -0.069   1   5     0.000
      12       6    -0.135   1   5     0.000
       7       8    -0.052   1   5     0.000
       8       7    -0.058   1   5     0.000
       7       9    -0.057   1   5     0.000
       9       7    -0.078   1   5     0.000
       7      10     0.086   1   5     0.000
      10       7     0.133   1   5     0.000
       7      11     0.238   1   5     0.000
      11       7     0.329   1   5     0.000
       7      12     0.283   1   5     0.000
      12       7     0.454   1   5     0.000
       8       9     0.051   1   5     0.000
       9       8     0.078   1   5     0.000
       8      10    -0.121   1   5     0.000
      10       8    -0.188   1   5     0.000
       8      11    -0.052   1   5     0.000
      11       8    -0.042   1   5     0.000
       8      12     0.153   1   5     0.000
      12       8     0.239   1   5     0.000
       9      10    -0.047   1   5     0.000
      10       9    -0.056   1   5     0.000
       9      11    -0.086   1   5     0.000
      11       9    -0.068   1   5     0.000
       9      12     0.006   1   5     0.000
      12       9    -0.009   1   5     0.000
      10      11     0.199   1   5     0.000
      11      10     0.157   1   5     0.000
      10      12    -0.109   1   5     0.000
      12      10    -0.059   1   5     0.000
      11      12     0.041   1   5     0.000
      12      11     0.056   1   5     0.000
       1       1     4.135   1   6     5.002     5.002
       2       2    10.268   1   6    10.747    10.747
       3       3    12.195   1   6    12.463    12.463
       4       4    13.876   1   6    14.422    14.422
       5       5    19.425   1   6    18.393    18.393
       6       6    20.389   1   6    19.139    19.139
       7       7    21.376   1   6    20.020    20.020
       8       8    22.506   1   6    21.042    21.042
       9       9    24.035   1   6    22.294    22.294
      10      10    27.592   1   6    25.774    25.774
      11      11    28.081   1   6    26.521    26.521
      12      12    29.718   1   6    27.698    27.698
       1       2     0.083   1   6     0.000
       2       1     0.082   1   6     0.000
       1       3    -0.161   1   6     0.000
       3       1    -0.218   1   6     0.000
       1       4    -0.026   1   6     0.000
       4       1    -0.014   1   6     0.000
       1       5     0.059   1   6     0.000
       5       1     0.091   1   6     0.000
       1       6     0.169   1   6     0.000
       6       1     0.297   1   6     0.000
       1       7     0.212   1   6     0.000
       7       1     0.301   1   6     0.000
       1       8     0.099   1   6     0.000
       8       1     0.146   1   6     0.000
       1       9     0.029   1   6     0.000
       9       1     0.032   1   6     0.000
       1      10     0.452   1   6     0.000
      10       1     0.722   1   6     0.000
       1      11     0.051   1   6     0.000
      11       1     0.085   1   6     0.000
       1      12     0.112   1   6     0.000
      12       1     0.201   1   6     0.000
       2       3    -0.067   1   6     0.000
       3       2    -0.079   1   6     0.000
       2       4     0.069   1   6     0.000
       4       2     0.077   1   6     0.000
       2       5     0.365   1   6     0.000
       5       2     0.428   1   6     0.000
       2       6     0.034   1   6     0.000
       6       2     0.018   1   6     0.000
       2       7     0.091   1   6     0.000
       7       2     0.084   1   6     0.000
       2       8     0.142   1   6     0.000
       8       2     0.196   1   6     0.000
       2       9     0.071   1   6     0.000
       9       2     0.083   1   6     0.000
       2      10    -0.003   1   6     0.000
      10       2    -0.068   1   6     0.000
       2      11    -0.011   1   6     0.000
      11       2     0.170   1   6     0.000
       2      12     0.311   1   6     0.000
      12       2     0.468   1   6     0.000
       3       4    -0.014   1   6     0.000
       4       3    -0.006   1   6     0.000
       3       5    -0.046   1   6     0.000
       5       3    -0.037   1   6     0.000
       3       6    -0.279   1   6     0.000
       6       3    -0.319   1   6     0.000
       3       7    -0.388   1   6     0.000
       7       3    -0.416   1   6     0.000
       3       8    -0.188   1   6     0.000
       8       3    -0.193   1   6     0.000
       3       9    -0.087   1   6     0.000
       9       3    -0.105   1   6     0.000
       3      10    -0.244   1   6     0.000
      10       3    -0.324   1   6     0.000
       3      11    -0.062   1   6     0.000
      11       3    -0.032   1   6     0.000
       3      12    -0.104   1   6     0.000
      12       3    -0.143   1   6     0.000
       4       5     0.044   1   6     0.000
       5       4     0.030   1   6     0.000
       4       6    -0.025   1   6     0.000
       6       4    -0.021   1   6     0.000
       4       7    -0.051   1   6     0.000
       7       4    -0.061   1   6     0.000
       4       8     0.130   1   6     0.000
       8       4     0.139   1   6     0.000
       4       9    -0.193   1   6     0.000
       9       4    -0.195   1   6     0.000
       4      10    -0.047   1   6     0.000
      10       4    -0.031   1   6     0.000
       4      11    -0.008   1   6     0.000
      11       4    -0.005   1   6     0.000
       4      12     0.053   1   6     0.000
      12       4     0.073   1   6     0.000
       5       6    -0.073   1   6     0.000
       6       5    -0.072   1   6     0.000
       5       7    -0.031   1   6     0.000
       7       5    -0.029   1   6     0.000
       5       8     0.262   1   6     0.000
       8       5     0.293   1   6     0.000
       5       9     0.183   1   6     0.000
       9       5     0.213   1   6     0.000
       5      10     0.028   1   6     0.000
      10       5     0.006   1   6     0.000
       5      11     0.103   1   6     0.000
      11       5     0.120   1   6     0.000
       5      12     0.123   1   6     0.000
      12       5     0.156   1   6     0.000
       6       7     0.002   1   6     0.000
       7       6     0.002   1   6     0.000
       6       8    -0.087   1   6     0.000
       8       6    -0.100   1   6     0.000
       6       9     0.054   1   6     0.000
       9       6     0.063   1   6     0.000
       6      10     0.154   1   6     0.000
      10       6     0.235   1   6     0.000
       6      11    -0.055   1   6     0.000
      11       6    -0.063   1   6     0.000
       6      12     0.027   1   6     0.000
      12       6     0.054   1   6     0.000
       7       8    -0.059   1   6     0.000
       8       7    -0.057   1   6     0.000
       7       9    -0.148   1   6     0.000
       9       7    -0.158   1   6     0.000
       7      10     0.204   1   6     0.000
      10       7     0.329   1   6     0.000
       7      11    -0.058   1   6     0.000
      11       7    -0.051   1   6     0.000
       7      12     0.031   1   6     0.000
      12       7     0.081   1   6     0.000
       8       9    -0.207   1   6     0.000
       9       8    -0.221   1   6     0.000
       8      10    -0.054   1   6     0.000
      10       8    -0.038   1   6     0.000
       8      11     0.247   1   6     0.000
      11       8     0.330   1   6     0.000
       8      12     0.200   1   6     0.000
      12       8     0.268   1   6     0.000
       9      10    -0.066   1   6     0.000
      10       9    -0.068   1   6     0.000
       9      11     0.165   1   6     0.000
      11       9     0.209   1   6     0.000
       9      12     0.125   1   6     0.000
      12       9     0.160   1   6     0.000
      10      11    -0.019   1   6     0.000
      11      10    -0.011   1   6     0.000
      10      12    -0.329   1   6     0.000
      12      10    -0.328   1   6     0.000
      11      12     0.058   1   6     0.000
      12      11     0.046   1   6     0.000
       1       1     5.127   1   7     5.957     5.957
       2       2     8.701   1   7     9.577     9.577
       3       3    11.336   1   7    11.591    11.591
       4       4    13.042   1   7    13.512    13.512
       5       5    19.632   1   7    18.362    18.362
       6       6    20.517   1   7    19.362    19.362
       7       7    22.159   1   7    20.795    20.795
       8       8    22.857   1   7    21.767    21.767
       9       9    25.310   1   7    23.816    23.816
      10      10    25.928   1   7    24.468    24.468
      11      11    30.148   1   7    28.088    28.088
      12      12    31.171   1   7    29.350    29.350
       1       2    -0.074   1   7     0.000
       2       1    -0.014   1   7     0.000
       1       3    -0.264   1   7     0.000
       3       1    -0.304   1   7     0.000
       1       4     0.115   1   7     0.000
       4       1     0.068   1   7     0.000
       1       5    -0.048   1   7     0.000
       5       1    -0.046   1   7     0.000
       1       6     0.288   1   7     0.000
       6       1     0.364   1   7     0.000
       1       7    -0.093   1   7     0.000
       7       1    -0.084   1   7     0.000
       1       8    -0.267   1   7     0.000
       8       1    -0.292   1   7     0.000
       1       9     0.073   1   7     0.000
       9       1     0.057   1   7     0.000
       1      10    -0.310   1   7     0.000
      10       1    -0.278   1   7     0.000
       1      11     0.254   1   7     0.000
      11       1     0.474   1   7     0.000
       1      12     0.198   1   7     0.000
      12       1     0.323   1   7     0.000
       2       3    -0.104   1   7     0.000
       3       2    -0.118   1   7     0.000
       2       4    -0.055   1   7     0.000
       4       2    -0.055   1   7     0.000
       2       5    -0.364   1   7     0.000
       5       2    -0.429   1   7     0.000
       2       6     0.103   1   7     0.000
       6       2     0.107   1   7     0.000
       2       7     0.019   1   7     0.000
       7       2    -0.019   1   7     0.000
       2       8    -0.068   1   7     0.000
       8       2    -0.076   1   7     0.000
       2       9     0.068   1   7     0.000
       9       2     0.096   1   7     0.000
       2      10    -0.133   1   7     0.000
      10       2    -0.073   1   7     0.000
       2      11    -0.157   1   7     0.000
      11       2    -0.314   1   7     0.000
       2      12    -0.100   1   7     0.000
      12       2    -0.081   1   7     0.000
       3       4    -0.029   1   7     0.000
       4       3    -0.028   1   7     0.000
       3       5    -0.094   1   7     0.000
       5       3    -0.105   1   7     0.000
       3       6    -0.330   1   7     0.000
       6       3    -0.395   1   7     0.000
       3       7     0.097   1   7     0.000
       7       3     0.104   1   7     0.000
       3       8     0.453   1   7     0.000
       8       3     0.540   1   7     0.000
       3       9    -0.108   1   7     0.000
       9       3    -0.074   1   7     0.000
       3      10     0.508   1   7     0.000
      10       3     0.535   1   7     0.000
       3      11     0.100   1   7     0.000
      11       3     0.145   1   7     0.000
       3      12     0.023   1   7     0.000
      12       3     0.030   1   7     0.000
       4       5     0.290   1   7     0.000
       5       4     0.312   1   7     0.000
       4       6     0.170   1   7     0.000
       6       4     0.205   1   7     0.000
       4       7     0.300   1   7     0.000
       7       4     0.336   1   7     0.000
       4       8     0.087   1   7     0.000
       8       4     0.102   1   7     0.000
       4       9     0.223   1   7     0.000
       9       4     0.187   1   7     0.000
       4      10    -0.065   1   7     0.000
      10       4    -0.075   1   7     0.000
       4      11     0.075   1   7     0.000
      11       4     0.131   1   7     0.000
       4      12    -0.101   1   7     0.000
      12       4    -0.141   1   7     0.000
       5       6     0.092   1   7     0.000
       6       5     0.096   1   7     0.000
       5       7     0.176   1   7     0.000
       7       5     0.201   1   7     0.000
       5       8    -0.012   1   7     0.000
       8       5    -0.012   1   7     0.000
       5       9    -0.225   1   7     0.000
       9       5    -0.276   1   7     0.000
       5      10    -0.019   1   7     0.000
      10       5    -0.004   1   7     0.000
       5      11     0.148   1   7     0.000
      11       5     0.224   1   7     0.000
       5      12    -0.209   1   7     0.000
      12       5    -0.284   1   7     0.000
       6       7     0.069   1   7     0.000
       7       6     0.054   1   7     0.000
       6       8     0.037   1   7     0.000
       8       6     0.036   1   7     0.000
       6       9     0.036   1   7     0.000
       9       6     0.050   1   7     0.000
       6      10    -0.123   1   7     0.000
      10       6    -0.213   1   7     0.000
       6      11     0.167   1   7     0.000
      11       6     0.298   1   7     0.000
       6      12     0.006   1   7     0.000
      12       6    -0.058   1   7     0.000
       7       8     0.095   1   7     0.000
       8       7     0.107   1   7     0.000
       7       9     0.137   1   7     0.000
       9       7     0.175   1   7     0.000
       7      10     0.035   1   7     0.000
      10       7     0.048   1   7     0.000
       7      11     0.143   1   7     0.000
      11       7     0.210   1   7     0.000
       7      12    -0.237   1   7     0.000
      12       7    -0.439   1   7     0.000
       8       9     0.056   1   7     0.000
       9       8     0.029   1   7     0.000
       8      10     0.175   1   7     0.000
      10       8     0.225   1   7     0.000
       8      11    -0.090   1   7     0.000
      11       8    -0.223   1   7     0.000
       8      12    -0.023   1   7     0.000
      12       8    -0.018   1   7     0.000
       9      10    -0.075   1   7     0.000
      10       9    -0.085   1   7     0.000
       9      11    -0.153   1   7     0.000
      11       9    -0.222   1   7     0.000
       9      12     0.221   1   7     0.000
      12       9     0.383   1   7     0.000
      10      11     0.050   1   7     0.000
      11      10     0.111   1   7     0.000
      10      12    -0.006   1   7     0.000
      12      10    -0.007   1   7     0.000
      11      12     0.095   1   7     0.000
      12      11     0.081   1   7     0.000
       1       1     4.099   1   8     5.024     5.024
       2       2    10.422   1   8    11.159    11.159
       3       3    12.606   1   8    13.019    13.019
       4       4    12.859   1   8    13.353    13.353
       5       5    18.007   1   8    16.834    16.834
       6       6    19.934   1   8    18.452    18.452
       7       7    22.247   1   8    21.114    21.114
       8       8    22.787   1   8    21.641    21.641
       9       9    25.601   1   8    24.470    24.470
      10      10    26.872   1   8    25.379    25.379
      11      11    28.838   1   8    26.963    26.963
      12      12    30.765   1   8    28.517    28.517
       1       2    -0.035   1   8     0.000
       2       1    -0.041   1   8     0.000
       1       3     0.019   1   8     0.000
       3       1     0.098   1   8     0.000
       1       4     0.084   1   8     0.000
       4       1     0.024   1   8     0.000
       1       5     0.428   1   8     0.000
       5       1     0.545   1   8     0.000
       1       6     0.100   1   8     0.000
       6       1     0.103   1   8     0.000
       1       7    -0.074   1   8     0.000
       7       1    -0.078   1   8     0.000
       1       8    -0.069   1   8     0.000
       8       1    -0.121   1   8     0.000
       1       9    -0.025   1   8     0.000
       9       1    -0.062   1   8     0.000
       1      10    -0.009   1   8     0.000
      10       1    -0.014   1   8     0.000
       1      11     0.510   1   8     0.000
      11       1     0.902   1   8     0.000
       1      12    -0.165   1   8     0.000
      12       1    -0.317   1   8     0.000
       2       3    -0.178   1   8     0.000
       3       2    -0.171   1   8     0.000
       2       4    -0.041   1   8     0.000
       4       2    -0.037   1   8     0.000
       2       5    -0.109   1   8     0.000
       5       2    -0.121   1   8     0.000
       2       6     0.029   1   8     0.000
       6       2     0.044   1   8     0.000
       2       7     0.190   1   8     0.000
       7       2     0.219   1   8     0.000
       2       8     0.081   1   8     0.000
       8       2     0.091   1   8     0.000
       2       9     0.064   1   8     0.000
       9       2    -0.019   1   8     0.000
       2      10     0.032   1   8     0.000
      10       2    -0.065   1   8     0.000
       2      11     0.004   1   8     0.000
      11       2     0.018   1   8     0.000
       2      12     0.175   1   8     0.000
      12       2     0.317   1   8     0.000
       3       4     0.064   1   8     0.000
       4       3     0.064   1   8     0.000
       3       5     0.199   1   8     0.000
       5       3     0.204   1   8     0.000
       3       6     0.108   1   8     0.000
       6       3     0.121   1   8     0.000
       3       7    -0.219   1   8     0.000
       7       3    -0.232   1   8     0.000
       3       8    -0.304   1   8     0.000
       8       3    -0.334   1   8     0.000
       3       9    -0.066   1   8     0.000
       9       3    -0.073   1   8     0.000
       3      10     0.008   1   8     0.000
      10       3    -0.004   1   8     0.000
       3      11     0.146   1   8     0.000
      11       3     0.188   1   8     0.000
       3      12    -0.152   1   8     0.000
      12       3    -0.250   1   8     0.000
       4       5     0.082   1   8     0.000
       5       4     0.093   1   8     0.000
       4       6     0.031   1   8     0.000
       6       4     0.033   1   8     0.000
       4       7    -0.297   1   8     0.000
       7       4    -0.327   1   8     0.000
       4       8     0.117   1   8     0.000
       8       4     0.135   1   8     0.000
       4       9     0.011   1   8     0.000
       9       4    -0.013   1   8     0.000
       4      10    -0.047   1   8     0.000
      10       4     0.016   1   8     0.000
       4      11    -0.009   1   8     0.000
      11       4     0.004   1   8     0.000
       4      12    -0.091   1   8     0.000
      12       4    -0.247   1   8     0.000
       5       6     0.066   1   8     0.000
       6       5     0.062   1   8     0.000
       5       7     0.045   1   8     0.000
       7       5     0.056   1   8     0.000
       5       8     0.029   1   8     0.000
       8       5     0.031   1   8     0.000
       5       9    -0.086   1   8     0.000
       9       5    -0.116   1   8     0.000
       5      10    -0.052   1   8     0.000
      10       5    -0.070   1   8     0.000
       5      11     0.360   1   8     0.000
      11       5     0.613   1   8     0.000
       5      12    -0.057   1   8     0.000
      12       5    -0.059   1   8     0.000
       6       7    -0.196   1   8     0.000
       7       6    -0.226   1   8     0.000
       6       8    -0.036   1   8     0.000
       8       6    -0.037   1   8     0.000
       6       9     0.362   1   8     0.000
       9       6     0.493   1   8     0.000
       6      10     0.137   1   8     0.000
      10       6     0.186   1   8     0.000
       6      11    -0.065   1   8     0.000
      11       6    -0.048   1   8     0.000
       6      12    -0.193   1   8     0.000
      12       6    -0.294   1   8     0.000
       7       8    -0.009   1   8     0.000
       8       7    -0.009   1   8     0.000
       7       9     0.017   1   8     0.000
       9       7     0.030   1   8     0.000
       7      10    -0.083   1   8     0.000
      10       7    -0.058   1   8     0.000
       7      11    -0.061   1   8     0.000
      11       7    -0.083   1   8     0.000
       7      12     0.028   1   8     0.000
      12       7    -0.005   1   8     0.000
       8       9    -0.083   1   8     0.000
       9       8    -0.101   1   8     0.000
       8      10     0.133   1   8     0.000
      10       8     0.156   1   8     0.000
       8      11    -0.071   1   8     0.000
      11       8    -0.091   1   8     0.000
       8      12     0.043   1   8     0.000
      12       8     0.040   1   8     0.000
       9      10    -0.141   1   8     0.000
      10       9    -0.136   1   8     0.000
       9      11    -0.005   1   8     0.000
      11       9    -0.016   1   8     0.000
       9      12    -0.023   1   8     0.000
      12       9    -0.033   1   8     0.000
      10      11    -0.004   1   8     0.000
      11      10    -0.009   1   8     0.000
      10      12    -0.010   1   8     0.000
      12      10    -0.043   1   8     0.000
      11      12     0.076   1   8     0.000
      12      11     0.060   1   8     0.000
