       1       1     7.261   1   1     5.448     5.448
       2       2    12.586   1   1    10.187    10.187
       3       3    14.532   1   1    12.056    12.056
       4       4    16.529   1   1    13.849    13.849
       5       5    22.684   1   1    18.678    18.678
       6       6    22.875   1   1    18.851    18.851
       7       7    24.519   1   1    20.375    20.375
       8       8    25.361   1   1    21.155    21.155
       9       9    27.755   1   1    23.388    23.388
      10      10    30.147   1   1    25.674    25.674
      11      11    32.549   1   1    27.582    27.582
      12      12    33.120   1   1    28.023    28.023
       1       2     0.059   1   1     0.000
       2       1     0.026   1   1     0.000
       1       3     0.094   1   1     0.000
       3       1     0.034   1   1     0.000
       1       4     0.044   1   1     0.000
       4       1     0.034   1   1     0.000
       1       5    -0.011   1   1     0.000
       5       1    -0.043   1   1     0.000
       1       6    -0.019   1   1     0.000
       6       1     0.072   1   1     0.000
       1       7     0.013   1   1     0.000
       7       1    -0.032   1   1     0.000
       1       8     0.013   1   1     0.000
       8       1    -0.070   1   1     0.000
       1       9     0.027   1   1     0.000
       9       1    -0.029   1   1     0.000
       1      10    -0.111   1   1     0.000
      10       1    -0.268   1   1     0.000
       1      11    -0.087   1   1     0.000
      11       1     0.014   1   1     0.000
       1      12    -0.108   1   1     0.000
      12       1    -0.036   1   1     0.000
       2       3    -0.145   1   1     0.000
       3       2    -0.147   1   1     0.000
       2       4    -0.040   1   1     0.000
       4       2    -0.046   1   1     0.000
       2       5    -0.060   1   1     0.000
       5       2    -0.120   1   1     0.000
       2       6     0.036   1   1     0.000
       6       2     0.020   1   1     0.000
       2       7     0.012   1   1     0.000
       7       2    -0.024   1   1     0.000
       2       8    -0.071   1   1     0.000
       8       2    -0.082   1   1     0.000
       2       9    -0.023   1   1     0.000
       9       2    -0.075   1   1     0.000
       2      10    -0.008   1   1     0.000
      10       2    -0.043   1   1     0.000
       2      11     0.174   1   1     0.000
      11       2    -0.004   1   1     0.000
       2      12    -0.062   1   1     0.000
      12       2    -0.147   1   1     0.000
       3       4    -0.034   1   1     0.000
       4       3    -0.037   1   1     0.000
       3       5     0.082   1   1     0.000
       5       3     0.088   1   1     0.000
       3       6     0.059   1   1     0.000
       6       3     0.021   1   1     0.000
       3       7     0.027   1   1     0.000
       7       3     0.034   1   1     0.000
       3       8     0.024   1   1     0.000
       8       3     0.077   1   1     0.000
       3       9     0.020   1   1     0.000
       9       3     0.023   1   1     0.000
       3      10     0.061   1   1     0.000
      10       3     0.180   1   1     0.000
       3      11     0.055   1   1     0.000
      11       3     0.064   1   1     0.000
       3      12     0.034   1   1     0.000
      12       3     0.131   1   1     0.000
       4       5    -0.029   1   1     0.000
       5       4    -0.045   1   1     0.000
       4       6    -0.005   1   1     0.000
       6       4    -0.011   1   1     0.000
       4       7     0.043   1   1     0.000
       7       4     0.016   1   1     0.000
       4       8    -0.023   1   1     0.000
       8       4    -0.020   1   1     0.000
       4       9     0.016   1   1     0.000
       9       4    -0.001   1   1     0.000
       4      10     0.004   1   1     0.000
      10       4     0.002   1   1     0.000
       4      11     0.008   1   1     0.000
      11       4    -0.053   1   1     0.000
       4      12    -0.035   1   1     0.000
      12       4    -0.048   1   1     0.000
       5       6     0.021   1   1     0.000
       6       5     0.020   1   1     0.000
       5       7    -0.054   1   1     0.000
       7       5    -0.040   1   1     0.000
       5       8    -0.034   1   1     0.000
       8       5    -0.032   1   1     0.000
       5       9    -0.152   1   1     0.000
       9       5    -0.115   1   1     0.000
       5      10    -0.101   1   1     0.000
      10       5    -0.089   1   1     0.000
       5      11    -0.078   1   1     0.000
      11       5    -0.069   1   1     0.000
       5      12    -0.084   1   1     0.000
      12       5    -0.120   1   1     0.000
       6       7    -0.055   1   1     0.000
       7       6    -0.042   1   1     0.000
       6       8     0.005   1   1     0.000
       8       6     0.006   1   1     0.000
       6       9    -0.007   1   1     0.000
       9       6    -0.020   1   1     0.000
       6      10     0.124   1   1     0.000
      10       6     0.017   1   1     0.000
       6      11    -0.122   1   1     0.000
      11       6    -0.048   1   1     0.000
       6      12    -0.097   1   1     0.000
      12       6    -0.091   1   1     0.000
       7       8    -0.080   1   1     0.000
       8       7    -0.079   1   1     0.000
       7       9     0.038   1   1     0.000
       9       7     0.003   1   1     0.000
       7      10    -0.026   1   1     0.000
      10       7    -0.018   1   1     0.000
       7      11    -0.198   1   1     0.000
      11       7    -0.064   1   1     0.000
       7      12    -0.060   1   1     0.000
      12       7    -0.080   1   1     0.000
       8       9    -0.047   1   1     0.000
       9       8    -0.071   1   1     0.000
       8      10    -0.055   1   1     0.000
      10       8     0.049   1   1     0.000
       8      11    -0.030   1   1     0.000
      11       8    -0.058   1   1     0.000
       8      12    -0.028   1   1     0.000
      12       8    -0.025   1   1     0.000
       9      10    -0.029   1   1     0.000
      10       9    -0.027   1   1     0.000
       9      11    -0.114   1   1     0.000
      11       9    -0.051   1   1     0.000
       9      12    -0.021   1   1     0.000
      12       9    -0.025   1   1     0.000
      10      11    -0.006   1   1     0.000
      11      10    -0.048   1   1     0.000
      10      12     0.055   1   1     0.000
      12      10     0.012   1   1     0.000
      11      12    -0.152   1   1     0.000
      12      11    -0.157   1   1     0.000
       1       1     6.327   1   2     4.476     4.476
       2       2    14.743   1   2    12.126    12.126
       3       3    16.235   1   2    13.566    13.566
       4       4    16.596   1   2    13.962    13.962
       5       5    21.055   1   2    17.224    17.224
       6       6    23.388   1   2    19.294    19.294
       7       7    24.360   1   2    20.158    20.158
       8       8    24.831   1   2    20.523    20.523
       9       9    27.706   1   2    23.231    23.231
      10      10    29.188   1   2    24.472    24.472
      11      11    30.535   1   2    25.901    25.901
      12      12    32.417   1   2    27.508    27.508
       1       2     0.026   1   2     0.000
       2       1     0.007   1   2     0.000
       1       3     0.013   1   2     0.000
       3       1     0.002   1   2     0.000
       1       4    -0.062   1   2     0.000
       4       1    -0.049   1   2     0.000
       1       5     0.081   1   2     0.000
       5       1    -0.076   1   2     0.000
       1       6    -0.040   1   2     0.000
       6       1    -0.005   1   2     0.000
       1       7    -0.005   1   2     0.000
       7       1     0.010   1   2     0.000
       1       8     0.026   1   2     0.000
       8       1    -0.038   1   2     0.000
       1       9    -0.023   1   2     0.000
       9       1     0.031   1   2     0.000
       1      10    -0.006   1   2     0.000
      10       1    -0.015   1   2     0.000
       1      11     0.163   1   2     0.000
      11       1    -0.235   1   2     0.000
       1      12    -0.063   1   2     0.000
      12       1     0.067   1   2     0.000
       2       3     0.000   1   2     0.000
       3       2     0.012   1   2     0.000
       2       4    -0.079   1   2     0.000
       4       2    -0.074   1   2     0.000
       2       5     0.031   1   2     0.000
       5       2     0.033   1   2     0.000
       2       6    -0.094   1   2     0.000
       6       2    -0.078   1   2     0.000
       2       7    -0.121   1   2     0.000
       7       2    -0.140   1   2     0.000
       2       8     0.019   1   2     0.000
       8       2     0.033   1   2     0.000
       2       9    -0.031   1   2     0.000
       9       2     0.026   1   2     0.000
       2      10     0.034   1   2     0.000
      10       2    -0.032   1   2     0.000
       2      11     0.008   1   2     0.000
      11       2     0.004   1   2     0.000
       2      12     0.032   1   2     0.000
      12       2    -0.118   1   2     0.000
       3       4    -0.061   1   2     0.000
       4       3    -0.061   1   2     0.000
       3       5     0.104   1   2     0.000
       5       3     0.099   1   2     0.000
       3       6     0.051   1   2     0.000
       6       3     0.029   1   2     0.000
       3       7    -0.043   1   2     0.000
       7       3    -0.047   1   2     0.000
       3       8     0.070   1   2     0.000
       8       3     0.065   1   2     0.000
       3       9    -0.034   1   2     0.000
       9       3    -0.066   1   2     0.000
       3      10    -0.011   1   2     0.000
      10       3    -0.018   1   2     0.000
       3      11    -0.017   1   2     0.000
      11       3     0.012   1   2     0.000
       3      12     0.019   1   2     0.000
      12       3    -0.025   1   2     0.000
       4       5     0.027   1   2     0.000
       5       4     0.011   1   2     0.000
       4       6    -0.118   1   2     0.000
       6       4    -0.121   1   2     0.000
       4       7    -0.010   1   2     0.000
       7       4    -0.003   1   2     0.000
       4       8    -0.041   1   2     0.000
       8       4    -0.028   1   2     0.000
       4       9     0.037   1   2     0.000
       9       4     0.064   1   2     0.000
       4      10    -0.038   1   2     0.000
      10       4     0.015   1   2     0.000
       4      11     0.047   1   2     0.000
      11       4     0.037   1   2     0.000
       4      12     0.003   1   2     0.000
      12       4     0.070   1   2     0.000
       5       6    -0.142   1   2     0.000
       6       5    -0.142   1   2     0.000
       5       7    -0.035   1   2     0.000
       7       5    -0.035   1   2     0.000
       5       8     0.027   1   2     0.000
       8       5     0.027   1   2     0.000
       5       9     0.034   1   2     0.000
       9       5     0.018   1   2     0.000
       5      10    -0.013   1   2     0.000
      10       5    -0.005   1   2     0.000
       5      11    -0.264   1   2     0.000
      11       5    -0.093   1   2     0.000
       5      12     0.073   1   2     0.000
      12       5     0.043   1   2     0.000
       6       7    -0.042   1   2     0.000
       7       6    -0.035   1   2     0.000
       6       8     0.051   1   2     0.000
       8       6     0.053   1   2     0.000
       6       9     0.143   1   2     0.000
       9       6     0.057   1   2     0.000
       6      10    -0.038   1   2     0.000
      10       6    -0.015   1   2     0.000
       6      11    -0.012   1   2     0.000
      11       6    -0.002   1   2     0.000
       6      12    -0.155   1   2     0.000
      12       6    -0.110   1   2     0.000
       7       8    -0.030   1   2     0.000
       8       7    -0.031   1   2     0.000
       7       9     0.031   1   2     0.000
       9       7     0.026   1   2     0.000
       7      10    -0.083   1   2     0.000
      10       7    -0.087   1   2     0.000
       7      11    -0.039   1   2     0.000
      11       7    -0.085   1   2     0.000
       7      12    -0.208   1   2     0.000
      12       7    -0.168   1   2     0.000
       8       9     0.087   1   2     0.000
       9       8     0.100   1   2     0.000
       8      10     0.002   1   2     0.000
      10       8     0.003   1   2     0.000
       8      11    -0.109   1   2     0.000
      11       8    -0.104   1   2     0.000
       8      12     0.055   1   2     0.000
      12       8     0.045   1   2     0.000
       9      10    -0.075   1   2     0.000
      10       9    -0.076   1   2     0.000
       9      11     0.078   1   2     0.000
      11       9     0.073   1   2     0.000
       9      12    -0.067   1   2     0.000
      12       9    -0.090   1   2     0.000
      10      11    -0.033   1   2     0.000
      11      10    -0.032   1   2     0.000
      10      12    -0.106   1   2     0.000
      12      10    -0.100   1   2     0.000
      11      12    -0.019   1   2     0.000
      12      11    -0.046   1   2     0.000
       1       1     9.223   1   3     7.162     7.162
       2       2    10.567   1   3     8.517     8.517
       3       3    13.841   1   3    11.305    11.305
       4       4    14.713   1   3    12.095    12.095
       5       5    22.769   1   3    18.904    18.904
       6       6    23.682   1   3    19.647    19.647
       7       7    24.287   1   3    20.191    20.191
       8       8    26.301   1   3    22.113    22.113
       9       9    28.831   1   3    24.600    24.600
      10      10    31.723   1   3    26.631    26.631
      11      11    33.414   1   3    28.036    28.036
      12      12    35.233   1   3    29.774    29.774
       1       2    -0.100   1   3     0.000
       2       1    -0.082   1   3     0.000
       1       3     0.045   1   3     0.000
       3       1     0.017   1   3     0.000
       1       4    -0.102   1   3     0.000
       4       1    -0.079   1   3     0.000
       1       5    -0.064   1   3     0.000
       5       1     0.004   1   3     0.000
       1       6     0.029   1   3     0.000
       6       1     0.038   1   3     0.000
       1       7    -0.001   1   3     0.000
       7       1    -0.019   1   3     0.000
       1       8    -0.016   1   3     0.000
       8       1     0.033   1   3     0.000
       1       9     0.019   1   3     0.000
       9       1     0.000   1   3     0.000
       1      10    -0.100   1   3     0.000
      10       1    -0.112   1   3     0.000
       1      11    -0.133   1   3     0.000
      11       1    -0.166   1   3     0.000
       1      12     0.070   1   3     0.000
      12       1    -0.121   1   3     0.000
       2       3     0.028   1   3     0.000
       3       2     0.032   1   3     0.000
       2       4    -0.043   1   3     0.000
       4       2    -0.058   1   3     0.000
       2       5    -0.044   1   3     0.000
       5       2    -0.009   1   3     0.000
       2       6     0.023   1   3     0.000
       6       2     0.057   1   3     0.000
       2       7     0.012   1   3     0.000
       7       2    -0.025   1   3     0.000
       2       8     0.071   1   3     0.000
       8       2     0.040   1   3     0.000
       2       9    -0.001   1   3     0.000
       9       2    -0.048   1   3     0.000
       2      10     0.076   1   3     0.000
      10       2     0.073   1   3     0.000
       2      11    -0.050   1   3     0.000
      11       2    -0.142   1   3     0.000
       2      12    -0.008   1   3     0.000
      12       2     0.036   1   3     0.000
       3       4     0.021   1   3     0.000
       4       3     0.020   1   3     0.000
       3       5     0.029   1   3     0.000
       5       3    -0.026   1   3     0.000
       3       6     0.054   1   3     0.000
       6       3     0.003   1   3     0.000
       3       7    -0.016   1   3     0.000
       7       3    -0.040   1   3     0.000
       3       8    -0.029   1   3     0.000
       8       3    -0.057   1   3     0.000
       3       9    -0.089   1   3     0.000
       9       3    -0.132   1   3     0.000
       3      10    -0.016   1   3     0.000
      10       3     0.016   1   3     0.000
       3      11     0.025   1   3     0.000
      11       3     0.063   1   3     0.000
       3      12    -0.021   1   3     0.000
      12       3    -0.018   1   3     0.000
       4       5     0.030   1   3     0.000
       5       4    -0.075   1   3     0.000
       4       6     0.060   1   3     0.000
       6       4     0.112   1   3     0.000
       4       7    -0.023   1   3     0.000
       7       4    -0.019   1   3     0.000
       4       8    -0.042   1   3     0.000
       8       4    -0.045   1   3     0.000
       4       9     0.003   1   3     0.000
       9       4     0.041   1   3     0.000
       4      10    -0.112   1   3     0.000
      10       4    -0.140   1   3     0.000
       4      11    -0.052   1   3     0.000
      11       4    -0.071   1   3     0.000
       4      12    -0.119   1   3     0.000
      12       4    -0.093   1   3     0.000
       5       6     0.032   1   3     0.000
       6       5     0.031   1   3     0.000
       5       7    -0.005   1   3     0.000
       7       5     0.004   1   3     0.000
       5       8    -0.076   1   3     0.000
       8       5    -0.047   1   3     0.000
       5       9    -0.009   1   3     0.000
       9       5     0.019   1   3     0.000
       5      10    -0.096   1   3     0.000
      10       5    -0.031   1   3     0.000
       5      11     0.095   1   3     0.000
      11       5     0.055   1   3     0.000
       5      12     0.219   1   3     0.000
      12       5     0.129   1   3     0.000
       6       7    -0.040   1   3     0.000
       7       6    -0.037   1   3     0.000
       6       8    -0.033   1   3     0.000
       8       6    -0.023   1   3     0.000
       6       9    -0.032   1   3     0.000
       9       6     0.023   1   3     0.000
       6      10    -0.001   1   3     0.000
      10       6    -0.047   1   3     0.000
       6      11     0.079   1   3     0.000
      11       6    -0.038   1   3     0.000
       6      12    -0.049   1   3     0.000
      12       6    -0.015   1   3     0.000
       7       8    -0.014   1   3     0.000
       8       7    -0.008   1   3     0.000
       7       9    -0.055   1   3     0.000
       9       7    -0.023   1   3     0.000
       7      10     0.071   1   3     0.000
      10       7     0.018   1   3     0.000
       7      11    -0.102   1   3     0.000
      11       7    -0.013   1   3     0.000
       7      12     0.083   1   3     0.000
      12       7    -0.025   1   3     0.000
       8       9    -0.032   1   3     0.000
       9       8     0.009   1   3     0.000
       8      10     0.007   1   3     0.000
      10       8     0.078   1   3     0.000
       8      11     0.041   1   3     0.000
      11       8     0.083   1   3     0.000
       8      12     0.062   1   3     0.000
      12       8     0.126   1   3     0.000
       9      10     0.129   1   3     0.000
      10       9     0.139   1   3     0.000
       9      11    -0.105   1   3     0.000
      11       9    -0.091   1   3     0.000
       9      12    -0.023   1   3     0.000
      12       9    -0.015   1   3     0.000
      10      11     0.049   1   3     0.000
      11      10     0.050   1   3     0.000
      10      12    -0.113   1   3     0.000
      12      10    -0.023   1   3     0.000
      11      12    -0.113   1   3     0.000
      12      11    -0.046   1   3     0.000
       1       1     8.228   1   4     6.313     6.313
       2       2    11.456   1   4     9.184     9.184
       3       3    13.921   1   4    11.276    11.276
       4       4    16.098   1   4    13.559    13.559
       5       5    21.337   1   4    17.572    17.572
       6       6    24.744   1   4    20.579    20.579
       7       7    25.902   1   4    21.499    21.499
       8       8    26.241   1   4    22.135    22.135
       9       9    27.200   1   4    23.204    23.204
      10      10    27.726   1   4    23.363    23.363
      11      11    33.474   1   4    28.429    28.429
      12      12    36.064   1   4    30.046    30.046
       1       2    -0.013   1   4     0.000
       2       1    -0.010   1   4     0.000
       1       3     0.050   1   4     0.000
       3       1     0.076   1   4     0.000
       1       4    -0.063   1   4     0.000
       4       1    -0.025   1   4     0.000
       1       5    -0.011   1   4     0.000
       5       1    -0.017   1   4     0.000
       1       6    -0.076   1   4     0.000
       6       1     0.035   1   4     0.000
       1       7     0.040   1   4     0.000
       7       1    -0.018   1   4     0.000
       1       8    -0.054   1   4     0.000
       8       1     0.030   1   4     0.000
       1       9     0.052   1   4     0.000
       9       1     0.106   1   4     0.000
       1      10     0.068   1   4     0.000
      10       1     0.066   1   4     0.000
       1      11     0.086   1   4     0.000
      11       1    -0.075   1   4     0.000
       1      12     0.095   1   4     0.000
      12       1    -0.086   1   4     0.000
       2       3    -0.001   1   4     0.000
       3       2     0.031   1   4     0.000
       2       4     0.010   1   4     0.000
       4       2     0.026   1   4     0.000
       2       5    -0.011   1   4     0.000
       5       2     0.088   1   4     0.000
       2       6    -0.012   1   4     0.000
       6       2    -0.014   1   4     0.000
       2       7     0.000   1   4     0.000
       7       2     0.008   1   4     0.000
       2       8     0.007   1   4     0.000
       8       2     0.090   1   4     0.000
       2       9    -0.021   1   4     0.000
       9       2     0.001   1   4     0.000
       2      10    -0.010   1   4     0.000
      10       2    -0.010   1   4     0.000
       2      11    -0.048   1   4     0.000
      11       2     0.042   1   4     0.000
       2      12     0.004   1   4     0.000
      12       2    -0.175   1   4     0.000
       3       4     0.041   1   4     0.000
       4       3     0.030   1   4     0.000
       3       5     0.028   1   4     0.000
       5       3     0.017   1   4     0.000
       3       6    -0.015   1   4     0.000
       6       3     0.061   1   4     0.000
       3       7     0.004   1   4     0.000
       7       3    -0.037   1   4     0.000
       3       8    -0.022   1   4     0.000
       8       3     0.042   1   4     0.000
       3       9     0.054   1   4     0.000
       9       3     0.142   1   4     0.000
       3      10    -0.007   1   4     0.000
      10       3     0.014   1   4     0.000
       3      11     0.016   1   4     0.000
      11       3    -0.009   1   4     0.000
       3      12     0.035   1   4     0.000
      12       3     0.057   1   4     0.000
       4       5    -0.042   1   4     0.000
       5       4    -0.060   1   4     0.000
       4       6    -0.017   1   4     0.000
       6       4    -0.021   1   4     0.000
       4       7     0.021   1   4     0.000
       7       4     0.028   1   4     0.000
       4       8    -0.070   1   4     0.000
       8       4    -0.055   1   4     0.000
       4       9    -0.004   1   4     0.000
       9       4     0.021   1   4     0.000
       4      10     0.020   1   4     0.000
      10       4     0.002   1   4     0.000
       4      11     0.018   1   4     0.000
      11       4     0.037   1   4     0.000
       4      12     0.027   1   4     0.000
      12       4    -0.023   1   4     0.000
       5       6     0.004   1   4     0.000
       6       5    -0.001   1   4     0.000
       5       7    -0.085   1   4     0.000
       7       5    -0.067   1   4     0.000
       5       8    -0.114   1   4     0.000
       8       5    -0.084   1   4     0.000
       5       9    -0.019   1   4     0.000
       9       5    -0.022   1   4     0.000
       5      10     0.062   1   4     0.000
      10       5     0.007   1   4     0.000
       5      11    -0.198   1   4     0.000
      11       5    -0.108   1   4     0.000
       5      12     0.209   1   4     0.000
      12       5     0.051   1   4     0.000
       6       7     0.055   1   4     0.000
       7       6     0.052   1   4     0.000
       6       8    -0.003   1   4     0.000
       8       6    -0.008   1   4     0.000
       6       9    -0.092   1   4     0.000
       9       6    -0.067   1   4     0.000
       6      10    -0.014   1   4     0.000
      10       6    -0.035   1   4     0.000
       6      11     0.158   1   4     0.000
      11       6     0.079   1   4     0.000
       6      12     0.050   1   4     0.000
      12       6     0.022   1   4     0.000
       7       8    -0.011   1   4     0.000
       8       7    -0.022   1   4     0.000
       7       9     0.117   1   4     0.000
       9       7     0.106   1   4     0.000
       7      10    -0.021   1   4     0.000
      10       7    -0.022   1   4     0.000
       7      11    -0.149   1   4     0.000
      11       7    -0.056   1   4     0.000
       7      12     0.052   1   4     0.000
      12       7     0.067   1   4     0.000
       8       9    -0.074   1   4     0.000
       9       8    -0.073   1   4     0.000
       8      10    -0.013   1   4     0.000
      10       8    -0.001   1   4     0.000
       8      11    -0.082   1   4     0.000
      11       8    -0.078   1   4     0.000
       8      12     0.204   1   4     0.000
      12       8     0.106   1   4     0.000
       9      10    -0.122   1   4     0.000
      10       9    -0.125   1   4     0.000
       9      11    -0.088   1   4     0.000
      11       9    -0.029   1   4     0.000
       9      12    -0.022   1   4     0.000
      12       9     0.021   1   4     0.000
      10      11     0.029   1   4     0.000
      11      10     0.048   1   4     0.000
      10      12    -0.088   1   4     0.000
      12      10     0.003   1   4     0.000
      11      12    -0.037   1   4     0.000
      12      11    -0.038   1   4     0.000
       1       1     9.244   1   5     7.298     7.298
       2       2    10.553   1   5     8.370     8.370
       3       3    13.795   1   5    11.186    11.186
       4       4    14.694   1   5    12.202    12.202
       5       5    22.394   1   5    18.402    18.402
       6       6    24.168   1   5    20.190    20.190
       7       7    24.850   1   5    20.746    20.746
       8       8    25.711   1   5    21.544    21.544
       9       9    29.222   1   5    24.590    24.590
      10      10    31.149   1   5    26.297    26.297
      11      11    33.862   1   5    28.295    28.295
      12      12    36.182   1   5    29.894    29.894
       1       2     0.069   1   5     0.000
       2       1     0.067   1   5     0.000
       1       3     0.046   1   5     0.000
       3       1     0.056   1   5     0.000
       1       4     0.066   1   5     0.000
       4       1     0.033   1   5     0.000
       1       5    -0.056   1   5     0.000
       5       1    -0.007   1   5     0.000
       1       6    -0.016   1   5     0.000
       6       1    -0.053   1   5     0.000
       1       7    -0.071   1   5     0.000
       7       1    -0.056   1   5     0.000
       1       8    -0.030   1   5     0.000
       8       1    -0.015   1   5     0.000
       1       9    -0.009   1   5     0.000
       9       1     0.018   1   5     0.000
       1      10    -0.111   1   5     0.000
      10       1    -0.044   1   5     0.000
       1      11     0.082   1   5     0.000
      11       1     0.060   1   5     0.000
       1      12    -0.021   1   5     0.000
      12       1     0.077   1   5     0.000
       2       3    -0.018   1   5     0.000
       3       2     0.004   1   5     0.000
       2       4    -0.069   1   5     0.000
       4       2    -0.049   1   5     0.000
       2       5     0.018   1   5     0.000
       5       2     0.049   1   5     0.000
       2       6     0.034   1   5     0.000
       6       2     0.074   1   5     0.000
       2       7     0.002   1   5     0.000
       7       2     0.024   1   5     0.000
       2       8     0.004   1   5     0.000
       8       2    -0.045   1   5     0.000
       2       9    -0.069   1   5     0.000
       9       2    -0.096   1   5     0.000
       2      10    -0.004   1   5     0.000
      10       2    -0.027   1   5     0.000
       2      11    -0.120   1   5     0.000
      11       2    -0.236   1   5     0.000
       2      12    -0.025   1   5     0.000
      12       2    -0.088   1   5     0.000
       3       4     0.063   1   5     0.000
       4       3     0.062   1   5     0.000
       3       5     0.006   1   5     0.000
       5       3     0.025   1   5     0.000
       3       6    -0.076   1   5     0.000
       6       3     0.069   1   5     0.000
       3       7    -0.053   1   5     0.000
       7       3     0.011   1   5     0.000
       3       8    -0.018   1   5     0.000
       8       3    -0.051   1   5     0.000
       3       9    -0.005   1   5     0.000
       9       3     0.002   1   5     0.000
       3      10    -0.053   1   5     0.000
      10       3    -0.053   1   5     0.000
       3      11    -0.048   1   5     0.000
      11       3    -0.125   1   5     0.000
       3      12    -0.030   1   5     0.000
      12       3    -0.075   1   5     0.000
       4       5    -0.015   1   5     0.000
       5       4     0.031   1   5     0.000
       4       6    -0.029   1   5     0.000
       6       4    -0.048   1   5     0.000
       4       7     0.020   1   5     0.000
       7       4     0.043   1   5     0.000
       4       8    -0.025   1   5     0.000
       8       4    -0.058   1   5     0.000
       4       9     0.006   1   5     0.000
       9       4     0.006   1   5     0.000
       4      10     0.092   1   5     0.000
      10       4     0.044   1   5     0.000
       4      11    -0.062   1   5     0.000
      11       4    -0.124   1   5     0.000
       4      12    -0.034   1   5     0.000
      12       4     0.062   1   5     0.000
       5       6    -0.002   1   5     0.000
       6       5    -0.008   1   5     0.000
       5       7    -0.034   1   5     0.000
       7       5    -0.034   1   5     0.000
       5       8     0.075   1   5     0.000
       8       5     0.061   1   5     0.000
       5       9    -0.038   1   5     0.000
       9       5    -0.043   1   5     0.000
       5      10     0.066   1   5     0.000
      10       5     0.080   1   5     0.000
       5      11     0.144   1   5     0.000
      11       5    -0.038   1   5     0.000
       5      12    -0.174   1   5     0.000
      12       5    -0.066   1   5     0.000
       6       7    -0.068   1   5     0.000
       7       6    -0.078   1   5     0.000
       6       8     0.002   1   5     0.000
       8       6    -0.003   1   5     0.000
       6       9     0.062   1   5     0.000
       9       6    -0.003   1   5     0.000
       6      10     0.056   1   5     0.000
      10       6    -0.014   1   5     0.000
       6      11     0.000   1   5     0.000
      11       6    -0.031   1   5     0.000
       6      12     0.066   1   5     0.000
      12       6     0.001   1   5     0.000
       7       8     0.022   1   5     0.000
       8       7     0.016   1   5     0.000
       7       9     0.076   1   5     0.000
       9       7     0.055   1   5     0.000
       7      10    -0.012   1   5     0.000
      10       7     0.036   1   5     0.000
       7      11     0.004   1   5     0.000
      11       7     0.094   1   5     0.000
       7      12    -0.109   1   5     0.000
      12       7     0.061   1   5     0.000
       8       9    -0.039   1   5     0.000
       9       8    -0.012   1   5     0.000
       8      10     0.064   1   5     0.000
      10       8    -0.002   1   5     0.000
       8      11    -0.050   1   5     0.000
      11       8    -0.040   1   5     0.000
       8      12    -0.023   1   5     0.000
      12       8     0.063   1   5     0.000
       9      10     0.000   1   5     0.000
      10       9    -0.009   1   5     0.000
       9      11    -0.028   1   5     0.000
      11       9    -0.010   1   5     0.000
       9      12    -0.031   1   5     0.000
      12       9    -0.045   1   5     0.000
      10      11     0.057   1   5     0.000
      11      10     0.015   1   5     0.000
      10      12    -0.005   1   5     0.000
      12      10     0.045   1   5     0.000
      11      12     0.040   1   5     0.000
      12      11     0.054   1   5     0.000
       1       1     6.872   1   6     5.002     5.002
       2       2    13.261   1   6    10.747    10.747
       3       3    15.094   1   6    12.463    12.463
       4       4    17.108   1   6    14.422    14.422
       5       5    22.317   1   6    18.393    18.393
       6       6    23.220   1   6    19.139    19.139
       7       7    24.311   1   6    20.020    20.020
       8       8    25.180   1   6    21.042    21.042
       9       9    26.716   1   6    22.294    22.294
      10      10    30.280   1   6    25.774    25.774
      11      11    31.372   1   6    26.521    26.521
      12      12    32.490   1   6    27.698    27.698
       1       2    -0.005   1   6     0.000
       2       1    -0.007   1   6     0.000
       1       3     0.068   1   6     0.000
       3       1     0.011   1   6     0.000
       1       4    -0.032   1   6     0.000
       4       1    -0.020   1   6     0.000
       1       5    -0.028   1   6     0.000
       5       1     0.004   1   6     0.000
       1       6    -0.068   1   6     0.000
       6       1     0.061   1   6     0.000
       1       7    -0.039   1   6     0.000
       7       1     0.050   1   6     0.000
       1       8    -0.017   1   6     0.000
       8       1     0.030   1   6     0.000
       1       9    -0.021   1   6     0.000
       9       1    -0.017   1   6     0.000
       1      10    -0.069   1   6     0.000
      10       1     0.201   1   6     0.000
       1      11    -0.015   1   6     0.000
      11       1     0.019   1   6     0.000
       1      12    -0.025   1   6     0.000
      12       1     0.064   1   6     0.000
       2       3     0.048   1   6     0.000
       3       2     0.036   1   6     0.000
       2       4     0.018   1   6     0.000
       4       2     0.026   1   6     0.000
       2       5     0.015   1   6     0.000
       5       2     0.078   1   6     0.000
       2       6     0.007   1   6     0.000
       6       2    -0.008   1   6     0.000
       2       7     0.024   1   6     0.000
       7       2     0.017   1   6     0.000
       2       8     0.027   1   6     0.000
       8       2     0.081   1   6     0.000
       2       9    -0.004   1   6     0.000
       9       2     0.009   1   6     0.000
       2      10     0.030   1   6     0.000
      10       2    -0.035   1   6     0.000
       2      11    -0.045   1   6     0.000
      11       2     0.136   1   6     0.000
       2      12    -0.023   1   6     0.000
      12       2     0.134   1   6     0.000
       3       4    -0.023   1   6     0.000
       4       3    -0.015   1   6     0.000
       3       5    -0.035   1   6     0.000
       5       3    -0.026   1   6     0.000
       3       6    -0.020   1   6     0.000
       6       3    -0.061   1   6     0.000
       3       7    -0.047   1   6     0.000
       7       3    -0.075   1   6     0.000
       3       8    -0.042   1   6     0.000
       8       3    -0.048   1   6     0.000
       3       9    -0.031   1   6     0.000
       9       3    -0.049   1   6     0.000
       3      10    -0.007   1   6     0.000
      10       3    -0.087   1   6     0.000
       3      11    -0.029   1   6     0.000
      11       3     0.001   1   6     0.000
       3      12     0.036   1   6     0.000
      12       3    -0.002   1   6     0.000
       4       5    -0.034   1   6     0.000
       5       4    -0.048   1   6     0.000
       4       6     0.017   1   6     0.000
       6       4     0.022   1   6     0.000
       4       7    -0.026   1   6     0.000
       7       4    -0.036   1   6     0.000
       4       8    -0.060   1   6     0.000
       8       4    -0.050   1   6     0.000
       4       9     0.001   1   6     0.000
       9       4     0.000   1   6     0.000
       4      10    -0.039   1   6     0.000
      10       4    -0.022   1   6     0.000
       4      11    -0.019   1   6     0.000
      11       4    -0.016   1   6     0.000
       4      12     0.017   1   6     0.000
      12       4     0.037   1   6     0.000
       5       6    -0.026   1   6     0.000
       6       5    -0.025   1   6     0.000
       5       7     0.073   1   6     0.000
       7       5     0.075   1   6     0.000
       5       8    -0.027   1   6     0.000
       8       5     0.005   1   6     0.000
       5       9    -0.043   1   6     0.000
       9       5    -0.013   1   6     0.000
       5      10     0.002   1   6     0.000
      10       5    -0.020   1   6     0.000
       5      11    -0.003   1   6     0.000
      11       5     0.014   1   6     0.000
       5      12    -0.087   1   6     0.000
      12       5    -0.054   1   6     0.000
       6       7    -0.030   1   6     0.000
       7       6    -0.030   1   6     0.000
       6       8     0.028   1   6     0.000
       8       6     0.015   1   6     0.000
       6       9     0.013   1   6     0.000
       9       6     0.022   1   6     0.000
       6      10    -0.210   1   6     0.000
      10       6    -0.129   1   6     0.000
       6      11    -0.003   1   6     0.000
      11       6    -0.010   1   6     0.000
       6      12     0.012   1   6     0.000
      12       6     0.039   1   6     0.000
       7       8    -0.019   1   6     0.000
       8       7    -0.018   1   6     0.000
       7       9    -0.079   1   6     0.000
       9       7    -0.089   1   6     0.000
       7      10    -0.205   1   6     0.000
      10       7    -0.080   1   6     0.000
       7      11     0.042   1   6     0.000
      11       7     0.049   1   6     0.000
       7      12     0.014   1   6     0.000
      12       7     0.064   1   6     0.000
       8       9    -0.029   1   6     0.000
       9       8    -0.043   1   6     0.000
       8      10     0.043   1   6     0.000
      10       8     0.059   1   6     0.000
       8      11    -0.136   1   6     0.000
      11       8    -0.053   1   6     0.000
       8      12    -0.229   1   6     0.000
      12       8    -0.160   1   6     0.000
       9      10     0.014   1   6     0.000
      10       9     0.012   1   6     0.000
       9      11    -0.063   1   6     0.000
      11       9    -0.019   1   6     0.000
       9      12    -0.111   1   6     0.000
      12       9    -0.076   1   6     0.000
      10      11    -0.101   1   6     0.000
      11      10    -0.094   1   6     0.000
      10      12    -0.069   1   6     0.000
      12      10    -0.068   1   6     0.000
      11      12    -0.033   1   6     0.000
      12      11    -0.045   1   6     0.000
       1       1     7.932   1   7     5.957     5.957
       2       2    11.673   1   7     9.577     9.577
       3       3    14.158   1   7    11.591    11.591
       4       4    16.111   1   7    13.512    13.512
       5       5    22.319   1   7    18.362    18.362
       6       6    23.253   1   7    19.362    19.362
       7       7    24.886   1   7    20.795    20.795
       8       8    25.752   1   7    21.767    21.767
       9       9    28.168   1   7    23.816    23.816
      10      10    28.986   1   7    24.468    24.468
      11      11    32.808   1   7    28.088    28.088
      12      12    35.152   1   7    29.350    29.350
       1       2    -0.128   1   7     0.000
       2       1    -0.067   1   7     0.000
       1       3    -0.071   1   7     0.000
       3       1    -0.110   1   7     0.000
       1       4     0.105   1   7     0.000
       4       1     0.059   1   7     0.000
       1       5    -0.045   1   7     0.000
       5       1    -0.043   1   7     0.000
       1       6     0.015   1   7     0.000
       6       1     0.092   1   7     0.000
       1       7    -0.015   1   7     0.000
       7       1    -0.006   1   7     0.000
       1       8    -0.039   1   7     0.000
       8       1    -0.064   1   7     0.000
       1       9     0.008   1   7     0.000
       9       1    -0.007   1   7     0.000
       1      10    -0.187   1   7     0.000
      10       1    -0.155   1   7     0.000
       1      11    -0.106   1   7     0.000
      11       1     0.114   1   7     0.000
       1      12     0.016   1   7     0.000
      12       1     0.141   1   7     0.000
       2       3     0.028   1   7     0.000
       3       2     0.014   1   7     0.000
       2       4     0.044   1   7     0.000
       4       2     0.044   1   7     0.000
       2       5    -0.031   1   7     0.000
       5       2    -0.095   1   7     0.000
       2       6    -0.005   1   7     0.000
       6       2     0.000   1   7     0.000
       2       7     0.031   1   7     0.000
       7       2    -0.008   1   7     0.000
       2       8     0.045   1   7     0.000
       8       2     0.037   1   7     0.000
       2       9    -0.005   1   7     0.000
       9       2     0.023   1   7     0.000
       2      10    -0.047   1   7     0.000
      10       2     0.013   1   7     0.000
       2      11     0.047   1   7     0.000
      11       2    -0.109   1   7     0.000
       2      12    -0.175   1   7     0.000
      12       2    -0.155   1   7     0.000
       3       4    -0.016   1   7     0.000
       4       3    -0.015   1   7     0.000
       3       5    -0.080   1   7     0.000
       5       3    -0.091   1   7     0.000
       3       6    -0.008   1   7     0.000
       6       3    -0.073   1   7     0.000
       3       7    -0.030   1   7     0.000
       7       3    -0.024   1   7     0.000
       3       8     0.042   1   7     0.000
       8       3     0.129   1   7     0.000
       3       9     0.000   1   7     0.000
       9       3     0.035   1   7     0.000
       3      10     0.093   1   7     0.000
      10       3     0.120   1   7     0.000
       3      11     0.058   1   7     0.000
      11       3     0.103   1   7     0.000
       3      12    -0.036   1   7     0.000
      12       3    -0.030   1   7     0.000
       4       5     0.044   1   7     0.000
       5       4     0.066   1   7     0.000
       4       6     0.031   1   7     0.000
       6       4     0.067   1   7     0.000
       4       7     0.009   1   7     0.000
       7       4     0.045   1   7     0.000
       4       8     0.013   1   7     0.000
       8       4     0.029   1   7     0.000
       4       9     0.045   1   7     0.000
       9       4     0.008   1   7     0.000
       4      10    -0.039   1   7     0.000
      10       4    -0.048   1   7     0.000
       4      11    -0.016   1   7     0.000
      11       4     0.040   1   7     0.000
       4      12     0.010   1   7     0.000
      12       4    -0.030   1   7     0.000
       5       6    -0.020   1   7     0.000
       6       5    -0.016   1   7     0.000
       5       7    -0.088   1   7     0.000
       7       5    -0.064   1   7     0.000
       5       8     0.040   1   7     0.000
       8       5     0.040   1   7     0.000
       5       9     0.069   1   7     0.000
       9       5     0.019   1   7     0.000
       5      10     0.008   1   7     0.000
      10       5     0.023   1   7     0.000
       5      11    -0.150   1   7     0.000
      11       5    -0.074   1   7     0.000
       5      12     0.090   1   7     0.000
      12       5     0.015   1   7     0.000
       6       7    -0.009   1   7     0.000
       7       6    -0.024   1   7     0.000
       6       8     0.022   1   7     0.000
       8       6     0.020   1   7     0.000
       6       9    -0.066   1   7     0.000
       9       6    -0.052   1   7     0.000
       6      10     0.115   1   7     0.000
      10       6     0.025   1   7     0.000
       6      11    -0.178   1   7     0.000
      11       6    -0.047   1   7     0.000
       6      12    -0.007   1   7     0.000
      12       6    -0.071   1   7     0.000
       7       8    -0.024   1   7     0.000
       8       7    -0.013   1   7     0.000
       7       9    -0.042   1   7     0.000
       9       7    -0.004   1   7     0.000
       7      10     0.007   1   7     0.000
      10       7     0.020   1   7     0.000
       7      11    -0.159   1   7     0.000
      11       7    -0.092   1   7     0.000
       7      12     0.073   1   7     0.000
      12       7    -0.129   1   7     0.000
       8       9    -0.056   1   7     0.000
       9       8    -0.083   1   7     0.000
       8      10    -0.051   1   7     0.000
      10       8     0.000   1   7     0.000
       8      11     0.002   1   7     0.000
      11       8    -0.132   1   7     0.000
       8      12    -0.022   1   7     0.000
      12       8    -0.017   1   7     0.000
       9      10    -0.031   1   7     0.000
      10       9    -0.041   1   7     0.000
       9      11     0.086   1   7     0.000
      11       9     0.017   1   7     0.000
       9      12    -0.018   1   7     0.000
      12       9     0.144   1   7     0.000
      10      11     0.196   1   7     0.000
      11      10     0.258   1   7     0.000
      10      12     0.006   1   7     0.000
      12      10     0.005   1   7     0.000
      11      12    -0.104   1   7     0.000
      12      11    -0.118   1   7     0.000
       1       1     6.868   1   8     5.024     5.024
       2       2    13.606   1   8    11.159    11.159
       3       3    15.586   1   8    13.019    13.019
       4       4    15.923   1   8    13.353    13.353
       5       5    20.662   1   8    16.834    16.834
       6       6    22.423   1   8    18.452    18.452
       7       7    25.219   1   8    21.114    21.114
       8       8    25.824   1   8    21.641    21.641
       9       9    28.741   1   8    24.470    24.470
      10      10    29.934   1   8    25.379    25.379
      11      11    31.662   1   8    26.963    26.963
      12      12    33.413   1   8    28.517    28.517
       1       2     0.012   1   8     0.000
       2       1     0.005   1   8     0.000
       1       3    -0.112   1   8     0.000
       3       1    -0.033   1   8     0.000
       1       4     0.077   1   8     0.000
       4       1     0.017   1   8     0.000
       1       5     0.013   1   8     0.000
       5       1     0.129   1   8     0.000
       1       6     0.057   1   8     0.000
       6       1     0.061   1   8     0.000
       1       7    -0.024   1   8     0.000
       7       1    -0.027   1   8     0.000
       1       8     0.005   1   8     0.000
       8       1    -0.046   1   8     0.000
       1       9     0.009   1   8     0.000
       9       1    -0.027   1   8     0.000
       1      10     0.007   1   8     0.000
      10       1     0.001   1   8     0.000
       1      11    -0.142   1   8     0.000
      11       1     0.250   1   8     0.000
       1      12     0.075   1   8     0.000
      12       1    -0.076   1   8     0.000
       2       3    -0.094   1   8     0.000
       3       2    -0.087   1   8     0.000
       2       4     0.030   1   8     0.000
       4       2     0.034   1   8     0.000
       2       5    -0.052   1   8     0.000
       5       2    -0.064   1   8     0.000
       2       6    -0.072   1   8     0.000
       6       2    -0.057   1   8     0.000
       2       7     0.046   1   8     0.000
       7       2     0.074   1   8     0.000
       2       8     0.046   1   8     0.000
       8       2     0.056   1   8     0.000
       2       9     0.036   1   8     0.000
       9       2    -0.047   1   8     0.000
       2      10     0.030   1   8     0.000
      10       2    -0.067   1   8     0.000
       2      11    -0.025   1   8     0.000
      11       2    -0.011   1   8     0.000
       2      12    -0.048   1   8     0.000
      12       2     0.094   1   8     0.000
       3       4     0.057   1   8     0.000
       4       3     0.057   1   8     0.000
       3       5     0.012   1   8     0.000
       5       3     0.017   1   8     0.000
       3       6    -0.021   1   8     0.000
       6       3    -0.008   1   8     0.000
       3       7    -0.080   1   8     0.000
       7       3    -0.093   1   8     0.000
       3       8    -0.019   1   8     0.000
       8       3    -0.049   1   8     0.000
       3       9    -0.036   1   8     0.000
       9       3    -0.044   1   8     0.000
       3      10     0.006   1   8     0.000
      10       3    -0.005   1   8     0.000
       3      11    -0.012   1   8     0.000
      11       3     0.030   1   8     0.000
       3      12     0.009   1   8     0.000
      12       3    -0.088   1   8     0.000
       4       5     0.080   1   8     0.000
       5       4     0.091   1   8     0.000
       4       6    -0.106   1   8     0.000
       6       4    -0.103   1   8     0.000
       4       7    -0.019   1   8     0.000
       7       4    -0.048   1   8     0.000
       4       8    -0.032   1   8     0.000
       8       4    -0.014   1   8     0.000
       4       9    -0.005   1   8     0.000
       9       4    -0.029   1   8     0.000
       4      10    -0.023   1   8     0.000
      10       4     0.040   1   8     0.000
       4      11    -0.004   1   8     0.000
      11       4     0.008   1   8     0.000
       4      12     0.019   1   8     0.000
      12       4    -0.136   1   8     0.000
       5       6     0.103   1   8     0.000
       6       5     0.099   1   8     0.000
       5       7     0.000   1   8     0.000
       7       5     0.010   1   8     0.000
       5       8     0.008   1   8     0.000
       8       5     0.011   1   8     0.000
       5       9     0.016   1   8     0.000
       9       5    -0.014   1   8     0.000
       5      10    -0.007   1   8     0.000
      10       5    -0.024   1   8     0.000
       5      11    -0.237   1   8     0.000
      11       5     0.017   1   8     0.000
       5      12     0.090   1   8     0.000
      12       5     0.088   1   8     0.000
       6       7     0.019   1   8     0.000
       7       6    -0.011   1   8     0.000
       6       8     0.025   1   8     0.000
       8       6     0.023   1   8     0.000
       6       9    -0.116   1   8     0.000
       9       6     0.015   1   8     0.000
       6      10    -0.056   1   8     0.000
      10       6    -0.008   1   8     0.000
       6      11    -0.014   1   8     0.000
      11       6     0.003   1   8     0.000
       6      12     0.208   1   8     0.000
      12       6     0.107   1   8     0.000
       7       8     0.006   1   8     0.000
       8       7     0.006   1   8     0.000
       7       9    -0.033   1   8     0.000
       9       7    -0.020   1   8     0.000
       7      10     0.048   1   8     0.000
      10       7     0.073   1   8     0.000
       7      11    -0.044   1   8     0.000
      11       7    -0.066   1   8     0.000
       7      12    -0.173   1   8     0.000
      12       7    -0.205   1   8     0.000
       8       9    -0.040   1   8     0.000
       9       8    -0.058   1   8     0.000
       8      10     0.023   1   8     0.000
      10       8     0.046   1   8     0.000
       8      11     0.018   1   8     0.000
      11       8    -0.002   1   8     0.000
       8      12    -0.031   1   8     0.000
      12       8    -0.033   1   8     0.000
       9      10     0.057   1   8     0.000
      10       9     0.063   1   8     0.000
       9      11     0.040   1   8     0.000
      11       9     0.030   1   8     0.000
       9      12    -0.083   1   8     0.000
      12       9    -0.093   1   8     0.000
      10      11     0.030   1   8     0.000
      11      10     0.025   1   8     0.000
      10      12     0.076   1   8     0.000
      12      10     0.043   1   8     0.000
      11      12    -0.002   1   8     0.000
      12      11    -0.017   1   8     0.000
