-----------------------------------------------------------------

 OUTPUT SELF-ENERGY DIAGONAL MATRIX ELEMENTS (eV)
     n   occ        E_dft     V_xc   Sigma_x  Sigma_sx   Sigma_c   Sigma_g  Sigma-V_xc   zfac  Im[Sigma]      E_0      E_qp  
     1   1.000     7.162   -10.812   -15.580     4.907     7.253     0.000     2.485     0.818     0.383     7.162     9.223
     2   1.000     8.517   -10.862   -14.914     4.282     6.510     0.000     2.458     0.840     0.203     8.517    10.567
     3   1.000    11.305    -9.991   -12.306     2.707     5.168     0.000     2.853     0.894     0.008    11.305    13.841
     4   1.000    12.095   -10.160   -12.619     3.300     5.414     0.000     2.955     0.891     0.018    12.095    14.713
     5   0.000    18.904    -9.675    -4.616     2.399    -0.626     0.000     4.433     0.853    -0.296    18.904    22.769
     6   0.000    19.647    -9.650    -4.616     1.950    -0.540     0.000     4.495     0.880    -0.246    19.647    23.682
     7   0.000    20.191   -10.092    -4.763     2.056    -0.674     0.000     4.654     0.856    -0.344    20.191    24.287
     8   0.000    22.113   -10.029    -4.562     1.421    -0.764     0.000     4.704     0.893    -0.503    22.113    26.301
     9   0.000    24.600   -10.460    -4.493     1.327    -1.411     0.000     4.557     0.983    -1.506    24.600    28.831
    10   0.000    26.631   -10.411    -3.898     0.626    -1.372     0.000     5.140     1.109    -1.864    26.631    31.723
    11   0.000    28.036   -10.196    -3.360     0.112    -1.766     0.000     5.071     1.174    -2.653    28.036    33.414
    12   0.000    29.774    -9.541    -2.707    -0.091    -1.634     0.000     5.200     1.267    -2.923    29.774    35.233
-----------------------------------------------------------------


 OUTPUT SELF-ENERGY OFF-DIAGONAL MATRIX ELEMENTS (eV)
    n1    n2     V_xc    Sigma_x  Sigma_c1  Sigma_c2  Sigma_g1  Sigma_g2  Sigma-V_xc1  Sigma-V_xc2
     1     2     0.023     0.034    -0.111    -0.093     0.000     0.000       -0.100       -0.082
     1     3    -0.172    -0.284     0.157     0.129     0.000     0.000        0.045        0.017
     1     4    -0.072    -0.064    -0.110    -0.087     0.000     0.000       -0.102       -0.079
     1     5     0.352     0.401    -0.113    -0.045     0.000     0.000       -0.064        0.004
     1     6     0.172     0.155     0.045     0.055     0.000     0.000        0.029        0.038
     1     7     0.178     0.178     0.000    -0.019     0.000     0.000       -0.001       -0.019
     1     8    -0.102     0.118    -0.237    -0.188     0.000     0.000       -0.016        0.033
     1     9     0.101     0.069     0.052     0.033     0.000     0.000        0.019        0.000
     1    10    -0.001    -0.143     0.042     0.030     0.000     0.000       -0.100       -0.112
     1    11    -0.145    -0.291     0.013    -0.020     0.000     0.000       -0.133       -0.166
     1    12    -0.660    -0.900     0.310     0.119     0.000     0.000        0.070       -0.121
     2     3    -0.160    -0.186     0.054     0.059     0.000     0.000        0.028        0.032
     2     4     0.043    -0.096     0.095     0.080     0.000     0.000       -0.043       -0.058
     2     5     0.206     0.201    -0.040    -0.005     0.000     0.000       -0.044       -0.009
     2     6     0.191     0.285    -0.071    -0.037     0.000     0.000        0.023        0.057
     2     7    -0.331    -0.310    -0.010    -0.047     0.000     0.000        0.012       -0.025
     2     8     0.053     0.110     0.015    -0.017     0.000     0.000        0.071        0.040
     2     9     0.092     0.020     0.071     0.024     0.000     0.000       -0.001       -0.048
     2    10     0.167     0.486    -0.243    -0.246     0.000     0.000        0.076        0.073
     2    11    -0.399    -0.800     0.350     0.258     0.000     0.000       -0.050       -0.142
     2    12     0.089     0.108    -0.027     0.016     0.000     0.000       -0.008        0.036
     3     4    -0.006    -0.002     0.016     0.016     0.000     0.000        0.021        0.020
     3     5    -0.447    -0.512     0.095     0.039     0.000     0.000        0.029       -0.026
     3     6    -0.704    -0.847     0.197     0.146     0.000     0.000        0.054        0.003
     3     7    -0.261    -0.304     0.026     0.003     0.000     0.000       -0.016       -0.040
     3     8    -0.693    -0.883     0.162     0.134     0.000     0.000       -0.029       -0.057
     3     9    -0.907    -1.333     0.337     0.294     0.000     0.000       -0.089       -0.132
     3    10    -0.099    -0.147     0.031     0.063     0.000     0.000       -0.016        0.016
     3    11     0.267     0.361    -0.069    -0.032     0.000     0.000        0.025        0.063
     3    12     0.093     0.098    -0.026    -0.024     0.000     0.000       -0.021       -0.018
     4     5    -0.713    -0.911     0.228     0.123     0.000     0.000        0.030       -0.075
     4     6     0.747     1.001    -0.194    -0.142     0.000     0.000        0.060        0.112
     4     7    -0.122    -0.169     0.024     0.029     0.000     0.000       -0.023       -0.019
     4     8    -0.232    -0.323     0.049     0.046     0.000     0.000       -0.042       -0.045
     4     9    -0.039    -0.070     0.035     0.073     0.000     0.000        0.003        0.041
     4    10    -0.691    -1.064     0.261     0.232     0.000     0.000       -0.112       -0.140
     4    11    -0.420    -0.626     0.154     0.135     0.000     0.000       -0.052       -0.071
     4    12     0.428     0.486    -0.178    -0.152     0.000     0.000       -0.119       -0.093
     5     6    -0.153    -0.107    -0.014    -0.015     0.000     0.000        0.032        0.031
     5     7     0.055     0.024     0.026     0.035     0.000     0.000       -0.005        0.004
     5     8     0.210     0.052     0.083     0.111     0.000     0.000       -0.076       -0.047
     5     9    -0.088    -0.186     0.090     0.118     0.000     0.000       -0.009        0.019
     5    10     0.068    -0.138     0.111     0.175     0.000     0.000       -0.096       -0.031
     5    11    -0.372    -0.330     0.053     0.013     0.000     0.000        0.095        0.055
     5    12    -0.797    -0.549    -0.029    -0.119     0.000     0.000        0.219        0.129
     6     7     0.073     0.058    -0.025    -0.022     0.000     0.000       -0.040       -0.037
     6     8     0.089    -0.003     0.059     0.069     0.000     0.000       -0.033       -0.023
     6     9    -0.011    -0.172     0.129     0.184     0.000     0.000       -0.032        0.023
     6    10     0.053     0.183    -0.131    -0.177     0.000     0.000       -0.001       -0.047
     6    11    -0.222    -0.015    -0.127    -0.245     0.000     0.000        0.079       -0.038
     6    12     0.106     0.038     0.019     0.053     0.000     0.000       -0.049       -0.015
     7     8     0.077     0.010     0.054     0.060     0.000     0.000       -0.014       -0.008
     7     9     0.143     0.020     0.068     0.100     0.000     0.000       -0.055       -0.023
     7    10    -0.396    -0.338     0.013    -0.040     0.000     0.000        0.071        0.018
     7    11     0.421     0.263     0.056     0.146     0.000     0.000       -0.102       -0.013
     7    12    -0.408    -0.257    -0.067    -0.176     0.000     0.000        0.083       -0.025
     8     9     0.135    -0.093     0.196     0.237     0.000     0.000       -0.032        0.009
     8    10     0.072    -0.014     0.093     0.164     0.000     0.000        0.007        0.078
     8    11     0.106     0.095     0.052     0.094     0.000     0.000        0.041        0.083
     8    12     0.202     0.133     0.132     0.195     0.000     0.000        0.062        0.126
     9    10    -0.034    -0.027     0.122     0.132     0.000     0.000        0.129        0.139
     9    11     0.069    -0.003    -0.033    -0.018     0.000     0.000       -0.105       -0.091
     9    12    -0.021    -0.033    -0.010    -0.002     0.000     0.000       -0.023       -0.015
    10    11    -0.180     0.009    -0.141    -0.139     0.000     0.000        0.049        0.050
    10    12     0.145     0.017     0.015     0.105     0.000     0.000       -0.113       -0.023
    11    12     0.105     0.019    -0.027     0.040     0.000     0.000       -0.113       -0.046

-----------------------------------------------------------------
