-----------------------------------------------------------------

 OUTPUT SELF-ENERGY DIAGONAL MATRIX ELEMENTS (eV)
     n   occ        E_dft     V_xc   Sigma_x  Sigma_sx   Sigma_c   Sigma_g  Sigma-V_xc   zfac  Im[Sigma]      E_0      E_qp  
     1   1.000     4.476   -10.478   -16.339     5.350     4.742     0.000    -1.120     0.933     1.832     4.476     3.434
     2   1.000    12.126   -10.922   -13.404     3.705     1.826     0.000    -0.656     0.862     0.123    12.126    11.559
     3   1.000    13.566   -10.648   -13.055     3.686     1.988     0.000    -0.419     0.873     0.086    13.566    13.200
     4   1.000    13.962   -10.828   -13.174     3.314     1.765     0.000    -0.581     0.881     0.074    13.962    13.449
     5   0.000    17.224    -9.636    -4.746     2.182    -3.655     0.000     1.236     0.898    -0.082    17.224    18.338
     6   0.000    19.294    -9.664    -4.297     1.872    -3.854     0.000     1.513     0.885    -0.165    19.294    20.647
     7   0.000    20.158   -10.156    -4.847     2.002    -3.839     0.000     1.470     0.890    -0.139    20.158    21.477
     8   0.000    20.523   -10.507    -5.164     2.105    -3.946     0.000     1.397     0.891    -0.129    20.523    21.777
     9   0.000    23.231   -10.452    -4.438     1.208    -4.473     0.000     1.541     0.877    -0.330    23.231    24.587
    10   0.000    24.472   -10.047    -4.171     0.945    -3.923     0.000     1.954     0.918    -0.437    24.472    26.243
    11   0.000    25.901    -8.639    -2.500     0.182    -3.885     0.000     2.254     0.947    -0.895    25.901    27.990
    12   0.000    27.508    -8.537    -2.248     0.096    -3.848     0.000     2.441     1.006    -1.182    27.508    29.925
-----------------------------------------------------------------


 OUTPUT SELF-ENERGY OFF-DIAGONAL MATRIX ELEMENTS (eV)
    n1    n2     V_xc    Sigma_x  Sigma_c1  Sigma_c2  Sigma_g1  Sigma_g2  Sigma-V_xc1  Sigma-V_xc2
     1     2    -0.074    -0.061    -0.050    -0.068     0.000     0.000       -0.036       -0.055
     1     3    -0.224    -0.226    -0.108    -0.119     0.000     0.000       -0.109       -0.121
     1     4     0.078     0.082    -0.027    -0.014     0.000     0.000       -0.023       -0.010
     1     5    -0.683    -0.867    -0.120    -0.277     0.000     0.000       -0.304       -0.461
     1     6     0.009     0.005    -0.036     0.000     0.000     0.000       -0.040       -0.004
     1     7     0.133     0.170     0.030     0.045     0.000     0.000        0.068        0.083
     1     8    -0.171    -0.224    -0.014    -0.078     0.000     0.000       -0.067       -0.131
     1     9     0.111     0.138    -0.004     0.049     0.000     0.000        0.024        0.077
     1    10    -0.037    -0.048    -0.012    -0.021     0.000     0.000       -0.022       -0.031
     1    11    -1.351    -1.586    -0.355    -0.753     0.000     0.000       -0.590       -0.988
     1    12     0.429     0.483     0.121     0.252     0.000     0.000        0.175        0.306
     2     3     0.128     0.099     0.120     0.132     0.000     0.000        0.091        0.103
     2     4    -0.151    -0.078    -0.267    -0.262     0.000     0.000       -0.194       -0.188
     2     5     0.124     0.147     0.069     0.071     0.000     0.000        0.093        0.095
     2     6     0.053    -0.031     0.067     0.083     0.000     0.000       -0.017       -0.001
     2     7    -0.346    -0.521    -0.128    -0.147     0.000     0.000       -0.303       -0.322
     2     8     0.065     0.099     0.016     0.030     0.000     0.000        0.050        0.064
     2     9    -0.174    -0.409     0.177     0.233     0.000     0.000       -0.058       -0.002
     2    10     0.020     0.127    -0.091    -0.157     0.000     0.000        0.016       -0.050
     2    11    -0.031    -0.034    -0.023    -0.027     0.000     0.000       -0.026       -0.030
     2    12    -0.442    -0.383    -0.319    -0.468     0.000     0.000       -0.260       -0.410
     3     4    -0.019    -0.075    -0.003    -0.003     0.000     0.000       -0.059       -0.059
     3     5     0.390     0.585     0.084     0.079     0.000     0.000        0.278        0.273
     3     6    -0.024     0.046    -0.050    -0.072     0.000     0.000        0.020       -0.002
     3     7    -0.189    -0.257    -0.061    -0.066     0.000     0.000       -0.129       -0.133
     3     8     0.598     0.919     0.036     0.031     0.000     0.000        0.357        0.352
     3     9    -0.035    -0.041    -0.057    -0.088     0.000     0.000       -0.063       -0.095
     3    10    -0.014    -0.084     0.060     0.053     0.000     0.000       -0.010       -0.017
     3    11     0.179     0.178     0.091     0.120     0.000     0.000        0.091        0.119
     3    12    -0.132    -0.100    -0.105    -0.150     0.000     0.000       -0.074       -0.118
     4     5    -0.126    -0.234     0.075     0.059     0.000     0.000       -0.032       -0.048
     4     6     0.042    -0.130     0.090     0.087     0.000     0.000       -0.081       -0.085
     4     7     0.570     0.790     0.032     0.039     0.000     0.000        0.251        0.259
     4     8     0.217     0.344    -0.064    -0.051     0.000     0.000        0.063        0.076
     4     9     0.013    -0.008     0.071     0.098     0.000     0.000        0.050        0.078
     4    10    -0.046    -0.144     0.051     0.105     0.000     0.000       -0.046        0.007
     4    11    -0.057    -0.052     0.008    -0.002     0.000     0.000        0.013        0.003
     4    12     0.153     0.126     0.151     0.218     0.000     0.000        0.123        0.190
     5     6     0.066     0.087    -0.160    -0.161     0.000     0.000       -0.139       -0.139
     5     7     0.101     0.093     0.007     0.006     0.000     0.000       -0.001       -0.001
     5     8    -0.045    -0.035     0.012     0.012     0.000     0.000        0.022        0.022
     5     9    -0.102    -0.072    -0.083    -0.099     0.000     0.000       -0.053       -0.069
     5    10     0.034     0.020     0.029     0.037     0.000     0.000        0.015        0.024
     5    11     0.859     0.474     0.663     0.834     0.000     0.000        0.277        0.448
     5    12    -0.199    -0.125    -0.107    -0.137     0.000     0.000       -0.033       -0.063
     6     7     0.527     0.455     0.341     0.348     0.000     0.000        0.270        0.277
     6     8    -0.057    -0.045     0.003     0.006     0.000     0.000        0.016        0.018
     6     9    -0.702    -0.426    -0.626    -0.712     0.000     0.000       -0.350       -0.437
     6    10     0.154     0.088     0.134     0.157     0.000     0.000        0.068        0.091
     6    11     0.095     0.068     0.080     0.091     0.000     0.000        0.054        0.064
     6    12     0.566     0.417     0.325     0.370     0.000     0.000        0.176        0.222
     7     8    -0.028    -0.037    -0.035    -0.036     0.000     0.000       -0.045       -0.046
     7     9    -0.223    -0.256    -0.075    -0.080     0.000     0.000       -0.108       -0.113
     7    10     0.227     0.210     0.065     0.061     0.000     0.000        0.048        0.044
     7    11    -0.064    -0.018    -0.139    -0.186     0.000     0.000       -0.093       -0.139
     7    12     0.538     0.363     0.232     0.272     0.000     0.000        0.056        0.096
     8     9     0.051     0.060     0.108     0.122     0.000     0.000        0.117        0.131
     8    10     0.160     0.150     0.106     0.106     0.000     0.000        0.096        0.096
     8    11     0.201     0.091     0.124     0.130     0.000     0.000        0.015        0.020
     8    12    -0.109    -0.073    -0.039    -0.048     0.000     0.000       -0.002       -0.012
     9    10     0.173     0.084     0.158     0.157     0.000     0.000        0.068        0.068
     9    11    -0.115    -0.064    -0.037    -0.042     0.000     0.000        0.014        0.010
     9    12     0.136     0.139     0.004    -0.018     0.000     0.000        0.007       -0.015
    10    11     0.085     0.071     0.021     0.021     0.000     0.000        0.007        0.008
    10    12     0.251     0.209     0.053     0.060     0.000     0.000        0.011        0.018
    11    12     0.118     0.128     0.030     0.003     0.000     0.000        0.040        0.014

-----------------------------------------------------------------
