-----------------------------------------------------------------

 OUTPUT SELF-ENERGY DIAGONAL MATRIX ELEMENTS (eV)
     n   occ        E_dft     V_xc   Sigma_x  Sigma_sx   Sigma_c   Sigma_g  Sigma-V_xc   zfac  Im[Sigma]      E_0      E_qp  
     1   1.000     6.313   -10.711   -15.790     5.016     4.017     0.000    -1.062     0.853     1.133     6.313     5.428
     2   1.000     9.184   -10.714   -14.386     4.364     2.955     0.000    -0.717     0.800     0.411     9.184     8.608
     3   1.000    11.276   -10.038   -12.350     3.054     2.162     0.000    -0.150     0.873     0.093    11.276    11.145
     4   1.000    13.559   -10.787   -13.192     3.310     1.760     0.000    -0.646     0.877     0.075    13.559    12.991
     5   0.000    17.572    -9.372    -4.330     1.746    -3.766     0.000     1.276     0.899    -0.102    17.572    18.726
     6   0.000    20.579   -10.075    -4.793     1.894    -3.829     0.000     1.452     0.894    -0.130    20.579    21.886
     7   0.000    21.499   -10.214    -4.731     1.830    -3.899     0.000     1.583     0.897    -0.164    21.499    22.925
     8   0.000    22.135    -9.918    -4.512     1.902    -3.904     0.000     1.502     0.881    -0.241    22.135    23.461
     9   0.000    23.204    -9.982    -4.325     1.728    -4.430     0.000     1.227     0.882    -0.487    23.204    24.275
    10   0.000    23.363    -9.967    -4.293     1.202    -4.043     0.000     1.631     0.899    -0.344    23.363    24.830
    11   0.000    28.429    -8.690    -2.405     0.062    -3.765     0.000     2.520     1.048    -1.206    28.429    30.926
    12   0.000    30.046    -9.184    -2.504    -0.139    -4.350     0.000     2.330     1.044    -1.716    30.046    32.460
-----------------------------------------------------------------


 OUTPUT SELF-ENERGY OFF-DIAGONAL MATRIX ELEMENTS (eV)
    n1    n2     V_xc    Sigma_x  Sigma_c1  Sigma_c2  Sigma_g1  Sigma_g2  Sigma-V_xc1  Sigma-V_xc2
     1     2     0.075     0.038     0.068     0.070     0.000     0.000        0.031        0.033
     1     3     0.294     0.410     0.117     0.143     0.000     0.000        0.234        0.260
     1     4    -0.010    -0.015    -0.063    -0.025     0.000     0.000       -0.068       -0.030
     1     5    -0.041    -0.047    -0.029    -0.034     0.000     0.000       -0.035       -0.040
     1     6     0.372     0.434     0.062     0.173     0.000     0.000        0.125        0.236
     1     7    -0.335    -0.386    -0.087    -0.145     0.000     0.000       -0.138       -0.196
     1     8     0.295     0.316     0.087     0.171     0.000     0.000        0.108        0.192
     1     9     0.115     0.452    -0.271    -0.218     0.000     0.000        0.067        0.120
     1    10    -0.070     0.079    -0.143    -0.145     0.000     0.000        0.006        0.004
     1    11    -0.656    -0.653    -0.318    -0.479     0.000     0.000       -0.314       -0.476
     1    12    -0.647    -0.708    -0.221    -0.402     0.000     0.000       -0.282       -0.463
     2     3     0.245     0.509    -0.142    -0.109     0.000     0.000        0.122        0.155
     2     4     0.085     0.077     0.068     0.083     0.000     0.000        0.060        0.075
     2     5     0.626     0.777     0.212     0.311     0.000     0.000        0.363        0.462
     2     6     0.172     0.144     0.121     0.120     0.000     0.000        0.093        0.092
     2     7    -0.158    -0.081    -0.183    -0.175     0.000     0.000       -0.106       -0.098
     2     8     0.242     0.490    -0.140    -0.057     0.000     0.000        0.108        0.191
     2     9     0.183     0.322    -0.075    -0.052     0.000     0.000        0.064        0.086
     2    10    -0.112    -0.295     0.140     0.141     0.000     0.000       -0.043       -0.042
     2    11     0.281     0.169     0.257     0.348     0.000     0.000        0.145        0.236
     2    12    -0.387    -0.262    -0.378    -0.557     0.000     0.000       -0.253       -0.432
     3     4    -0.016    -0.011     0.027     0.015     0.000     0.000        0.031        0.019
     3     5    -0.065    -0.053    -0.024    -0.035     0.000     0.000       -0.012       -0.023
     3     6     0.625     0.766     0.185     0.260     0.000     0.000        0.326        0.401
     3     7    -0.672    -0.876    -0.153    -0.193     0.000     0.000       -0.357       -0.398
     3     8     0.664     0.825     0.174     0.238     0.000     0.000        0.335        0.399
     3     9     0.735     0.967     0.212     0.299     0.000     0.000        0.445        0.532
     3    10     0.003     0.020    -0.021    -0.001     0.000     0.000       -0.004        0.016
     3    11    -0.011     0.038    -0.040    -0.065     0.000     0.000        0.009       -0.016
     3    12     0.035     0.066     0.036     0.058     0.000     0.000        0.066        0.088
     4     5     0.262     0.328     0.009    -0.009     0.000     0.000        0.075        0.058
     4     6    -0.232    -0.277    -0.100    -0.105     0.000     0.000       -0.146       -0.150
     4     7     0.014     0.035     0.009     0.016     0.000     0.000        0.030        0.037
     4     8     0.485     0.671     0.005     0.020     0.000     0.000        0.191        0.206
     4     9    -0.255    -0.373    -0.011     0.014     0.000     0.000       -0.130       -0.105
     4    10     0.538     0.797     0.023     0.005     0.000     0.000        0.282        0.264
     4    11     0.080     0.081     0.065     0.083     0.000     0.000        0.066        0.085
     4    12    -0.168    -0.204    -0.025    -0.076     0.000     0.000       -0.061       -0.112
     5     6    -0.191    -0.153    -0.162    -0.167     0.000     0.000       -0.124       -0.129
     5     7     0.326     0.247     0.208     0.226     0.000     0.000        0.130        0.148
     5     8     0.392     0.259     0.296     0.326     0.000     0.000        0.162        0.192
     5     9     0.067     0.041     0.055     0.051     0.000     0.000        0.028        0.025
     5    10    -0.407    -0.308    -0.299    -0.354     0.000     0.000       -0.200       -0.255
     5    11     0.594     0.382     0.362     0.452     0.000     0.000        0.150        0.240
     5    12    -0.743    -0.451    -0.553    -0.711     0.000     0.000       -0.261       -0.419
     6     7    -0.046    -0.019     0.000    -0.003     0.000     0.000        0.026        0.023
     6     8    -0.069    -0.162     0.064     0.059     0.000     0.000       -0.029       -0.033
     6     9     0.253     0.032     0.335     0.360     0.000     0.000        0.114        0.139
     6    10    -0.020     0.032    -0.113    -0.134     0.000     0.000       -0.060       -0.081
     6    11    -0.556    -0.415    -0.283    -0.361     0.000     0.000       -0.142       -0.220
     6    12    -0.208    -0.166    -0.110    -0.139     0.000     0.000       -0.068       -0.097
     7     8     0.009     0.156    -0.208    -0.219     0.000     0.000       -0.062       -0.072
     7     9    -0.189     0.015    -0.254    -0.264     0.000     0.000       -0.049       -0.060
     7    10    -0.134    -0.166    -0.068    -0.069     0.000     0.000       -0.100       -0.101
     7    11     0.598     0.497     0.266     0.359     0.000     0.000        0.165        0.259
     7    12    -0.033     0.012    -0.020    -0.005     0.000     0.000        0.026        0.040
     8     9     0.071    -0.014     0.066     0.066     0.000     0.000       -0.019       -0.018
     8    10     0.193    -0.012     0.404     0.416     0.000     0.000        0.199        0.211
     8    11     0.341     0.294     0.141     0.144     0.000     0.000        0.093        0.097
     8    12    -0.736    -0.583    -0.355    -0.453     0.000     0.000       -0.201       -0.300
     9    10    -0.079     0.027    -0.341    -0.344     0.000     0.000       -0.235       -0.238
     9    11    -0.014    -0.090    -0.001     0.058     0.000     0.000       -0.077       -0.018
     9    12    -0.078    -0.146     0.043     0.086     0.000     0.000       -0.025        0.018
    10    11    -0.347    -0.347    -0.153    -0.133     0.000     0.000       -0.152       -0.133
    10    12     0.469     0.356     0.305     0.396     0.000     0.000        0.192        0.283
    11    12     0.255     0.159     0.224     0.222     0.000     0.000        0.127        0.126

-----------------------------------------------------------------
