-----------------------------------------------------------------

 OUTPUT SELF-ENERGY DIAGONAL MATRIX ELEMENTS (eV)
     n   occ        E_dft     V_xc   Sigma_x  Sigma_sx   Sigma_c   Sigma_g  Sigma-V_xc   zfac  Im[Sigma]      E_0      E_qp  
     1   1.000     7.162   -10.812   -15.580     4.907     3.758     0.000    -1.010     0.841     0.930     7.162     6.311
     2   1.000     8.517   -10.862   -14.914     4.282     2.959     0.000    -1.093     0.856     0.609     8.517     7.583
     3   1.000    11.305    -9.991   -12.306     2.707     2.079     0.000    -0.236     0.879     0.080    11.305    11.097
     4   1.000    12.095   -10.160   -12.619     3.300     2.227     0.000    -0.232     0.875     0.090    12.095    11.892
     5   0.000    18.904    -9.675    -4.616     2.399    -3.638     0.000     1.421     0.879    -0.125    18.904    20.161
     6   0.000    19.647    -9.650    -4.616     1.950    -3.520     0.000     1.514     0.903    -0.106    19.647    21.023
     7   0.000    20.191   -10.092    -4.763     2.056    -3.953     0.000     1.375     0.890    -0.139    20.191    21.422
     8   0.000    22.113   -10.029    -4.562     1.421    -4.027     0.000     1.441     0.894    -0.206    22.113    23.407
     9   0.000    24.600   -10.460    -4.493     1.327    -4.904     0.000     1.064     0.905    -0.733    24.600    25.557
    10   0.000    26.631   -10.411    -3.898     0.626    -4.885     0.000     1.627     0.918    -0.992    26.631    28.158
    11   0.000    28.036   -10.196    -3.360     0.112    -5.177     0.000     1.659     1.028    -1.648    28.036    29.655
    12   0.000    29.774    -9.541    -2.707    -0.091    -4.632     0.000     2.202     1.015    -1.777    29.774    31.916
-----------------------------------------------------------------


 OUTPUT SELF-ENERGY OFF-DIAGONAL MATRIX ELEMENTS (eV)
    n1    n2     V_xc    Sigma_x  Sigma_c1  Sigma_c2  Sigma_g1  Sigma_g2  Sigma-V_xc1  Sigma-V_xc2
     1     2     0.023     0.034    -0.102    -0.084     0.000     0.000       -0.091       -0.073
     1     3    -0.172    -0.284     0.072     0.044     0.000     0.000       -0.040       -0.068
     1     4    -0.072    -0.064    -0.165    -0.142     0.000     0.000       -0.157       -0.134
     1     5     0.352     0.401     0.086     0.155     0.000     0.000        0.135        0.204
     1     6     0.172     0.155     0.159     0.169     0.000     0.000        0.142        0.152
     1     7     0.178     0.178     0.105     0.087     0.000     0.000        0.105        0.087
     1     8    -0.102     0.118    -0.331    -0.282     0.000     0.000       -0.110       -0.062
     1     9     0.101     0.069     0.120     0.101     0.000     0.000        0.087        0.068
     1    10    -0.001    -0.143     0.079     0.067     0.000     0.000       -0.063       -0.075
     1    11    -0.145    -0.291    -0.028    -0.061     0.000     0.000       -0.173       -0.207
     1    12    -0.660    -0.900    -0.007    -0.198     0.000     0.000       -0.246       -0.437
     2     3    -0.160    -0.186    -0.022    -0.017     0.000     0.000       -0.048       -0.043
     2     4     0.043    -0.096     0.124     0.110     0.000     0.000       -0.014       -0.028
     2     5     0.206     0.201     0.091     0.127     0.000     0.000        0.087        0.122
     2     6     0.191     0.285     0.048     0.082     0.000     0.000        0.142        0.176
     2     7    -0.331    -0.310    -0.218    -0.254     0.000     0.000       -0.196       -0.233
     2     8     0.053     0.110     0.047     0.015     0.000     0.000        0.104        0.072
     2     9     0.092     0.020     0.136     0.088     0.000     0.000        0.063        0.016
     2    10     0.167     0.486    -0.224    -0.227     0.000     0.000        0.096        0.093
     2    11    -0.399    -0.800     0.217     0.125     0.000     0.000       -0.183       -0.275
     2    12     0.089     0.108     0.023     0.067     0.000     0.000        0.043        0.086
     3     4    -0.006    -0.002     0.009     0.008     0.000     0.000        0.013        0.013
     3     5    -0.447    -0.512    -0.147    -0.202     0.000     0.000       -0.212       -0.268
     3     6    -0.704    -0.847    -0.184    -0.235     0.000     0.000       -0.327       -0.378
     3     7    -0.261    -0.304    -0.119    -0.142     0.000     0.000       -0.162       -0.185
     3     8    -0.693    -0.883    -0.208    -0.236     0.000     0.000       -0.399       -0.427
     3     9    -0.907    -1.333    -0.109    -0.152     0.000     0.000       -0.535       -0.578
     3    10    -0.099    -0.147    -0.009     0.023     0.000     0.000       -0.056       -0.025
     3    11     0.267     0.361     0.054     0.092     0.000     0.000        0.149        0.186
     3    12     0.093     0.098     0.030     0.033     0.000     0.000        0.035        0.038
     4     5    -0.713    -0.911    -0.154    -0.259     0.000     0.000       -0.352       -0.456
     4     6     0.747     1.001     0.214     0.266     0.000     0.000        0.468        0.520
     4     7    -0.122    -0.169    -0.035    -0.031     0.000     0.000       -0.082       -0.078
     4     8    -0.232    -0.323    -0.082    -0.085     0.000     0.000       -0.173       -0.176
     4     9    -0.039    -0.070     0.017     0.055     0.000     0.000       -0.014        0.023
     4    10    -0.691    -1.064    -0.053    -0.081     0.000     0.000       -0.425       -0.454
     4    11    -0.420    -0.626    -0.042    -0.061     0.000     0.000       -0.249       -0.267
     4    12     0.428     0.486     0.059     0.085     0.000     0.000        0.118        0.144
     5     6    -0.153    -0.107    -0.108    -0.109     0.000     0.000       -0.062       -0.063
     5     7     0.055     0.024     0.063     0.072     0.000     0.000        0.032        0.041
     5     8     0.210     0.052     0.229     0.258     0.000     0.000        0.071        0.099
     5     9    -0.088    -0.186     0.075     0.103     0.000     0.000       -0.024        0.004
     5    10     0.068    -0.138     0.232     0.296     0.000     0.000        0.025        0.089
     5    11    -0.372    -0.330    -0.165    -0.205     0.000     0.000       -0.123       -0.163
     5    12    -0.797    -0.549    -0.517    -0.607     0.000     0.000       -0.269       -0.359
     6     7     0.073     0.058     0.012     0.015     0.000     0.000       -0.004        0.000
     6     8     0.089    -0.003     0.119     0.129     0.000     0.000        0.027        0.037
     6     9    -0.011    -0.172     0.177     0.233     0.000     0.000        0.016        0.071
     6    10     0.053     0.183    -0.157    -0.203     0.000     0.000       -0.027       -0.073
     6    11    -0.222    -0.015    -0.336    -0.454     0.000     0.000       -0.129       -0.247
     6    12     0.106     0.038     0.071     0.105     0.000     0.000        0.003        0.037
     7     8     0.077     0.010     0.105     0.111     0.000     0.000        0.037        0.044
     7     9     0.143     0.020     0.187     0.218     0.000     0.000        0.064        0.095
     7    10    -0.396    -0.338    -0.230    -0.283     0.000     0.000       -0.172       -0.225
     7    11     0.421     0.263     0.359     0.448     0.000     0.000        0.200        0.290
     7    12    -0.408    -0.257    -0.341    -0.449     0.000     0.000       -0.190       -0.299
     8     9     0.135    -0.093     0.356     0.397     0.000     0.000        0.127        0.169
     8    10     0.072    -0.014     0.177     0.248     0.000     0.000        0.091        0.162
     8    11     0.106     0.095     0.124     0.166     0.000     0.000        0.113        0.155
     8    12     0.202     0.133     0.302     0.365     0.000     0.000        0.233        0.296
     9    10    -0.034    -0.027     0.087     0.097     0.000     0.000        0.094        0.104
     9    11     0.069    -0.003     0.029     0.043     0.000     0.000       -0.044       -0.029
     9    12    -0.021    -0.033    -0.012    -0.004     0.000     0.000       -0.024       -0.016
    10    11    -0.180     0.009    -0.247    -0.246     0.000     0.000       -0.058       -0.057
    10    12     0.145     0.017     0.112     0.201     0.000     0.000       -0.016        0.073
    11    12     0.105     0.019     0.042     0.109     0.000     0.000       -0.043        0.023

-----------------------------------------------------------------
