-----------------------------------------------------------------

 OUTPUT SELF-ENERGY DIAGONAL MATRIX ELEMENTS (eV)
     n   occ        E_dft     V_xc   Sigma_x  Sigma_sx   Sigma_c   Sigma_g  Sigma-V_xc   zfac  Im[Sigma]      E_0      E_qp  
     1   1.000     6.313   -10.711   -15.790     5.016     7.457     0.000     2.379     0.801     0.433     6.313     8.228
     2   1.000     9.184   -10.714   -14.386     4.364     6.424     0.000     2.752     0.844     0.157     9.184    11.456
     3   1.000    11.276   -10.038   -12.350     3.054     5.308     0.000     2.996     0.889     0.017    11.276    13.921
     4   1.000    13.559   -10.787   -13.192     3.310     5.267     0.000     2.862     0.890     0.002    13.559    16.098
     5   0.000    17.572    -9.372    -4.330     1.746    -0.813     0.000     4.229     0.870    -0.213    17.572    21.337
     6   0.000    20.579   -10.075    -4.793     1.894    -0.594     0.000     4.688     0.873    -0.334    20.579    24.744
     7   0.000    21.499   -10.214    -4.731     1.830    -0.556     0.000     4.927     0.891    -0.434    21.499    25.902
     8   0.000    22.135    -9.918    -4.512     1.902    -0.747     0.000     4.658     0.878    -0.570    22.135    26.241
     9   0.000    23.204    -9.982    -4.325     1.728    -1.189     0.000     4.469     0.910    -1.024    23.204    27.200
    10   0.000    23.363    -9.967    -4.293     1.202    -0.862     0.000     4.812     0.927    -0.755    23.363    27.726
    11   0.000    28.429    -8.690    -2.405     0.062    -1.286     0.000     4.999     1.038    -1.724    28.429    33.474
    12   0.000    30.046    -9.184    -2.504    -0.139    -1.525     0.000     5.155     1.751    -2.718    30.046    36.064
-----------------------------------------------------------------


 OUTPUT SELF-ENERGY OFF-DIAGONAL MATRIX ELEMENTS (eV)
    n1    n2     V_xc    Sigma_x  Sigma_c1  Sigma_c2  Sigma_g1  Sigma_g2  Sigma-V_xc1  Sigma-V_xc2
     1     2     0.075     0.038     0.024     0.027     0.000     0.000       -0.013       -0.010
     1     3     0.294     0.410    -0.067    -0.041     0.000     0.000        0.050        0.076
     1     4    -0.010    -0.015    -0.058    -0.020     0.000     0.000       -0.063       -0.025
     1     5    -0.041    -0.047    -0.005    -0.011     0.000     0.000       -0.011       -0.017
     1     6     0.372     0.434    -0.139    -0.028     0.000     0.000       -0.076        0.035
     1     7    -0.335    -0.386     0.091     0.033     0.000     0.000        0.040       -0.018
     1     8     0.295     0.316    -0.075     0.009     0.000     0.000       -0.054        0.030
     1     9     0.115     0.452    -0.286    -0.232     0.000     0.000        0.052        0.106
     1    10    -0.070     0.079    -0.082    -0.084     0.000     0.000        0.068        0.066
     1    11    -0.656    -0.653     0.083    -0.079     0.000     0.000        0.086       -0.075
     1    12    -0.647    -0.708     0.156    -0.025     0.000     0.000        0.095       -0.086
     2     3     0.245     0.509    -0.266    -0.233     0.000     0.000       -0.001        0.031
     2     4     0.085     0.077     0.018     0.034     0.000     0.000        0.010        0.026
     2     5     0.626     0.777    -0.162    -0.063     0.000     0.000       -0.011        0.088
     2     6     0.172     0.144     0.016     0.015     0.000     0.000       -0.012       -0.014
     2     7    -0.158    -0.081    -0.076    -0.069     0.000     0.000        0.000        0.008
     2     8     0.242     0.490    -0.241    -0.158     0.000     0.000        0.007        0.090
     2     9     0.183     0.322    -0.160    -0.138     0.000     0.000       -0.021        0.001
     2    10    -0.112    -0.295     0.172     0.173     0.000     0.000       -0.010       -0.010
     2    11     0.281     0.169     0.064     0.155     0.000     0.000       -0.048        0.042
     2    12    -0.387    -0.262    -0.121    -0.300     0.000     0.000        0.004       -0.175
     3     4    -0.016    -0.011     0.037     0.025     0.000     0.000        0.041        0.030
     3     5    -0.065    -0.053     0.015     0.005     0.000     0.000        0.028        0.017
     3     6     0.625     0.766    -0.155    -0.080     0.000     0.000       -0.015        0.061
     3     7    -0.672    -0.876     0.208     0.168     0.000     0.000        0.004       -0.037
     3     8     0.664     0.825    -0.183    -0.119     0.000     0.000       -0.022        0.042
     3     9     0.735     0.967    -0.178    -0.091     0.000     0.000        0.054        0.142
     3    10     0.003     0.020    -0.024    -0.003     0.000     0.000       -0.007        0.014
     3    11    -0.011     0.038    -0.033    -0.058     0.000     0.000        0.016       -0.009
     3    12     0.035     0.066     0.004     0.026     0.000     0.000        0.035        0.057
     4     5     0.262     0.328    -0.109    -0.126     0.000     0.000       -0.042       -0.060
     4     6    -0.232    -0.277     0.029     0.024     0.000     0.000       -0.017       -0.021
     4     7     0.014     0.035     0.001     0.008     0.000     0.000        0.021        0.028
     4     8     0.485     0.671    -0.256    -0.242     0.000     0.000       -0.070       -0.055
     4     9    -0.255    -0.373     0.115     0.140     0.000     0.000       -0.004        0.021
     4    10     0.538     0.797    -0.239    -0.257     0.000     0.000        0.020        0.002
     4    11     0.080     0.081     0.017     0.035     0.000     0.000        0.018        0.037
     4    12    -0.168    -0.204     0.063     0.012     0.000     0.000        0.027       -0.023
     5     6    -0.191    -0.153    -0.034    -0.040     0.000     0.000        0.004       -0.001
     5     7     0.326     0.247    -0.007     0.011     0.000     0.000       -0.085       -0.067
     5     8     0.392     0.259     0.019     0.050     0.000     0.000       -0.114       -0.084
     5     9     0.067     0.041     0.008     0.004     0.000     0.000       -0.019       -0.022
     5    10    -0.407    -0.308    -0.037    -0.092     0.000     0.000        0.062        0.007
     5    11     0.594     0.382     0.015     0.105     0.000     0.000       -0.198       -0.108
     5    12    -0.743    -0.451    -0.083    -0.241     0.000     0.000        0.209        0.051
     6     7    -0.046    -0.019     0.028     0.026     0.000     0.000        0.055        0.052
     6     8    -0.069    -0.162     0.089     0.084     0.000     0.000       -0.003       -0.008
     6     9     0.253     0.032     0.129     0.154     0.000     0.000       -0.092       -0.067
     6    10    -0.020     0.032    -0.067    -0.088     0.000     0.000       -0.014       -0.035
     6    11    -0.556    -0.415     0.017    -0.062     0.000     0.000        0.158        0.079
     6    12    -0.208    -0.166     0.008    -0.021     0.000     0.000        0.050        0.022
     7     8     0.009     0.156    -0.158    -0.168     0.000     0.000       -0.011       -0.022
     7     9    -0.189     0.015    -0.087    -0.098     0.000     0.000        0.117        0.106
     7    10    -0.134    -0.166     0.011     0.010     0.000     0.000       -0.021       -0.022
     7    11     0.598     0.497    -0.049     0.044     0.000     0.000       -0.149       -0.056
     7    12    -0.033     0.012     0.007     0.022     0.000     0.000        0.052        0.067
     8     9     0.071    -0.014     0.011     0.012     0.000     0.000       -0.074       -0.073
     8    10     0.193    -0.012     0.191     0.203     0.000     0.000       -0.013       -0.001
     8    11     0.341     0.294    -0.035    -0.031     0.000     0.000       -0.082       -0.078
     8    12    -0.736    -0.583     0.051    -0.048     0.000     0.000        0.204        0.106
     9    10    -0.079     0.027    -0.228    -0.231     0.000     0.000       -0.122       -0.125
     9    11    -0.014    -0.090    -0.012     0.047     0.000     0.000       -0.088       -0.029
     9    12    -0.078    -0.146     0.046     0.088     0.000     0.000       -0.022        0.021
    10    11    -0.347    -0.347     0.028     0.048     0.000     0.000        0.029        0.048
    10    12     0.469     0.356     0.025     0.116     0.000     0.000       -0.088        0.003
    11    12     0.255     0.159     0.060     0.058     0.000     0.000       -0.037       -0.038

-----------------------------------------------------------------
