-----------------------------------------------------------------

 OUTPUT SELF-ENERGY DIAGONAL MATRIX ELEMENTS (eV)
     n   occ        E_dft     V_xc   Sigma_x  Sigma_sx   Sigma_c   Sigma_g  Sigma-V_xc   zfac  Im[Sigma]      E_0      E_qp  
     1   1.000     5.002   -10.540   -16.282     5.402     4.676     0.000    -1.066     0.827     1.569     5.002     4.135
     2   1.000    10.747   -10.744   -13.525     3.866     2.209     0.000    -0.573     0.834     0.197    10.747    10.268
     3   1.000    12.463   -10.307   -12.732     3.396     2.117     0.000    -0.308     0.871     0.092    12.463    12.195
     4   1.000    14.422   -11.025   -13.293     3.463     1.650     0.000    -0.618     0.882     0.063    14.422    13.876
     5   0.000    18.393    -9.921    -4.673     1.901    -4.096     0.000     1.153     0.890    -0.121    18.393    19.425
     6   0.000    19.139   -10.009    -4.938     2.268    -3.687     0.000     1.385     0.898    -0.097    19.139    20.389
     7   0.000    20.020   -10.186    -4.940     2.103    -3.749     0.000     1.497     0.900    -0.110    20.020    21.376
     8   0.000    21.042    -9.701    -4.271     1.903    -3.778     0.000     1.652     0.880    -0.198    21.042    22.506
     9   0.000    22.294    -9.721    -4.180     1.240    -3.614     0.000     1.926     0.902    -0.234    22.294    24.035
    10   0.000    25.774    -9.029    -2.741     0.337    -4.266     0.000     2.021     0.897    -0.925    25.774    27.592
    11   0.000    26.521   -10.423    -4.005     0.962    -4.750     0.000     1.669     0.938    -0.838    26.521    28.081
    12   0.000    27.698    -9.064    -2.637     0.191    -4.307     0.000     2.120     0.998    -1.258    27.698    29.718
-----------------------------------------------------------------


 OUTPUT SELF-ENERGY OFF-DIAGONAL MATRIX ELEMENTS (eV)
    n1    n2     V_xc    Sigma_x  Sigma_c1  Sigma_c2  Sigma_g1  Sigma_g2  Sigma-V_xc1  Sigma-V_xc2
     1     2     0.130     0.080     0.133     0.131     0.000     0.000        0.083        0.082
     1     3    -0.363    -0.348    -0.176    -0.233     0.000     0.000       -0.161       -0.218
     1     4     0.009     0.009    -0.027    -0.015     0.000     0.000       -0.026       -0.014
     1     5     0.164     0.211     0.012     0.044     0.000     0.000        0.059        0.091
     1     6     0.446     0.569     0.046     0.174     0.000     0.000        0.169        0.297
     1     7     0.485     0.616     0.081     0.170     0.000     0.000        0.212        0.301
     1     8     0.227     0.277     0.049     0.096     0.000     0.000        0.099        0.146
     1     9     0.098     0.118     0.008     0.012     0.000     0.000        0.029        0.032
     1    10     0.954     1.220     0.186     0.457     0.000     0.000        0.452        0.722
     1    11     0.122     0.185    -0.012     0.022     0.000     0.000        0.051        0.085
     1    12     0.275     0.388    -0.001     0.088     0.000     0.000        0.112        0.201
     2     3    -0.217    -0.300     0.016     0.004     0.000     0.000       -0.067       -0.079
     2     4     0.083     0.069     0.084     0.092     0.000     0.000        0.069        0.077
     2     5     0.584     0.758     0.191     0.254     0.000     0.000        0.365        0.428
     2     6     0.050     0.070     0.014    -0.002     0.000     0.000        0.034        0.018
     2     7     0.109     0.156     0.044     0.037     0.000     0.000        0.091        0.084
     2     8     0.266     0.384     0.024     0.078     0.000     0.000        0.142        0.196
     2     9     0.172     0.254    -0.011     0.001     0.000     0.000        0.071        0.083
     2    10     0.018     0.145    -0.130    -0.195     0.000     0.000       -0.003       -0.068
     2    11    -0.146    -0.562     0.405     0.586     0.000     0.000       -0.011        0.170
     2    12     0.586     0.642     0.254     0.411     0.000     0.000        0.311        0.468
     3     4     0.009    -0.008     0.003     0.011     0.000     0.000       -0.014       -0.006
     3     5    -0.048    -0.093    -0.001     0.008     0.000     0.000       -0.046       -0.037
     3     6    -0.507    -0.712    -0.073    -0.114     0.000     0.000       -0.279       -0.319
     3     7    -0.662    -0.960    -0.090    -0.118     0.000     0.000       -0.388       -0.416
     3     8    -0.257    -0.391    -0.054    -0.059     0.000     0.000       -0.188       -0.193
     3     9    -0.096    -0.164    -0.019    -0.036     0.000     0.000       -0.087       -0.105
     3    10    -0.435    -0.532    -0.147    -0.228     0.000     0.000       -0.244       -0.324
     3    11    -0.147    -0.327     0.118     0.148     0.000     0.000       -0.062       -0.032
     3    12    -0.268    -0.320    -0.052    -0.091     0.000     0.000       -0.104       -0.143
     4     5     0.199     0.271    -0.028    -0.042     0.000     0.000        0.044        0.030
     4     6    -0.098    -0.058    -0.065    -0.061     0.000     0.000       -0.025       -0.021
     4     7    -0.048    -0.083    -0.016    -0.026     0.000     0.000       -0.051       -0.061
     4     8     0.364     0.444     0.050     0.060     0.000     0.000        0.130        0.139
     4     9    -0.405    -0.580    -0.019    -0.020     0.000     0.000       -0.193       -0.195
     4    10    -0.009    -0.011    -0.045    -0.028     0.000     0.000       -0.047       -0.031
     4    11     0.012    -0.008     0.012     0.016     0.000     0.000       -0.008       -0.005
     4    12     0.049     0.055     0.047     0.066     0.000     0.000        0.053        0.073
     5     6    -0.110    -0.115    -0.069    -0.068     0.000     0.000       -0.073       -0.072
     5     7    -0.187    -0.132    -0.085    -0.084     0.000     0.000       -0.031       -0.029
     5     8     0.410     0.236     0.436     0.467     0.000     0.000        0.262        0.293
     5     9     0.347     0.222     0.309     0.338     0.000     0.000        0.183        0.213
     5    10     0.012    -0.009     0.049     0.027     0.000     0.000        0.028        0.006
     5    11     0.227     0.256     0.073     0.091     0.000     0.000        0.103        0.120
     5    12     0.326     0.150     0.299     0.332     0.000     0.000        0.123        0.156
     6     7     0.051     0.078    -0.025    -0.025     0.000     0.000        0.002        0.002
     6     8    -0.210    -0.248    -0.050    -0.063     0.000     0.000       -0.087       -0.100
     6     9     0.050     0.056     0.049     0.058     0.000     0.000        0.054        0.063
     6    10     0.586     0.328     0.412     0.493     0.000     0.000        0.154        0.235
     6    11    -0.100    -0.120    -0.035    -0.043     0.000     0.000       -0.055       -0.063
     6    12    -0.021    -0.037     0.043     0.070     0.000     0.000        0.027        0.054
     7     8    -0.106    -0.157    -0.008    -0.006     0.000     0.000       -0.059       -0.057
     7     9    -0.135    -0.201    -0.082    -0.093     0.000     0.000       -0.148       -0.158
     7    10     0.649     0.392     0.461     0.586     0.000     0.000        0.204        0.329
     7    11    -0.184    -0.179    -0.063    -0.056     0.000     0.000       -0.058       -0.051
     7    12    -0.045    -0.076     0.063     0.113     0.000     0.000        0.031        0.081
     8     9    -0.177    -0.048    -0.336    -0.350     0.000     0.000       -0.207       -0.221
     8    10    -0.221    -0.249    -0.027    -0.010     0.000     0.000       -0.054       -0.038
     8    11     0.609     0.454     0.403     0.486     0.000     0.000        0.247        0.330
     8    12     0.823     0.653     0.369     0.438     0.000     0.000        0.200        0.268
     9    10    -0.167    -0.178    -0.054    -0.056     0.000     0.000       -0.066       -0.068
     9    11     0.352     0.260     0.257     0.302     0.000     0.000        0.165        0.209
     9    12     0.463     0.413     0.174     0.209     0.000     0.000        0.125        0.160
    10    11     0.173     0.220    -0.066    -0.058     0.000     0.000       -0.019       -0.011
    10    12    -0.410    -0.286    -0.453    -0.452     0.000     0.000       -0.329       -0.328
    11    12     0.179     0.168     0.069     0.057     0.000     0.000        0.058        0.046

-----------------------------------------------------------------
