-----------------------------------------------------------------

 OUTPUT SELF-ENERGY DIAGONAL MATRIX ELEMENTS (eV)
     n   occ        E_dft     V_xc   Sigma_x  Sigma_sx   Sigma_c   Sigma_g  Sigma-V_xc   zfac  Im[Sigma]      E_0      E_qp  
     1   1.000     7.298   -10.847   -15.569     4.749     7.077     0.000     2.355     0.827     0.353     7.298     9.244
     2   1.000     8.370   -10.830   -14.928     4.600     6.770     0.000     2.672     0.828     0.226     8.370    10.553
     3   1.000    11.186    -9.945   -12.256     3.010     5.278     0.000     2.967     0.886     0.015    11.186    13.795
     4   1.000    12.202   -10.219   -12.681     2.938     5.272     0.000     2.810     0.892     0.013    12.202    14.694
     5   0.000    18.402    -9.610    -4.584     1.862    -0.593     0.000     4.433     0.880    -0.190    18.402    22.394
     6   0.000    20.190    -9.692    -4.649     2.289    -0.531     0.000     4.511     0.873    -0.336    20.190    24.168
     7   0.000    20.746   -10.091    -4.690     2.123    -0.709     0.000     4.691     0.860    -0.417    20.746    24.850
     8   0.000    21.544   -10.034    -4.627     1.929    -0.694     0.000     4.713     0.887    -0.511    21.544    25.711
     9   0.000    24.590   -10.446    -4.477     1.386    -0.933     0.000     5.037     0.930    -0.924    24.590    29.222
    10   0.000    26.297   -10.335    -3.909     0.676    -1.375     0.000     5.050     0.966    -1.494    26.297    31.149
    11   0.000    28.295   -10.243    -3.350     0.260    -1.636     0.000     5.257     1.136    -2.326    28.295    33.862
    12   0.000    29.894    -9.592    -2.727    -0.147    -1.739     0.000     5.127     1.316    -3.155    29.894    36.182
-----------------------------------------------------------------


 OUTPUT SELF-ENERGY OFF-DIAGONAL MATRIX ELEMENTS (eV)
    n1    n2     V_xc    Sigma_x  Sigma_c1  Sigma_c2  Sigma_g1  Sigma_g2  Sigma-V_xc1  Sigma-V_xc2
     1     2     0.007     0.052     0.024     0.022     0.000     0.000        0.069        0.067
     1     3    -0.039     0.081    -0.074    -0.064     0.000     0.000        0.046        0.056
     1     4     0.071     0.056     0.080     0.048     0.000     0.000        0.066        0.033
     1     5     0.167     0.200    -0.089    -0.040     0.000     0.000       -0.056       -0.007
     1     6    -0.007    -0.098     0.075     0.038     0.000     0.000       -0.016       -0.053
     1     7     0.271     0.204    -0.004     0.011     0.000     0.000       -0.071       -0.056
     1     8     0.200     0.083     0.086     0.101     0.000     0.000       -0.030       -0.015
     1     9     0.063    -0.002     0.056     0.083     0.000     0.000       -0.009        0.018
     1    10    -0.028    -0.214     0.075     0.142     0.000     0.000       -0.111       -0.044
     1    11     0.019     0.118    -0.016    -0.038     0.000     0.000        0.082        0.060
     1    12     0.633     0.885    -0.273    -0.175     0.000     0.000       -0.021        0.077
     2     3     0.162     0.196    -0.052    -0.029     0.000     0.000       -0.018        0.004
     2     4     0.139     0.186    -0.116    -0.096     0.000     0.000       -0.069       -0.049
     2     5     0.435     0.524    -0.072    -0.041     0.000     0.000        0.018        0.049
     2     6     0.162     0.201    -0.005     0.035     0.000     0.000        0.034        0.074
     2     7    -0.165    -0.083    -0.080    -0.057     0.000     0.000        0.002        0.024
     2     8     0.005    -0.108     0.116     0.068     0.000     0.000        0.004       -0.045
     2     9    -0.099    -0.014    -0.153    -0.180     0.000     0.000       -0.069       -0.096
     2    10    -0.164    -0.470     0.302     0.278     0.000     0.000       -0.004       -0.027
     2    11    -0.461    -0.863     0.281     0.165     0.000     0.000       -0.120       -0.236
     2    12     0.071     0.027     0.019    -0.044     0.000     0.000       -0.025       -0.088
     3     4    -0.017    -0.008     0.055     0.053     0.000     0.000        0.063        0.062
     3     5     0.092     0.107    -0.008     0.011     0.000     0.000        0.006        0.025
     3     6     1.045     1.260    -0.291    -0.146     0.000     0.000       -0.076        0.069
     3     7     0.211     0.257    -0.100    -0.035     0.000     0.000       -0.053        0.011
     3     8    -0.388    -0.473     0.066     0.033     0.000     0.000       -0.018       -0.051
     3     9    -0.897    -1.300     0.398     0.406     0.000     0.000       -0.005        0.002
     3    10    -0.252    -0.359     0.053     0.053     0.000     0.000       -0.053       -0.053
     3    11    -0.177    -0.239     0.014    -0.064     0.000     0.000       -0.048       -0.125
     3    12    -0.172    -0.204     0.003    -0.042     0.000     0.000       -0.030       -0.075
     4     5     0.763     0.979    -0.232    -0.185     0.000     0.000       -0.015        0.031
     4     6    -0.350    -0.473     0.093     0.074     0.000     0.000       -0.029       -0.048
     4     7     0.335     0.455    -0.100    -0.077     0.000     0.000        0.020        0.043
     4     8    -0.507    -0.708     0.175     0.143     0.000     0.000       -0.025       -0.058
     4     9    -0.130    -0.206     0.082     0.082     0.000     0.000        0.006        0.006
     4    10     0.654     1.043    -0.297    -0.345     0.000     0.000        0.092        0.044
     4    11    -0.502    -0.720     0.157     0.094     0.000     0.000       -0.062       -0.124
     4    12     0.369     0.415    -0.079     0.016     0.000     0.000       -0.034        0.062
     5     6    -0.107    -0.077    -0.032    -0.038     0.000     0.000       -0.002       -0.008
     5     7     0.127     0.072     0.020     0.020     0.000     0.000       -0.034       -0.034
     5     8    -0.231    -0.107    -0.049    -0.063     0.000     0.000        0.075        0.061
     5     9     0.116     0.140    -0.062    -0.067     0.000     0.000       -0.038       -0.043
     5    10    -0.369    -0.428     0.125     0.139     0.000     0.000        0.066        0.080
     5    11    -0.488    -0.213    -0.130    -0.312     0.000     0.000        0.144       -0.038
     5    12     0.586     0.391     0.020     0.128     0.000     0.000       -0.174       -0.066
     6     7     0.064     0.050    -0.054    -0.064     0.000     0.000       -0.068       -0.078
     6     8    -0.033     0.023    -0.054    -0.058     0.000     0.000        0.002       -0.003
     6     9    -0.050     0.190    -0.178    -0.242     0.000     0.000        0.062       -0.003
     6    10    -0.107     0.076    -0.127    -0.197     0.000     0.000        0.056       -0.014
     6    11    -0.130    -0.098    -0.031    -0.062     0.000     0.000        0.000       -0.031
     6    12    -0.241    -0.146    -0.029    -0.094     0.000     0.000        0.066        0.001
     7     8    -0.108    -0.011    -0.074    -0.081     0.000     0.000        0.022        0.016
     7     9    -0.164    -0.044    -0.044    -0.065     0.000     0.000        0.076        0.055
     7    10     0.086    -0.034     0.108     0.156     0.000     0.000       -0.012        0.036
     7    11     0.372     0.335     0.042     0.132     0.000     0.000        0.004        0.094
     7    12     0.597     0.404     0.084     0.254     0.000     0.000       -0.109        0.061
     8     9     0.069    -0.085     0.115     0.142     0.000     0.000       -0.039       -0.012
     8    10    -0.203    -0.049    -0.090    -0.156     0.000     0.000        0.064       -0.002
     8    11    -0.041    -0.113     0.022     0.031     0.000     0.000       -0.050       -0.040
     8    12     0.211     0.143     0.045     0.131     0.000     0.000       -0.023        0.063
     9    10    -0.048    -0.033    -0.015    -0.024     0.000     0.000        0.000       -0.009
     9    11    -0.072     0.006    -0.107    -0.088     0.000     0.000       -0.028       -0.010
     9    12     0.067     0.094    -0.058    -0.073     0.000     0.000       -0.031       -0.045
    10    11     0.235     0.058     0.234     0.192     0.000     0.000        0.057        0.015
    10    12    -0.159    -0.035    -0.129    -0.080     0.000     0.000       -0.005        0.045
    11    12    -0.005    -0.053     0.087     0.102     0.000     0.000        0.040        0.054

-----------------------------------------------------------------
