-----------------------------------------------------------------

 OUTPUT SELF-ENERGY DIAGONAL MATRIX ELEMENTS (eV)
     n   occ        E_dft     V_xc   Sigma_x  Sigma_sx   Sigma_c   Sigma_g  Sigma-V_xc   zfac  Im[Sigma]      E_0      E_qp  
     1   1.000     5.024   -10.523   -16.302     5.439     4.695     0.000    -1.085     0.848     1.520     5.024     4.099
     2   1.000    11.159   -10.955   -13.537     3.494     1.724     0.000    -0.858     0.857     0.170    11.159    10.422
     3   1.000    13.019   -10.530   -12.954     3.423     1.952     0.000    -0.472     0.873     0.083    13.019    12.606
     4   1.000    13.353   -10.695   -13.124     3.445     1.866     0.000    -0.563     0.876     0.080    13.353    12.859
     5   0.000    16.834    -9.489    -4.645     2.159    -3.550     0.000     1.294     0.903    -0.073    16.834    18.007
     6   0.000    18.452    -9.215    -4.036     1.762    -3.531     0.000     1.648     0.892    -0.121    18.452    19.934
     7   0.000    21.114   -10.454    -5.034     2.215    -4.129     0.000     1.291     0.872    -0.173    21.114    22.247
     8   0.000    21.641   -10.547    -5.098     2.099    -4.153     0.000     1.297     0.878    -0.172    21.641    22.787
     9   0.000    24.470   -10.512    -4.428     1.204    -4.791     0.000     1.293     0.870    -0.480    24.470    25.601
    10   0.000    25.379   -10.205    -4.184     0.743    -4.353     0.000     1.669     0.913    -0.589    25.379    26.872
    11   0.000    26.963    -8.889    -2.576     0.114    -4.305     0.000     2.008     0.968    -1.172    26.963    28.838
    12   0.000    28.517    -8.692    -2.310     0.012    -4.166     0.000     2.216     1.024    -1.510    28.517    30.765
-----------------------------------------------------------------


 OUTPUT SELF-ENERGY OFF-DIAGONAL MATRIX ELEMENTS (eV)
    n1    n2     V_xc    Sigma_x  Sigma_c1  Sigma_c2  Sigma_g1  Sigma_g2  Sigma-V_xc1  Sigma-V_xc2
     1     2    -0.049    -0.032    -0.052    -0.059     0.000     0.000       -0.035       -0.041
     1     3     0.247     0.240     0.026     0.105     0.000     0.000        0.019        0.098
     1     4     0.024     0.026     0.083     0.023     0.000     0.000        0.084        0.024
     1     5     0.727     0.917     0.238     0.354     0.000     0.000        0.428        0.545
     1     6     0.074     0.087     0.086     0.090     0.000     0.000        0.100        0.103
     1     7    -0.077    -0.099    -0.051    -0.055     0.000     0.000       -0.074       -0.078
     1     8    -0.135    -0.177    -0.028    -0.079     0.000     0.000       -0.069       -0.121
     1     9    -0.086    -0.104    -0.007    -0.044     0.000     0.000       -0.025       -0.062
     1    10    -0.036    -0.044     0.000    -0.006     0.000     0.000       -0.009       -0.014
     1    11     1.180     1.397     0.294     0.685     0.000     0.000        0.510        0.902
     1    12    -0.443    -0.501    -0.107    -0.258     0.000     0.000       -0.165       -0.317
     2     3    -0.122    -0.062    -0.238    -0.231     0.000     0.000       -0.178       -0.171
     2     4    -0.086     0.002    -0.129    -0.125     0.000     0.000       -0.041       -0.037
     2     5    -0.104    -0.112    -0.101    -0.113     0.000     0.000       -0.109       -0.121
     2     6     0.115     0.060     0.084     0.099     0.000     0.000        0.029        0.044
     2     7     0.249     0.352     0.088     0.116     0.000     0.000        0.190        0.219
     2     8     0.069     0.096     0.054     0.064     0.000     0.000        0.081        0.091
     2     9     0.191     0.511    -0.257    -0.339     0.000     0.000        0.064       -0.019
     2    10     0.086     0.277    -0.159    -0.256     0.000     0.000        0.032       -0.065
     2    11     0.015    -0.004     0.024     0.038     0.000     0.000        0.004        0.018
     2    12     0.347     0.307     0.215     0.357     0.000     0.000        0.175        0.317
     3     4     0.024     0.079     0.009     0.009     0.000     0.000        0.064        0.064
     3     5     0.407     0.602     0.003     0.009     0.000     0.000        0.199        0.204
     3     6     0.233     0.234     0.107     0.120     0.000     0.000        0.108        0.121
     3     7    -0.301    -0.459    -0.061    -0.074     0.000     0.000       -0.219       -0.232
     3     8    -0.587    -0.925     0.033     0.003     0.000     0.000       -0.304       -0.334
     3     9    -0.064    -0.089    -0.040    -0.048     0.000     0.000       -0.066       -0.073
     3    10     0.013     0.057    -0.036    -0.048     0.000     0.000        0.008       -0.004
     3    11     0.298     0.374     0.070     0.112     0.000     0.000        0.146        0.188
     3    12    -0.247    -0.224    -0.175    -0.273     0.000     0.000       -0.152       -0.250
     4     5    -0.001     0.038     0.044     0.055     0.000     0.000        0.082        0.093
     4     6     0.263     0.243     0.051     0.053     0.000     0.000        0.031        0.033
     4     7    -0.575    -0.874     0.002    -0.027     0.000     0.000       -0.297       -0.327
     4     8     0.305     0.481    -0.059    -0.041     0.000     0.000        0.117        0.135
     4     9     0.023     0.079    -0.045    -0.069     0.000     0.000        0.011       -0.013
     4    10    -0.115    -0.280     0.117     0.181     0.000     0.000       -0.047        0.016
     4    11    -0.001     0.000    -0.009     0.003     0.000     0.000       -0.009        0.004
     4    12    -0.132    -0.068    -0.155    -0.311     0.000     0.000       -0.091       -0.247
     5     6    -0.129    -0.151     0.088     0.084     0.000     0.000        0.066        0.062
     5     7     0.091     0.085     0.051     0.062     0.000     0.000        0.045        0.056
     5     8     0.076     0.077     0.028     0.030     0.000     0.000        0.029        0.031
     5     9    -0.108    -0.073    -0.120    -0.151     0.000     0.000       -0.086       -0.116
     5    10    -0.054    -0.037    -0.069    -0.087     0.000     0.000       -0.052       -0.070
     5    11     0.927     0.539     0.748     1.002     0.000     0.000        0.360        0.613
     5    12    -0.259    -0.167    -0.149    -0.151     0.000     0.000       -0.057       -0.059
     6     7    -0.301    -0.203    -0.294    -0.324     0.000     0.000       -0.196       -0.226
     6     8    -0.079    -0.052    -0.063    -0.065     0.000     0.000       -0.036       -0.037
     6     9     0.688     0.478     0.573     0.704     0.000     0.000        0.362        0.493
     6    10     0.294     0.213     0.218     0.266     0.000     0.000        0.137        0.186
     6    11    -0.077    -0.062    -0.080    -0.062     0.000     0.000       -0.065       -0.048
     6    12    -0.713    -0.510    -0.396    -0.497     0.000     0.000       -0.193       -0.294
     7     8    -0.008     0.017    -0.035    -0.034     0.000     0.000       -0.009       -0.009
     7     9     0.060    -0.033     0.110     0.122     0.000     0.000        0.017        0.030
     7    10    -0.207    -0.211    -0.079    -0.055     0.000     0.000       -0.083       -0.058
     7    11     0.026     0.079    -0.114    -0.136     0.000     0.000       -0.061       -0.083
     7    12     0.455     0.364     0.119     0.086     0.000     0.000        0.028       -0.005
     8     9    -0.061    -0.083    -0.061    -0.079     0.000     0.000       -0.083       -0.101
     8    10     0.161     0.142     0.152     0.175     0.000     0.000        0.133        0.156
     8    11    -0.106     0.025    -0.203    -0.222     0.000     0.000       -0.071       -0.091
     8    12     0.122     0.060     0.104     0.102     0.000     0.000        0.043        0.040
     9    10    -0.220    -0.109    -0.252    -0.247     0.000     0.000       -0.141       -0.136
     9    11    -0.075    -0.017    -0.064    -0.074     0.000     0.000       -0.005       -0.016
     9    12     0.112     0.105    -0.016    -0.026     0.000     0.000       -0.023       -0.033
    10    11    -0.070    -0.047    -0.027    -0.032     0.000     0.000       -0.004       -0.009
    10    12    -0.177    -0.127    -0.060    -0.092     0.000     0.000       -0.010       -0.043
    11    12     0.132     0.128     0.079     0.064     0.000     0.000        0.076        0.060

-----------------------------------------------------------------
