-----------------------------------------------------------------

 OUTPUT SELF-ENERGY DIAGONAL MATRIX ELEMENTS (eV)
     n   occ        E_dft     V_xc   Sigma_x  Sigma_sx   Sigma_c   Sigma_g  Sigma-V_xc   zfac  Im[Sigma]      E_0      E_qp  
     1   1.000     5.448   -10.589   -16.164     5.195     7.749     0.000     2.174     0.836     0.702     5.448     7.261
     2   1.000    10.187   -10.753   -13.806     3.852     5.872     0.000     2.819     0.864     0.085    10.187    12.586
     3   1.000    12.056   -10.225   -12.646     2.892     5.217     0.000     2.796     0.890     0.011    12.056    14.532
     4   1.000    13.849   -10.782   -13.076     3.445     5.300     0.000     3.005     0.894    -0.002    13.849    16.529
     5   0.000    18.678    -9.994    -4.781     2.252    -0.654     0.000     4.558     0.861    -0.285    18.678    22.684
     6   0.000    18.851    -9.793    -4.737     2.159    -0.533     0.000     4.522     0.876    -0.267    18.851    22.875
     7   0.000    20.375    -9.694    -4.393     2.047    -0.623     0.000     4.678     0.900    -0.470    20.375    24.519
     8   0.000    21.155   -10.277    -4.899     2.036    -0.634     0.000     4.744     0.889    -0.466    21.155    25.361
     9   0.000    23.388    -9.933    -4.186     1.232    -0.911     0.000     4.837     0.926    -0.914    23.388    27.755
    10   0.000    25.674    -9.610    -3.247     0.593    -1.546     0.000     4.816     0.970    -1.603    25.674    30.147
    11   0.000    27.582    -9.860    -3.345     0.264    -1.446     0.000     5.069     1.101    -1.900    27.582    32.549
    12   0.000    28.023    -9.590    -3.018     0.203    -1.480     0.000     5.092     1.024    -1.908    28.023    33.120
-----------------------------------------------------------------


 OUTPUT SELF-ENERGY OFF-DIAGONAL MATRIX ELEMENTS (eV)
    n1    n2     V_xc    Sigma_x  Sigma_c1  Sigma_c2  Sigma_g1  Sigma_g2  Sigma-V_xc1  Sigma-V_xc2
     1     2     0.117     0.072     0.104     0.070     0.000     0.000        0.059        0.026
     1     3    -0.372    -0.404     0.126     0.066     0.000     0.000        0.094        0.034
     1     4     0.003    -0.001     0.048     0.038     0.000     0.000        0.044        0.034
     1     5    -0.257    -0.326     0.057     0.026     0.000     0.000       -0.011       -0.043
     1     6     0.469     0.592    -0.142    -0.051     0.000     0.000       -0.019        0.072
     1     7    -0.100    -0.116     0.029    -0.015     0.000     0.000        0.013       -0.032
     1     8    -0.415    -0.504     0.102     0.018     0.000     0.000        0.013       -0.070
     1     9    -0.106    -0.116     0.038    -0.019     0.000     0.000        0.027       -0.029
     1    10    -0.719    -1.091     0.260     0.104     0.000     0.000       -0.111       -0.268
     1    11     0.210     0.131    -0.008     0.093     0.000     0.000       -0.087        0.014
     1    12     0.191     0.119    -0.036     0.036     0.000     0.000       -0.108       -0.036
     2     3    -0.226    -0.360    -0.011    -0.013     0.000     0.000       -0.145       -0.147
     2     4     0.168     0.120     0.008     0.002     0.000     0.000       -0.040       -0.046
     2     5    -0.560    -0.731     0.111     0.050     0.000     0.000       -0.060       -0.120
     2     6    -0.080    -0.127     0.082     0.067     0.000     0.000        0.036        0.020
     2     7    -0.089    -0.172     0.095     0.059     0.000     0.000        0.012       -0.024
     2     8    -0.185    -0.255    -0.001    -0.013     0.000     0.000       -0.071       -0.082
     2     9    -0.196    -0.344     0.125     0.073     0.000     0.000       -0.023       -0.075
     2    10    -0.129    -0.228     0.091     0.056     0.000     0.000       -0.008       -0.043
     2    11    -0.094     0.293    -0.213    -0.392     0.000     0.000        0.174       -0.004
     2    12    -0.536    -0.856     0.258     0.174     0.000     0.000       -0.062       -0.147
     3     4     0.023    -0.010    -0.001    -0.004     0.000     0.000       -0.034       -0.037
     3     5     0.211     0.301    -0.007    -0.002     0.000     0.000        0.082        0.088
     3     6    -0.527    -0.693     0.224     0.186     0.000     0.000        0.059        0.021
     3     7     0.127     0.156    -0.003     0.005     0.000     0.000        0.027        0.034
     3     8     0.708     1.020    -0.288    -0.235     0.000     0.000        0.024        0.077
     3     9     0.142     0.223    -0.060    -0.057     0.000     0.000        0.020        0.023
     3    10     0.705     0.979    -0.213    -0.094     0.000     0.000        0.061        0.180
     3    11     0.225     0.421    -0.140    -0.132     0.000     0.000        0.055        0.064
     3    12     0.226     0.234     0.026     0.123     0.000     0.000        0.034        0.131
     4     5    -0.355    -0.491     0.108     0.092     0.000     0.000       -0.029       -0.045
     4     6    -0.360    -0.405     0.041     0.035     0.000     0.000       -0.005       -0.011
     4     7    -0.526    -0.659     0.177     0.149     0.000     0.000        0.043        0.016
     4     8    -0.109    -0.128    -0.004    -0.002     0.000     0.000       -0.023       -0.020
     4     9     0.335     0.543    -0.193    -0.210     0.000     0.000        0.016       -0.001
     4    10     0.045     0.066    -0.017    -0.019     0.000     0.000        0.004        0.002
     4    11    -0.094    -0.053    -0.033    -0.095     0.000     0.000        0.008       -0.053
     4    12    -0.049    -0.072    -0.012    -0.025     0.000     0.000       -0.035       -0.048
     5     6     0.091     0.147    -0.036    -0.036     0.000     0.000        0.021        0.020
     5     7     0.292     0.134     0.105     0.119     0.000     0.000       -0.054       -0.040
     5     8    -0.082    -0.080    -0.037    -0.034     0.000     0.000       -0.034       -0.032
     5     9     0.458     0.305     0.001     0.037     0.000     0.000       -0.152       -0.115
     5    10     0.141     0.035     0.005     0.017     0.000     0.000       -0.101       -0.089
     5    11     0.283     0.208    -0.003     0.006     0.000     0.000       -0.078       -0.069
     5    12     0.064    -0.008    -0.011    -0.047     0.000     0.000       -0.084       -0.120
     6     7     0.309     0.301    -0.047    -0.034     0.000     0.000       -0.055       -0.042
     6     8     0.042     0.063    -0.016    -0.015     0.000     0.000        0.005        0.006
     6     9     0.106     0.102    -0.003    -0.015     0.000     0.000       -0.007       -0.020
     6    10    -0.519    -0.238    -0.158    -0.265     0.000     0.000        0.124        0.017
     6    11     0.552     0.433    -0.003     0.070     0.000     0.000       -0.122       -0.048
     6    12     0.202     0.127    -0.022    -0.017     0.000     0.000       -0.097       -0.091
     7     8     0.167     0.100    -0.014    -0.012     0.000     0.000       -0.080       -0.079
     7     9    -0.186    -0.016    -0.131    -0.167     0.000     0.000        0.038        0.003
     7    10    -0.104    -0.122    -0.008     0.000     0.000     0.000       -0.026       -0.018
     7    11     0.819     0.665    -0.045     0.089     0.000     0.000       -0.198       -0.064
     7    12     0.166     0.112    -0.006    -0.027     0.000     0.000       -0.060       -0.080
     8     9    -0.166    -0.190    -0.023    -0.047     0.000     0.000       -0.047       -0.071
     8    10     0.336     0.103     0.177     0.282     0.000     0.000       -0.055        0.049
     8    11    -0.079    -0.098    -0.011    -0.039     0.000     0.000       -0.030       -0.058
     8    12     0.041    -0.006     0.020     0.023     0.000     0.000       -0.028       -0.025
     9    10    -0.051    -0.106     0.025     0.027     0.000     0.000       -0.029       -0.027
     9    11     0.554     0.484    -0.045     0.019     0.000     0.000       -0.114       -0.051
     9    12     0.129     0.131    -0.023    -0.028     0.000     0.000       -0.021       -0.025
    10    11    -0.338    -0.233    -0.110    -0.152     0.000     0.000       -0.006       -0.048
    10    12    -0.416    -0.333    -0.028    -0.072     0.000     0.000        0.055        0.012
    11    12     0.772     0.585     0.035     0.030     0.000     0.000       -0.152       -0.157

-----------------------------------------------------------------
