-----------------------------------------------------------------

 OUTPUT SELF-ENERGY DIAGONAL MATRIX ELEMENTS (eV)
     n   occ        E_dft     V_xc   Sigma_x  Sigma_sx   Sigma_c   Sigma_g  Sigma-V_xc   zfac  Im[Sigma]      E_0      E_qp  
     1   1.000     5.957   -10.660   -15.935     5.171     4.290     0.000    -0.986     0.855     1.221     5.957     5.127
     2   1.000     9.577   -10.739   -14.201     3.743     2.412     0.000    -1.049     0.835     0.348     9.577     8.701
     3   1.000    11.591   -10.117   -12.476     2.957     2.070     0.000    -0.289     0.880     0.079    11.591    11.336
     4   1.000    13.512   -10.674   -13.025     3.409     1.819     0.000    -0.532     0.881     0.067    13.512    13.042
     5   0.000    18.362    -9.694    -4.550     2.033    -3.731     0.000     1.413     0.893    -0.107    18.362    19.632
     6   0.000    19.362    -9.924    -4.799     2.435    -3.817     0.000     1.307     0.877    -0.134    19.362    20.517
     7   0.000    20.795    -9.828    -4.497     1.897    -3.807     0.000     1.525     0.889    -0.159    20.795    22.159
     8   0.000    21.767   -10.275    -4.823     2.045    -4.198     0.000     1.254     0.864    -0.254    21.767    22.857
     9   0.000    23.816    -9.986    -4.194     1.218    -4.112     0.000     1.679     0.889    -0.396    23.816    25.310
    10   0.000    24.468    -9.950    -3.970     1.008    -4.422     0.000     1.558     0.932    -0.587    24.468    25.928
    11   0.000    28.088    -8.783    -2.493     0.038    -4.244     0.000     2.046     1.018    -1.573    28.088    30.148
    12   0.000    29.350   -10.226    -3.106    -0.195    -5.334     0.000     1.786     1.071    -1.973    29.350    31.171
-----------------------------------------------------------------


 OUTPUT SELF-ENERGY OFF-DIAGONAL MATRIX ELEMENTS (eV)
    n1    n2     V_xc    Sigma_x  Sigma_c1  Sigma_c2  Sigma_g1  Sigma_g2  Sigma-V_xc1  Sigma-V_xc2
     1     2     0.095     0.067    -0.046     0.014     0.000     0.000       -0.074       -0.014
     1     3    -0.349    -0.471    -0.143    -0.182     0.000     0.000       -0.264       -0.304
     1     4     0.012     0.023     0.104     0.058     0.000     0.000        0.115        0.068
     1     5    -0.005    -0.005    -0.048    -0.047     0.000     0.000       -0.048       -0.046
     1     6     0.482     0.581     0.188     0.265     0.000     0.000        0.288        0.364
     1     7    -0.136    -0.147    -0.082    -0.073     0.000     0.000       -0.093       -0.084
     1     8    -0.390    -0.436    -0.221    -0.246     0.000     0.000       -0.267       -0.292
     1     9     0.108     0.099     0.082     0.067     0.000     0.000        0.073        0.057
     1    10    -0.349    -0.784     0.125     0.156     0.000     0.000       -0.310       -0.278
     1    11     0.590     0.554     0.290     0.510     0.000     0.000        0.254        0.474
     1    12     0.322     0.347     0.173     0.298     0.000     0.000        0.198        0.323
     2     3    -0.236    -0.454     0.113     0.099     0.000     0.000       -0.104       -0.118
     2     4    -0.169    -0.117    -0.107    -0.106     0.000     0.000       -0.055       -0.055
     2     5    -0.560    -0.727    -0.197    -0.262     0.000     0.000       -0.364       -0.429
     2     6     0.178     0.175     0.106     0.111     0.000     0.000        0.103        0.107
     2     7    -0.058    -0.194     0.155     0.117     0.000     0.000        0.019       -0.019
     2     8    -0.199    -0.241    -0.025    -0.033     0.000     0.000       -0.068       -0.076
     2     9     0.200     0.429    -0.161    -0.133     0.000     0.000        0.068        0.096
     2    10    -0.184    -0.279    -0.038     0.022     0.000     0.000       -0.133       -0.073
     2    11    -0.291    -0.161    -0.287    -0.443     0.000     0.000       -0.157       -0.314
     2    12    -0.098    -0.470     0.272     0.292     0.000     0.000       -0.100       -0.081
     3     4    -0.028    -0.009    -0.049    -0.048     0.000     0.000       -0.029       -0.028
     3     5    -0.021    -0.005    -0.111    -0.122     0.000     0.000       -0.094       -0.105
     3     6    -0.597    -0.734    -0.194    -0.259     0.000     0.000       -0.330       -0.395
     3     7     0.223     0.255     0.066     0.072     0.000     0.000        0.097        0.104
     3     8     0.765     1.040     0.179     0.266     0.000     0.000        0.453        0.540
     3     9    -0.206    -0.279    -0.035     0.000     0.000     0.000       -0.108       -0.074
     3    10     0.824     1.146     0.186     0.213     0.000     0.000        0.508        0.535
     3    11     0.106     0.192     0.014     0.060     0.000     0.000        0.100        0.145
     3    12     0.049    -0.004     0.077     0.083     0.000     0.000        0.023        0.030
     4     5     0.519     0.665     0.144     0.166     0.000     0.000        0.290        0.312
     4     6     0.264     0.290     0.144     0.180     0.000     0.000        0.170        0.205
     4     7     0.542     0.711     0.132     0.167     0.000     0.000        0.300        0.336
     4     8     0.148     0.187     0.048     0.063     0.000     0.000        0.087        0.102
     4     9     0.409     0.639    -0.006    -0.042     0.000     0.000        0.223        0.187
     4    10    -0.051    -0.077    -0.039    -0.049     0.000     0.000       -0.065       -0.075
     4    11     0.140     0.128     0.086     0.142     0.000     0.000        0.075        0.131
     4    12    -0.197    -0.206    -0.092    -0.132     0.000     0.000       -0.101       -0.141
     5     6     0.173     0.141     0.125     0.129     0.000     0.000        0.092        0.096
     5     7     0.389     0.245     0.321     0.346     0.000     0.000        0.176        0.201
     5     8    -0.094    -0.081    -0.025    -0.025     0.000     0.000       -0.012       -0.012
     5     9    -0.493    -0.365    -0.353    -0.404     0.000     0.000       -0.225       -0.276
     5    10    -0.056    -0.053    -0.023    -0.008     0.000     0.000       -0.019       -0.004
     5    11     0.546     0.361     0.333     0.409     0.000     0.000        0.148        0.224
     5    12    -0.471    -0.288    -0.392    -0.467     0.000     0.000       -0.209       -0.284
     6     7     0.129     0.171     0.027     0.012     0.000     0.000        0.069        0.054
     6     8     0.062     0.105    -0.006    -0.008     0.000     0.000        0.037        0.036
     6     9     0.101    -0.009     0.145     0.159     0.000     0.000        0.036        0.050
     6    10    -0.316    -0.065    -0.374    -0.464     0.000     0.000       -0.123       -0.213
     6    11     0.626     0.454     0.339     0.470     0.000     0.000        0.167        0.298
     6    12     0.040     0.016     0.030    -0.034     0.000     0.000        0.006       -0.058
     7     8     0.152     0.036     0.211     0.223     0.000     0.000        0.095        0.107
     7     9     0.187    -0.001     0.325     0.363     0.000     0.000        0.137        0.175
     7    10     0.022    -0.042     0.099     0.112     0.000     0.000        0.035        0.048
     7    11     0.566     0.471     0.238     0.304     0.000     0.000        0.143        0.210
     7    12    -0.528    -0.441    -0.324    -0.527     0.000     0.000       -0.237       -0.439
     8     9     0.140     0.166     0.030     0.003     0.000     0.000        0.056        0.029
     8    10     0.242     0.002     0.415     0.465     0.000     0.000        0.175        0.225
     8    11    -0.209    -0.195    -0.104    -0.238     0.000     0.000       -0.090       -0.223
     8    12    -0.034    -0.052    -0.006     0.000     0.000     0.000       -0.023       -0.018
     9    10    -0.018     0.054    -0.147    -0.157     0.000     0.000       -0.075       -0.085
     9    11    -0.413    -0.381    -0.185    -0.254     0.000     0.000       -0.153       -0.222
     9    12     0.389     0.343     0.268     0.429     0.000     0.000        0.221        0.383
    10    11    -0.265    -0.285     0.070     0.132     0.000     0.000        0.050        0.111
    10    12    -0.047    -0.088     0.035     0.034     0.000     0.000       -0.006       -0.007
    11    12     0.315     0.227     0.183     0.169     0.000     0.000        0.095        0.081

-----------------------------------------------------------------
