-----------------------------------------------------------------

 OUTPUT SELF-ENERGY DIAGONAL MATRIX ELEMENTS (eV)
     n   occ        E_dft     V_xc   Sigma_x  Sigma_sx   Sigma_c   Sigma_g  Sigma-V_xc   zfac  Im[Sigma]      E_0      E_qp  
     1   1.000     5.448   -10.589   -16.164     5.195     4.411     0.000    -1.163     0.858     1.392     5.448     4.471
     2   1.000    10.187   -10.753   -13.806     3.852     2.334     0.000    -0.719     0.835     0.265    10.187     9.585
     3   1.000    12.056   -10.225   -12.646     2.892     1.987     0.000    -0.434     0.873     0.088    12.056    11.677
     4   1.000    13.849   -10.782   -13.076     3.445     1.789     0.000    -0.506     0.884     0.066    13.849    13.401
     5   0.000    18.678    -9.994    -4.781     2.252    -3.896     0.000     1.317     0.888    -0.113    18.678    19.854
     6   0.000    18.851    -9.793    -4.737     2.159    -3.625     0.000     1.431     0.896    -0.104    18.851    20.141
     7   0.000    20.375    -9.694    -4.393     2.047    -3.665     0.000     1.636     0.881    -0.178    20.375    21.827
     8   0.000    21.155   -10.277    -4.899     2.036    -3.983     0.000     1.395     0.886    -0.171    21.155    22.398
     9   0.000    23.388    -9.933    -4.186     1.232    -4.046     0.000     1.701     0.897    -0.431    23.388    24.904
    10   0.000    25.674    -9.610    -3.247     0.593    -4.631     0.000     1.732     0.896    -0.893    25.674    27.210
    11   0.000    27.582    -9.860    -3.345     0.264    -4.639     0.000     1.876     0.970    -1.125    27.582    29.389
    12   0.000    28.023    -9.590    -3.018     0.203    -4.509     0.000     2.063     0.956    -1.216    28.023    29.995
-----------------------------------------------------------------


 OUTPUT SELF-ENERGY OFF-DIAGONAL MATRIX ELEMENTS (eV)
    n1    n2     V_xc    Sigma_x  Sigma_c1  Sigma_c2  Sigma_g1  Sigma_g2  Sigma-V_xc1  Sigma-V_xc2
     1     2     0.117     0.072     0.170     0.136     0.000     0.000        0.125        0.092
     1     3    -0.372    -0.404    -0.081    -0.140     0.000     0.000       -0.113       -0.172
     1     4     0.003    -0.001     0.047     0.037     0.000     0.000        0.043        0.033
     1     5    -0.257    -0.326    -0.088    -0.119     0.000     0.000       -0.157       -0.188
     1     6     0.469     0.592     0.124     0.215     0.000     0.000        0.247        0.338
     1     7    -0.100    -0.116    -0.028    -0.073     0.000     0.000       -0.044       -0.089
     1     8    -0.415    -0.504    -0.137    -0.221     0.000     0.000       -0.226       -0.310
     1     9    -0.106    -0.116    -0.023    -0.079     0.000     0.000       -0.033       -0.090
     1    10    -0.719    -1.091    -0.086    -0.242     0.000     0.000       -0.457       -0.614
     1    11     0.210     0.131     0.142     0.242     0.000     0.000        0.062        0.163
     1    12     0.191     0.119     0.099     0.171     0.000     0.000        0.027        0.099
     2     3    -0.226    -0.360    -0.139    -0.141     0.000     0.000       -0.272       -0.274
     2     4     0.168     0.120     0.111     0.105     0.000     0.000        0.062        0.056
     2     5    -0.560    -0.731    -0.222    -0.283     0.000     0.000       -0.393       -0.454
     2     6    -0.080    -0.127     0.038     0.023     0.000     0.000       -0.009       -0.024
     2     7    -0.089    -0.172     0.068     0.032     0.000     0.000       -0.015       -0.051
     2     8    -0.185    -0.255    -0.106    -0.118     0.000     0.000       -0.175       -0.187
     2     9    -0.196    -0.344     0.047    -0.004     0.000     0.000       -0.101       -0.152
     2    10    -0.129    -0.228     0.042     0.006     0.000     0.000       -0.057       -0.093
     2    11    -0.094     0.293    -0.393    -0.572     0.000     0.000       -0.006       -0.184
     2    12    -0.536    -0.856     0.048    -0.037     0.000     0.000       -0.273       -0.357
     3     4     0.023    -0.010     0.012     0.009     0.000     0.000       -0.021       -0.024
     3     5     0.211     0.301     0.098     0.104     0.000     0.000        0.188        0.193
     3     6    -0.527    -0.693    -0.056    -0.094     0.000     0.000       -0.221       -0.259
     3     7     0.127     0.156     0.074     0.082     0.000     0.000        0.104        0.111
     3     8     0.708     1.020     0.092     0.146     0.000     0.000        0.404        0.458
     3     9     0.142     0.223     0.017     0.020     0.000     0.000        0.097        0.100
     3    10     0.705     0.979     0.143     0.262     0.000     0.000        0.417        0.536
     3    11     0.225     0.421    -0.067    -0.059     0.000     0.000        0.129        0.137
     3    12     0.226     0.234     0.167     0.264     0.000     0.000        0.175        0.272
     4     5    -0.355    -0.491    -0.052    -0.068     0.000     0.000       -0.189       -0.205
     4     6    -0.360    -0.405    -0.133    -0.139     0.000     0.000       -0.178       -0.184
     4     7    -0.526    -0.659    -0.098    -0.126     0.000     0.000       -0.232       -0.259
     4     8    -0.109    -0.128    -0.060    -0.058     0.000     0.000       -0.078       -0.076
     4     9     0.335     0.543    -0.049    -0.065     0.000     0.000        0.160        0.143
     4    10     0.045     0.066     0.009     0.007     0.000     0.000        0.030        0.028
     4    11    -0.094    -0.053    -0.108    -0.170     0.000     0.000       -0.067       -0.129
     4    12    -0.049    -0.072    -0.040    -0.053     0.000     0.000       -0.063       -0.076
     5     6     0.091     0.147     0.012     0.011     0.000     0.000        0.068        0.068
     5     7     0.292     0.134     0.313     0.327     0.000     0.000        0.154        0.168
     5     8    -0.082    -0.080    -0.072    -0.070     0.000     0.000       -0.070       -0.068
     5     9     0.458     0.305     0.288     0.325     0.000     0.000        0.136        0.172
     5    10     0.141     0.035     0.119     0.131     0.000     0.000        0.013        0.025
     5    11     0.283     0.208     0.156     0.164     0.000     0.000        0.081        0.089
     5    12     0.064    -0.008     0.024    -0.012     0.000     0.000       -0.049       -0.085
     6     7     0.309     0.301     0.149     0.162     0.000     0.000        0.142        0.155
     6     8     0.042     0.063    -0.008    -0.007     0.000     0.000        0.013        0.014
     6     9     0.106     0.102     0.036     0.023     0.000     0.000        0.031        0.018
     6    10    -0.519    -0.238    -0.501    -0.608     0.000     0.000       -0.219       -0.327
     6    11     0.552     0.433     0.296     0.370     0.000     0.000        0.178        0.251
     6    12     0.202     0.127     0.062     0.067     0.000     0.000       -0.013       -0.007
     7     8     0.167     0.100     0.102     0.103     0.000     0.000        0.035        0.037
     7     9    -0.186    -0.016    -0.306    -0.341     0.000     0.000       -0.136       -0.172
     7    10    -0.104    -0.122    -0.056    -0.049     0.000     0.000       -0.074       -0.067
     7    11     0.819     0.665     0.421     0.555     0.000     0.000        0.267        0.401
     7    12     0.166     0.112     0.055     0.035     0.000     0.000        0.002       -0.018
     8     9    -0.166    -0.190    -0.150    -0.175     0.000     0.000       -0.174       -0.199
     8    10     0.336     0.103     0.439     0.543     0.000     0.000        0.206        0.310
     8    11    -0.079    -0.098    -0.026    -0.054     0.000     0.000       -0.045       -0.073
     8    12     0.041    -0.006     0.078     0.081     0.000     0.000        0.030        0.034
     9    10    -0.051    -0.106     0.021     0.023     0.000     0.000       -0.033       -0.031
     9    11     0.554     0.484     0.292     0.355     0.000     0.000        0.222        0.285
     9    12     0.129     0.131     0.026     0.021     0.000     0.000        0.029        0.024
    10    11    -0.338    -0.233    -0.323    -0.365     0.000     0.000       -0.218       -0.260
    10    12    -0.416    -0.333    -0.283    -0.327     0.000     0.000       -0.199       -0.243
    11    12     0.772     0.585     0.521     0.515     0.000     0.000        0.334        0.328

-----------------------------------------------------------------
