-----------------------------------------------------------------

 OUTPUT SELF-ENERGY DIAGONAL MATRIX ELEMENTS (eV)
     n   occ        E_dft     V_xc   Sigma_x  Sigma_sx   Sigma_c   Sigma_g  Sigma-V_xc   zfac  Im[Sigma]      E_0      E_qp  
     1   1.000     5.957   -10.660   -15.935     5.171     7.675     0.000     2.399     0.825     0.564     5.957     7.932
     2   1.000     9.577   -10.739   -14.201     3.743     5.933     0.000     2.471     0.861     0.113     9.577    11.673
     3   1.000    11.591   -10.117   -12.476     2.957     5.244     0.000     2.885     0.895     0.010    11.591    14.158
     4   1.000    13.512   -10.674   -13.025     3.409     5.273     0.000     2.922     0.892    -0.001    13.512    16.111
     5   0.000    18.362    -9.694    -4.550     2.033    -0.671     0.000     4.473     0.867    -0.251    18.362    22.319
     6   0.000    19.362    -9.924    -4.799     2.435    -0.655     0.000     4.469     0.855    -0.337    19.362    23.253
     7   0.000    20.795    -9.828    -4.497     1.897    -0.686     0.000     4.645     0.863    -0.395    20.795    24.886
     8   0.000    21.767   -10.275    -4.823     2.045    -0.843     0.000     4.609     0.871    -0.656    21.767    25.752
     9   0.000    23.816    -9.986    -4.194     1.218    -0.933     0.000     4.858     0.928    -0.897    23.816    28.168
    10   0.000    24.468    -9.950    -3.970     1.008    -1.147     0.000     4.832     0.955    -1.029    24.468    28.986
    11   0.000    28.088    -8.783    -2.493     0.038    -1.728     0.000     4.562     1.125    -2.288    28.088    32.808
    12   0.000    29.350   -10.226    -3.106    -0.195    -1.858     0.000     5.262     1.126    -2.838    29.350    35.152
-----------------------------------------------------------------


 OUTPUT SELF-ENERGY OFF-DIAGONAL MATRIX ELEMENTS (eV)
    n1    n2     V_xc    Sigma_x  Sigma_c1  Sigma_c2  Sigma_g1  Sigma_g2  Sigma-V_xc1  Sigma-V_xc2
     1     2     0.095     0.067    -0.100    -0.039     0.000     0.000       -0.128       -0.067
     1     3    -0.349    -0.471     0.051     0.011     0.000     0.000       -0.071       -0.110
     1     4     0.012     0.023     0.095     0.048     0.000     0.000        0.105        0.059
     1     5    -0.005    -0.005    -0.045    -0.044     0.000     0.000       -0.045       -0.043
     1     6     0.482     0.581    -0.085    -0.008     0.000     0.000        0.015        0.092
     1     7    -0.136    -0.147    -0.004     0.006     0.000     0.000       -0.015       -0.006
     1     8    -0.390    -0.436     0.007    -0.018     0.000     0.000       -0.039       -0.064
     1     9     0.108     0.099     0.017     0.002     0.000     0.000        0.008       -0.007
     1    10    -0.349    -0.784     0.248     0.279     0.000     0.000       -0.187       -0.155
     1    11     0.590     0.554    -0.070     0.150     0.000     0.000       -0.106        0.114
     1    12     0.322     0.347    -0.009     0.116     0.000     0.000        0.016        0.141
     2     3    -0.236    -0.454     0.246     0.232     0.000     0.000        0.028        0.014
     2     4    -0.169    -0.117    -0.007    -0.007     0.000     0.000        0.044        0.044
     2     5    -0.560    -0.727     0.136     0.072     0.000     0.000       -0.031       -0.095
     2     6     0.178     0.175    -0.001     0.004     0.000     0.000       -0.005        0.000
     2     7    -0.058    -0.194     0.167     0.128     0.000     0.000        0.031       -0.008
     2     8    -0.199    -0.241     0.088     0.080     0.000     0.000        0.045        0.037
     2     9     0.200     0.429    -0.234    -0.205     0.000     0.000       -0.005        0.023
     2    10    -0.184    -0.279     0.048     0.108     0.000     0.000       -0.047        0.013
     2    11    -0.291    -0.161    -0.083    -0.239     0.000     0.000        0.047       -0.109
     2    12    -0.098    -0.470     0.198     0.217     0.000     0.000       -0.175       -0.155
     3     4    -0.028    -0.009    -0.035    -0.034     0.000     0.000       -0.016       -0.015
     3     5    -0.021    -0.005    -0.097    -0.107     0.000     0.000       -0.080       -0.091
     3     6    -0.597    -0.734     0.129     0.064     0.000     0.000       -0.008       -0.073
     3     7     0.223     0.255    -0.062    -0.055     0.000     0.000       -0.030       -0.024
     3     8     0.765     1.040    -0.232    -0.145     0.000     0.000        0.042        0.129
     3     9    -0.206    -0.279     0.074     0.108     0.000     0.000        0.000        0.035
     3    10     0.824     1.146    -0.230    -0.202     0.000     0.000        0.093        0.120
     3    11     0.106     0.192    -0.028     0.018     0.000     0.000        0.058        0.103
     3    12     0.049    -0.004     0.017     0.023     0.000     0.000       -0.036       -0.030
     4     5     0.519     0.665    -0.103    -0.081     0.000     0.000        0.044        0.066
     4     6     0.264     0.290     0.006     0.041     0.000     0.000        0.031        0.067
     4     7     0.542     0.711    -0.159    -0.123     0.000     0.000        0.009        0.045
     4     8     0.148     0.187    -0.026    -0.011     0.000     0.000        0.013        0.029
     4     9     0.409     0.639    -0.185    -0.221     0.000     0.000        0.045        0.008
     4    10    -0.051    -0.077    -0.012    -0.022     0.000     0.000       -0.039       -0.048
     4    11     0.140     0.128    -0.004     0.052     0.000     0.000       -0.016        0.040
     4    12    -0.197    -0.206     0.019    -0.021     0.000     0.000        0.010       -0.030
     5     6     0.173     0.141     0.013     0.017     0.000     0.000       -0.020       -0.016
     5     7     0.389     0.245     0.056     0.081     0.000     0.000       -0.088       -0.064
     5     8    -0.094    -0.081     0.027     0.027     0.000     0.000        0.040        0.040
     5     9    -0.493    -0.365    -0.059    -0.110     0.000     0.000        0.069        0.019
     5    10    -0.056    -0.053     0.004     0.019     0.000     0.000        0.008        0.023
     5    11     0.546     0.361     0.035     0.111     0.000     0.000       -0.150       -0.074
     5    12    -0.471    -0.288    -0.093    -0.168     0.000     0.000        0.090        0.015
     6     7     0.129     0.171    -0.051    -0.066     0.000     0.000       -0.009       -0.024
     6     8     0.062     0.105    -0.021    -0.023     0.000     0.000        0.022        0.020
     6     9     0.101    -0.009     0.043     0.058     0.000     0.000       -0.066       -0.052
     6    10    -0.316    -0.065    -0.136    -0.226     0.000     0.000        0.115        0.025
     6    11     0.626     0.454    -0.006     0.126     0.000     0.000       -0.178       -0.047
     6    12     0.040     0.016     0.016    -0.048     0.000     0.000       -0.007       -0.071
     7     8     0.152     0.036     0.092     0.103     0.000     0.000       -0.024       -0.013
     7     9     0.187    -0.001     0.146     0.184     0.000     0.000       -0.042       -0.004
     7    10     0.022    -0.042     0.071     0.084     0.000     0.000        0.007        0.020
     7    11     0.566     0.471    -0.064     0.003     0.000     0.000       -0.159       -0.092
     7    12    -0.528    -0.441    -0.014    -0.217     0.000     0.000        0.073       -0.129
     8     9     0.140     0.166    -0.081    -0.109     0.000     0.000       -0.056       -0.083
     8    10     0.242     0.002     0.189     0.240     0.000     0.000       -0.051        0.000
     8    11    -0.209    -0.195    -0.013    -0.146     0.000     0.000        0.002       -0.132
     8    12    -0.034    -0.052    -0.004     0.001     0.000     0.000       -0.022       -0.017
     9    10    -0.018     0.054    -0.104    -0.114     0.000     0.000       -0.031       -0.041
     9    11    -0.413    -0.381     0.055    -0.014     0.000     0.000        0.086        0.017
     9    12     0.389     0.343     0.029     0.190     0.000     0.000       -0.018        0.144
    10    11    -0.265    -0.285     0.217     0.279     0.000     0.000        0.196        0.258
    10    12    -0.047    -0.088     0.047     0.046     0.000     0.000        0.006        0.005
    11    12     0.315     0.227    -0.017    -0.031     0.000     0.000       -0.104       -0.118

-----------------------------------------------------------------
