-----------------------------------------------------------------

 OUTPUT SELF-ENERGY DIAGONAL MATRIX ELEMENTS (eV)
     n   occ        E_dft     V_xc   Sigma_x  Sigma_sx   Sigma_c   Sigma_g  Sigma-V_xc   zfac  Im[Sigma]      E_0      E_qp  
     1   1.000     5.002   -10.540   -16.282     5.402     7.986     0.000     2.244     0.832     0.788     5.002     6.872
     2   1.000    10.747   -10.744   -13.525     3.866     5.721     0.000     2.940     0.867     0.062    10.747    13.261
     3   1.000    12.463   -10.307   -12.732     3.396     5.407     0.000     2.982     0.888     0.018    12.463    15.094
     4   1.000    14.422   -11.025   -13.293     3.463     5.287     0.000     3.019     0.891    -0.009    14.422    17.108
     5   0.000    18.393    -9.921    -4.673     1.901    -0.798     0.000     4.451     0.862    -0.291    18.393    22.317
     6   0.000    19.139   -10.009    -4.938     2.268    -0.484     0.000     4.587     0.874    -0.245    19.139    23.220
     7   0.000    20.020   -10.186    -4.940     2.103    -0.450     0.000     4.796     0.882    -0.301    20.020    24.311
     8   0.000    21.042    -9.701    -4.271     1.903    -0.730     0.000     4.700     0.876    -0.487    21.042    25.180
     9   0.000    22.294    -9.721    -4.180     1.240    -0.637     0.000     4.904     0.903    -0.528    22.294    26.716
    10   0.000    25.774    -9.029    -2.741     0.337    -1.524     0.000     4.763     1.085    -1.719    25.774    30.280
    11   0.000    26.521   -10.423    -4.005     0.962    -1.268     0.000     5.150     0.954    -1.507    26.521    31.372
    12   0.000    27.698    -9.064    -2.637     0.191    -1.593     0.000     4.834     1.055    -1.941    27.698    32.490
-----------------------------------------------------------------


 OUTPUT SELF-ENERGY OFF-DIAGONAL MATRIX ELEMENTS (eV)
    n1    n2     V_xc    Sigma_x  Sigma_c1  Sigma_c2  Sigma_g1  Sigma_g2  Sigma-V_xc1  Sigma-V_xc2
     1     2     0.130     0.080     0.044     0.043     0.000     0.000       -0.005       -0.007
     1     3    -0.363    -0.348     0.053    -0.004     0.000     0.000        0.068        0.011
     1     4     0.009     0.009    -0.032    -0.020     0.000     0.000       -0.032       -0.020
     1     5     0.164     0.211    -0.075    -0.044     0.000     0.000       -0.028        0.004
     1     6     0.446     0.569    -0.190    -0.062     0.000     0.000       -0.068        0.061
     1     7     0.485     0.616    -0.170    -0.082     0.000     0.000       -0.039        0.050
     1     8     0.227     0.277    -0.067    -0.021     0.000     0.000       -0.017        0.030
     1     9     0.098     0.118    -0.041    -0.038     0.000     0.000       -0.021       -0.017
     1    10     0.954     1.220    -0.335    -0.065     0.000     0.000       -0.069        0.201
     1    11     0.122     0.185    -0.078    -0.044     0.000     0.000       -0.015        0.019
     1    12     0.275     0.388    -0.138    -0.049     0.000     0.000       -0.025        0.064
     2     3    -0.217    -0.300     0.130     0.118     0.000     0.000        0.048        0.036
     2     4     0.083     0.069     0.032     0.040     0.000     0.000        0.018        0.026
     2     5     0.584     0.758    -0.159    -0.097     0.000     0.000        0.015        0.078
     2     6     0.050     0.070    -0.012    -0.028     0.000     0.000        0.007       -0.008
     2     7     0.109     0.156    -0.023    -0.030     0.000     0.000        0.024        0.017
     2     8     0.266     0.384    -0.091    -0.037     0.000     0.000        0.027        0.081
     2     9     0.172     0.254    -0.085    -0.073     0.000     0.000       -0.004        0.009
     2    10     0.018     0.145    -0.096    -0.162     0.000     0.000        0.030       -0.035
     2    11    -0.146    -0.562     0.371     0.552     0.000     0.000       -0.045        0.136
     2    12     0.586     0.642    -0.080     0.077     0.000     0.000       -0.023        0.134
     3     4     0.009    -0.008    -0.006     0.002     0.000     0.000       -0.023       -0.015
     3     5    -0.048    -0.093     0.011     0.019     0.000     0.000       -0.035       -0.026
     3     6    -0.507    -0.712     0.186     0.145     0.000     0.000       -0.020       -0.061
     3     7    -0.662    -0.960     0.251     0.223     0.000     0.000       -0.047       -0.075
     3     8    -0.257    -0.391     0.092     0.086     0.000     0.000       -0.042       -0.048
     3     9    -0.096    -0.164     0.038     0.020     0.000     0.000       -0.031       -0.049
     3    10    -0.435    -0.532     0.090     0.010     0.000     0.000       -0.007       -0.087
     3    11    -0.147    -0.327     0.151     0.181     0.000     0.000       -0.029        0.001
     3    12    -0.268    -0.320     0.089     0.050     0.000     0.000        0.036       -0.002
     4     5     0.199     0.271    -0.106    -0.120     0.000     0.000       -0.034       -0.048
     4     6    -0.098    -0.058    -0.023    -0.019     0.000     0.000        0.017        0.022
     4     7    -0.048    -0.083     0.009    -0.001     0.000     0.000       -0.026       -0.036
     4     8     0.364     0.444    -0.139    -0.130     0.000     0.000       -0.060       -0.050
     4     9    -0.405    -0.580     0.175     0.174     0.000     0.000        0.001        0.000
     4    10    -0.009    -0.011    -0.037    -0.020     0.000     0.000       -0.039       -0.022
     4    11     0.012    -0.008     0.001     0.005     0.000     0.000       -0.019       -0.016
     4    12     0.049     0.055     0.011     0.030     0.000     0.000        0.017        0.037
     5     6    -0.110    -0.115    -0.022    -0.021     0.000     0.000       -0.026       -0.025
     5     7    -0.187    -0.132     0.019     0.020     0.000     0.000        0.073        0.075
     5     8     0.410     0.236     0.147     0.179     0.000     0.000       -0.027        0.005
     5     9     0.347     0.222     0.082     0.112     0.000     0.000       -0.043       -0.013
     5    10     0.012    -0.009     0.023     0.001     0.000     0.000        0.002       -0.020
     5    11     0.227     0.256    -0.033    -0.015     0.000     0.000       -0.003        0.014
     5    12     0.326     0.150     0.089     0.122     0.000     0.000       -0.087       -0.054
     6     7     0.051     0.078    -0.057    -0.057     0.000     0.000       -0.030       -0.030
     6     8    -0.210    -0.248     0.065     0.053     0.000     0.000        0.028        0.015
     6     9     0.050     0.056     0.008     0.017     0.000     0.000        0.013        0.022
     6    10     0.586     0.328     0.049     0.129     0.000     0.000       -0.210       -0.129
     6    11    -0.100    -0.120     0.017     0.010     0.000     0.000       -0.003       -0.010
     6    12    -0.021    -0.037     0.028     0.055     0.000     0.000        0.012        0.039
     7     8    -0.106    -0.157     0.032     0.033     0.000     0.000       -0.019       -0.018
     7     9    -0.135    -0.201    -0.013    -0.024     0.000     0.000       -0.079       -0.089
     7    10     0.649     0.392     0.053     0.177     0.000     0.000       -0.205       -0.080
     7    11    -0.184    -0.179     0.037     0.044     0.000     0.000        0.042        0.049
     7    12    -0.045    -0.076     0.046     0.096     0.000     0.000        0.014        0.064
     8     9    -0.177    -0.048    -0.158    -0.172     0.000     0.000       -0.029       -0.043
     8    10    -0.221    -0.249     0.070     0.087     0.000     0.000        0.043        0.059
     8    11     0.609     0.454     0.019     0.102     0.000     0.000       -0.136       -0.053
     8    12     0.823     0.653    -0.059     0.009     0.000     0.000       -0.229       -0.160
     9    10    -0.167    -0.178     0.026     0.024     0.000     0.000        0.014        0.012
     9    11     0.352     0.260     0.030     0.074     0.000     0.000       -0.063       -0.019
     9    12     0.463     0.413    -0.061    -0.026     0.000     0.000       -0.111       -0.076
    10    11     0.173     0.220    -0.148    -0.141     0.000     0.000       -0.101       -0.094
    10    12    -0.410    -0.286    -0.194    -0.193     0.000     0.000       -0.069       -0.068
    11    12     0.179     0.168    -0.023    -0.035     0.000     0.000       -0.033       -0.045

-----------------------------------------------------------------
