-----------------------------------------------------------------

 OUTPUT SELF-ENERGY DIAGONAL MATRIX ELEMENTS (eV)
     n   occ        E_dft     V_xc   Sigma_x  Sigma_sx   Sigma_c   Sigma_g  Sigma-V_xc   zfac  Im[Sigma]      E_0      E_qp  
     1   1.000     4.476   -10.478   -16.339     5.350     8.008     0.000     2.147     0.815     0.855     4.476     6.327
     2   1.000    12.126   -10.922   -13.404     3.705     5.471     0.000     2.990     0.882     0.026    12.126    14.743
     3   1.000    13.566   -10.648   -13.055     3.686     5.427     0.000     3.020     0.888     0.011    13.566    16.235
     4   1.000    13.962   -10.828   -13.174     3.314     5.302     0.000     2.956     0.894     0.002    13.962    16.596
     5   0.000    17.224    -9.636    -4.746     2.182    -0.586     0.000     4.305     0.872    -0.186    17.224    21.055
     6   0.000    19.294    -9.664    -4.297     1.872    -0.738     0.000     4.629     0.875    -0.406    19.294    23.388
     7   0.000    20.158   -10.156    -4.847     2.002    -0.568     0.000     4.741     0.881    -0.395    20.158    24.360
     8   0.000    20.523   -10.507    -5.164     2.105    -0.479     0.000     4.864     0.875    -0.386    20.523    24.831
     9   0.000    23.231   -10.452    -4.438     1.208    -0.977     0.000     5.037     0.908    -0.853    23.231    27.706
    10   0.000    24.472   -10.047    -4.171     0.945    -0.810     0.000     5.067     0.975    -0.924    24.472    29.188
    11   0.000    25.901    -8.639    -2.500     0.182    -1.358     0.000     4.781     1.129    -1.541    25.901    30.535
    12   0.000    27.508    -8.537    -2.248     0.096    -1.415     0.000     4.874     1.072    -1.691    27.508    32.417
-----------------------------------------------------------------


 OUTPUT SELF-ENERGY OFF-DIAGONAL MATRIX ELEMENTS (eV)
    n1    n2     V_xc    Sigma_x  Sigma_c1  Sigma_c2  Sigma_g1  Sigma_g2  Sigma-V_xc1  Sigma-V_xc2
     1     2    -0.074    -0.061     0.013    -0.006     0.000     0.000        0.026        0.007
     1     3    -0.224    -0.226     0.015     0.003     0.000     0.000        0.013        0.002
     1     4     0.078     0.082    -0.066    -0.053     0.000     0.000       -0.062       -0.049
     1     5    -0.683    -0.867     0.265     0.108     0.000     0.000        0.081       -0.076
     1     6     0.009     0.005    -0.036    -0.001     0.000     0.000       -0.040       -0.005
     1     7     0.133     0.170    -0.043    -0.027     0.000     0.000       -0.005        0.010
     1     8    -0.171    -0.224     0.078     0.015     0.000     0.000        0.026       -0.038
     1     9     0.111     0.138    -0.050     0.003     0.000     0.000       -0.023        0.031
     1    10    -0.037    -0.048     0.004    -0.005     0.000     0.000       -0.006       -0.015
     1    11    -1.351    -1.586     0.398     0.000     0.000     0.000        0.163       -0.235
     1    12     0.429     0.483    -0.117     0.013     0.000     0.000       -0.063        0.067
     2     3     0.128     0.099     0.029     0.041     0.000     0.000        0.000        0.012
     2     4    -0.151    -0.078    -0.152    -0.147     0.000     0.000       -0.079       -0.074
     2     5     0.124     0.147     0.007     0.009     0.000     0.000        0.031        0.033
     2     6     0.053    -0.031    -0.009     0.006     0.000     0.000       -0.094       -0.078
     2     7    -0.346    -0.521     0.054     0.035     0.000     0.000       -0.121       -0.140
     2     8     0.065     0.099    -0.015    -0.001     0.000     0.000        0.019        0.033
     2     9    -0.174    -0.409     0.204     0.261     0.000     0.000       -0.031        0.026
     2    10     0.020     0.127    -0.073    -0.139     0.000     0.000        0.034       -0.032
     2    11    -0.031    -0.034     0.011     0.007     0.000     0.000        0.008        0.004
     2    12    -0.442    -0.383    -0.027    -0.177     0.000     0.000        0.032       -0.118
     3     4    -0.019    -0.075    -0.005    -0.005     0.000     0.000       -0.061       -0.061
     3     5     0.390     0.585    -0.091    -0.096     0.000     0.000        0.104        0.099
     3     6    -0.024     0.046    -0.020    -0.042     0.000     0.000        0.051        0.029
     3     7    -0.189    -0.257     0.025     0.020     0.000     0.000       -0.043       -0.047
     3     8     0.598     0.919    -0.251    -0.256     0.000     0.000        0.070        0.065
     3     9    -0.035    -0.041    -0.028    -0.060     0.000     0.000       -0.034       -0.066
     3    10    -0.014    -0.084     0.059     0.052     0.000     0.000       -0.011       -0.018
     3    11     0.179     0.178    -0.016     0.012     0.000     0.000       -0.017        0.012
     3    12    -0.132    -0.100    -0.012    -0.056     0.000     0.000        0.019       -0.025
     4     5    -0.126    -0.234     0.134     0.119     0.000     0.000        0.027        0.011
     4     6     0.042    -0.130     0.053     0.050     0.000     0.000       -0.118       -0.121
     4     7     0.570     0.790    -0.230    -0.222     0.000     0.000       -0.010       -0.003
     4     8     0.217     0.344    -0.168    -0.155     0.000     0.000       -0.041       -0.028
     4     9     0.013    -0.008     0.057     0.085     0.000     0.000        0.037        0.064
     4    10    -0.046    -0.144     0.059     0.113     0.000     0.000       -0.038        0.015
     4    11    -0.057    -0.052     0.042     0.032     0.000     0.000        0.047        0.037
     4    12     0.153     0.126     0.030     0.097     0.000     0.000        0.003        0.070
     5     6     0.066     0.087    -0.163    -0.163     0.000     0.000       -0.142       -0.142
     5     7     0.101     0.093    -0.027    -0.028     0.000     0.000       -0.035       -0.035
     5     8    -0.045    -0.035     0.018     0.018     0.000     0.000        0.027        0.027
     5     9    -0.102    -0.072     0.004    -0.011     0.000     0.000        0.034        0.018
     5    10     0.034     0.020     0.000     0.009     0.000     0.000       -0.013       -0.005
     5    11     0.859     0.474     0.121     0.292     0.000     0.000       -0.264       -0.093
     5    12    -0.199    -0.125    -0.001    -0.031     0.000     0.000        0.073        0.043
     6     7     0.527     0.455     0.029     0.036     0.000     0.000       -0.042       -0.035
     6     8    -0.057    -0.045     0.039     0.041     0.000     0.000        0.051        0.053
     6     9    -0.702    -0.426    -0.132    -0.219     0.000     0.000        0.143        0.057
     6    10     0.154     0.088     0.028     0.051     0.000     0.000       -0.038       -0.015
     6    11     0.095     0.068     0.014     0.024     0.000     0.000       -0.012       -0.002
     6    12     0.566     0.417    -0.007     0.039     0.000     0.000       -0.155       -0.110
     7     8    -0.028    -0.037    -0.020    -0.021     0.000     0.000       -0.030       -0.031
     7     9    -0.223    -0.256     0.064     0.059     0.000     0.000        0.031        0.026
     7    10     0.227     0.210    -0.066    -0.070     0.000     0.000       -0.083       -0.087
     7    11    -0.064    -0.018    -0.085    -0.132     0.000     0.000       -0.039       -0.085
     7    12     0.538     0.363    -0.033     0.007     0.000     0.000       -0.208       -0.168
     8     9     0.051     0.060     0.078     0.091     0.000     0.000        0.087        0.100
     8    10     0.160     0.150     0.012     0.013     0.000     0.000        0.002        0.003
     8    11     0.201     0.091     0.001     0.006     0.000     0.000       -0.109       -0.104
     8    12    -0.109    -0.073     0.018     0.008     0.000     0.000        0.055        0.045
     9    10     0.173     0.084     0.014     0.014     0.000     0.000       -0.075       -0.076
     9    11    -0.115    -0.064     0.027     0.022     0.000     0.000        0.078        0.073
     9    12     0.136     0.139    -0.070    -0.092     0.000     0.000       -0.067       -0.090
    10    11     0.085     0.071    -0.019    -0.019     0.000     0.000       -0.033       -0.032
    10    12     0.251     0.209    -0.065    -0.058     0.000     0.000       -0.106       -0.100
    11    12     0.118     0.128    -0.029    -0.056     0.000     0.000       -0.019       -0.046

-----------------------------------------------------------------
