-----------------------------------------------------------------

 OUTPUT SELF-ENERGY DIAGONAL MATRIX ELEMENTS (eV)
     n   occ        E_dft     V_xc   Sigma_x  Sigma_sx   Sigma_c   Sigma_g  Sigma-V_xc   zfac  Im[Sigma]      E_0      E_qp  
     1   1.000     7.298   -10.847   -15.569     4.749     3.562     0.000    -1.160     0.848     0.884     7.298     6.313
     2   1.000     8.370   -10.830   -14.928     4.600     3.236     0.000    -0.862     0.817     0.613     8.370     7.666
     3   1.000    11.186    -9.945   -12.256     3.010     2.215     0.000    -0.096     0.869     0.093    11.186    11.102
     4   1.000    12.202   -10.219   -12.681     2.938     2.056     0.000    -0.406     0.876     0.088    12.202    11.846
     5   0.000    18.402    -9.610    -4.584     1.862    -3.578     0.000     1.448     0.908    -0.089    18.402    19.724
     6   0.000    20.190    -9.692    -4.649     2.289    -3.534     0.000     1.508     0.886    -0.137    20.190    21.534
     7   0.000    20.746   -10.091    -4.690     2.123    -3.992     0.000     1.408     0.882    -0.169    20.746    21.995
     8   0.000    21.544   -10.034    -4.627     1.929    -3.950     0.000     1.458     0.886    -0.206    21.544    22.838
     9   0.000    24.590   -10.446    -4.477     1.386    -4.419     0.000     1.551     0.913    -0.465    24.590    26.002
    10   0.000    26.297   -10.335    -3.909     0.676    -4.837     0.000     1.588     0.939    -0.873    26.297    27.788
    11   0.000    28.295   -10.243    -3.350     0.260    -5.078     0.000     1.815     1.068    -1.599    28.295    30.098
    12   0.000    29.894    -9.592    -2.727    -0.147    -4.769     0.000     2.096     1.090    -2.140    29.894    32.068
-----------------------------------------------------------------


 OUTPUT SELF-ENERGY OFF-DIAGONAL MATRIX ELEMENTS (eV)
    n1    n2     V_xc    Sigma_x  Sigma_c1  Sigma_c2  Sigma_g1  Sigma_g2  Sigma-V_xc1  Sigma-V_xc2
     1     2     0.007     0.052     0.035     0.033     0.000     0.000        0.080        0.078
     1     3    -0.039     0.081    -0.105    -0.095     0.000     0.000        0.015        0.025
     1     4     0.071     0.056     0.131     0.099     0.000     0.000        0.116        0.084
     1     5     0.167     0.200     0.002     0.051     0.000     0.000        0.035        0.085
     1     6    -0.007    -0.098     0.085     0.048     0.000     0.000       -0.006       -0.043
     1     7     0.271     0.204     0.162     0.177     0.000     0.000        0.094        0.110
     1     8     0.200     0.083     0.228     0.242     0.000     0.000        0.111        0.126
     1     9     0.063    -0.002     0.104     0.131     0.000     0.000        0.039        0.066
     1    10    -0.028    -0.214     0.107     0.173     0.000     0.000       -0.079       -0.013
     1    11     0.019     0.118    -0.037    -0.059     0.000     0.000        0.062        0.040
     1    12     0.633     0.885     0.023     0.121     0.000     0.000        0.275        0.373
     2     3     0.162     0.196     0.023     0.046     0.000     0.000        0.056        0.079
     2     4     0.139     0.186    -0.047    -0.027     0.000     0.000        0.000        0.020
     2     5     0.435     0.524     0.190     0.221     0.000     0.000        0.279        0.310
     2     6     0.162     0.201     0.105     0.145     0.000     0.000        0.144        0.185
     2     7    -0.165    -0.083    -0.189    -0.167     0.000     0.000       -0.108       -0.085
     2     8     0.005    -0.108     0.132     0.083     0.000     0.000        0.019       -0.029
     2     9    -0.099    -0.014    -0.227    -0.254     0.000     0.000       -0.142       -0.169
     2    10    -0.164    -0.470     0.272     0.249     0.000     0.000       -0.033       -0.057
     2    11    -0.461    -0.863     0.120     0.004     0.000     0.000       -0.281       -0.398
     2    12     0.071     0.027     0.069     0.006     0.000     0.000        0.025       -0.038
     3     4    -0.017    -0.008     0.047     0.045     0.000     0.000        0.056        0.054
     3     5     0.092     0.107     0.042     0.061     0.000     0.000        0.057        0.076
     3     6     1.045     1.260     0.278     0.423     0.000     0.000        0.493        0.638
     3     7     0.211     0.257     0.017     0.082     0.000     0.000        0.064        0.128
     3     8    -0.388    -0.473    -0.139    -0.172     0.000     0.000       -0.224       -0.257
     3     9    -0.897    -1.300    -0.046    -0.038     0.000     0.000       -0.449       -0.442
     3    10    -0.252    -0.359    -0.061    -0.061     0.000     0.000       -0.168       -0.168
     3    11    -0.177    -0.239    -0.067    -0.145     0.000     0.000       -0.129       -0.206
     3    12    -0.172    -0.204    -0.084    -0.128     0.000     0.000       -0.116       -0.161
     4     5     0.763     0.979     0.169     0.216     0.000     0.000        0.386        0.432
     4     6    -0.350    -0.473    -0.101    -0.120     0.000     0.000       -0.224       -0.243
     4     7     0.335     0.455     0.081     0.104     0.000     0.000        0.201        0.224
     4     8    -0.507    -0.708    -0.105    -0.138     0.000     0.000       -0.306       -0.339
     4     9    -0.130    -0.206     0.017     0.017     0.000     0.000       -0.059       -0.059
     4    10     0.654     1.043    -0.006    -0.054     0.000     0.000        0.383        0.335
     4    11    -0.502    -0.720    -0.080    -0.143     0.000     0.000       -0.299       -0.361
     4    12     0.369     0.415     0.128     0.224     0.000     0.000        0.174        0.269
     5     6    -0.107    -0.077    -0.099    -0.105     0.000     0.000       -0.069       -0.075
     5     7     0.127     0.072     0.102     0.101     0.000     0.000        0.048        0.047
     5     8    -0.231    -0.107    -0.205    -0.219     0.000     0.000       -0.081       -0.095
     5     9     0.116     0.140    -0.006    -0.010     0.000     0.000        0.018        0.014
     5    10    -0.369    -0.428    -0.050    -0.037     0.000     0.000       -0.109       -0.095
     5    11    -0.488    -0.213    -0.502    -0.684     0.000     0.000       -0.228       -0.410
     5    12     0.586     0.391     0.374     0.482     0.000     0.000        0.180        0.288
     6     7     0.064     0.050    -0.026    -0.036     0.000     0.000       -0.040       -0.050
     6     8    -0.033     0.023    -0.078    -0.083     0.000     0.000       -0.022       -0.027
     6     9    -0.050     0.190    -0.287    -0.351     0.000     0.000       -0.047       -0.112
     6    10    -0.107     0.076    -0.263    -0.332     0.000     0.000       -0.080       -0.150
     6    11    -0.130    -0.098    -0.117    -0.148     0.000     0.000       -0.086       -0.117
     6    12    -0.241    -0.146    -0.164    -0.230     0.000     0.000       -0.069       -0.135
     7     8    -0.108    -0.011    -0.149    -0.155     0.000     0.000       -0.052       -0.058
     7     9    -0.164    -0.044    -0.177    -0.198     0.000     0.000       -0.057       -0.078
     7    10     0.086    -0.034     0.206     0.254     0.000     0.000        0.086        0.133
     7    11     0.372     0.335     0.276     0.366     0.000     0.000        0.238        0.329
     7    12     0.597     0.404     0.476     0.647     0.000     0.000        0.283        0.454
     8     9     0.069    -0.085     0.206     0.233     0.000     0.000        0.051        0.078
     8    10    -0.203    -0.049    -0.275    -0.342     0.000     0.000       -0.121       -0.188
     8    11    -0.041    -0.113     0.020     0.029     0.000     0.000       -0.052       -0.042
     8    12     0.211     0.143     0.222     0.308     0.000     0.000        0.153        0.239
     9    10    -0.048    -0.033    -0.062    -0.071     0.000     0.000       -0.047       -0.056
     9    11    -0.072     0.006    -0.164    -0.146     0.000     0.000       -0.086       -0.068
     9    12     0.067     0.094    -0.021    -0.036     0.000     0.000        0.006       -0.009
    10    11     0.235     0.058     0.375     0.333     0.000     0.000        0.199        0.157
    10    12    -0.159    -0.035    -0.234    -0.184     0.000     0.000       -0.109       -0.059
    11    12    -0.005    -0.053     0.089     0.103     0.000     0.000        0.041        0.056

-----------------------------------------------------------------
