-----------------------------------------------------------------

 OUTPUT SELF-ENERGY DIAGONAL MATRIX ELEMENTS (eV)
     n   occ        E_dft     V_xc   Sigma_x  Sigma_sx   Sigma_c   Sigma_g  Sigma-V_xc   zfac  Im[Sigma]      E_0      E_qp  
     1   1.000     5.024   -10.523   -16.302     5.439     7.987     0.000     2.208     0.815     0.733     5.024     6.868
     2   1.000    11.159   -10.955   -13.537     3.494     5.404     0.000     2.822     0.874     0.035    11.159    13.606
     3   1.000    13.019   -10.530   -12.954     3.423     5.329     0.000     2.905     0.888     0.009    13.019    15.586
     4   1.000    13.353   -10.695   -13.124     3.445     5.328     0.000     2.899     0.890     0.007    13.353    15.923
     5   0.000    16.834    -9.489    -4.645     2.159    -0.569     0.000     4.276     0.875    -0.151    16.834    20.662
     6   0.000    18.452    -9.215    -4.036     1.762    -0.707     0.000     4.472     0.872    -0.271    18.452    22.423
     7   0.000    21.114   -10.454    -5.034     2.215    -0.685     0.000     4.735     0.856    -0.475    21.114    25.219
     8   0.000    21.641   -10.547    -5.098     2.099    -0.664     0.000     4.786     0.869    -0.477    21.641    25.824
     9   0.000    24.470   -10.512    -4.428     1.204    -1.251     0.000     4.833     0.934    -1.139    24.470    28.741
    10   0.000    25.379   -10.205    -4.184     0.743    -1.113     0.000     4.908     0.962    -1.191    25.379    29.934
    11   0.000    26.963    -8.889    -2.576     0.114    -1.619     0.000     4.694     1.134    -1.922    26.963    31.662
    12   0.000    28.517    -8.692    -2.310     0.012    -1.652     0.000     4.729     1.162    -2.193    28.517    33.413
-----------------------------------------------------------------


 OUTPUT SELF-ENERGY OFF-DIAGONAL MATRIX ELEMENTS (eV)
    n1    n2     V_xc    Sigma_x  Sigma_c1  Sigma_c2  Sigma_g1  Sigma_g2  Sigma-V_xc1  Sigma-V_xc2
     1     2    -0.049    -0.032    -0.006    -0.012     0.000     0.000        0.012        0.005
     1     3     0.247     0.240    -0.105    -0.027     0.000     0.000       -0.112       -0.033
     1     4     0.024     0.026     0.076     0.015     0.000     0.000        0.077        0.017
     1     5     0.727     0.917    -0.178    -0.062     0.000     0.000        0.013        0.129
     1     6     0.074     0.087     0.044     0.048     0.000     0.000        0.057        0.061
     1     7    -0.077    -0.099    -0.001    -0.005     0.000     0.000       -0.024       -0.027
     1     8    -0.135    -0.177     0.047    -0.004     0.000     0.000        0.005       -0.046
     1     9    -0.086    -0.104     0.027    -0.010     0.000     0.000        0.009       -0.027
     1    10    -0.036    -0.044     0.015     0.010     0.000     0.000        0.007        0.001
     1    11     1.180     1.397    -0.358     0.033     0.000     0.000       -0.142        0.250
     1    12    -0.443    -0.501     0.133    -0.018     0.000     0.000        0.075       -0.076
     2     3    -0.122    -0.062    -0.154    -0.147     0.000     0.000       -0.094       -0.087
     2     4    -0.086     0.002    -0.059    -0.054     0.000     0.000        0.030        0.034
     2     5    -0.104    -0.112    -0.044    -0.056     0.000     0.000       -0.052       -0.064
     2     6     0.115     0.060    -0.017    -0.002     0.000     0.000       -0.072       -0.057
     2     7     0.249     0.352    -0.056    -0.028     0.000     0.000        0.046        0.074
     2     8     0.069     0.096     0.019     0.029     0.000     0.000        0.046        0.056
     2     9     0.191     0.511    -0.285    -0.367     0.000     0.000        0.036       -0.047
     2    10     0.086     0.277    -0.161    -0.258     0.000     0.000        0.030       -0.067
     2    11     0.015    -0.004    -0.006     0.008     0.000     0.000       -0.025       -0.011
     2    12     0.347     0.307    -0.008     0.135     0.000     0.000       -0.048        0.094
     3     4     0.024     0.079     0.002     0.002     0.000     0.000        0.057        0.057
     3     5     0.407     0.602    -0.183    -0.178     0.000     0.000        0.012        0.017
     3     6     0.233     0.234    -0.022    -0.010     0.000     0.000       -0.021       -0.008
     3     7    -0.301    -0.459     0.078     0.065     0.000     0.000       -0.080       -0.093
     3     8    -0.587    -0.925     0.319     0.289     0.000     0.000       -0.019       -0.049
     3     9    -0.064    -0.089    -0.011    -0.018     0.000     0.000       -0.036       -0.044
     3    10     0.013     0.057    -0.038    -0.049     0.000     0.000        0.006       -0.005
     3    11     0.298     0.374    -0.088    -0.046     0.000     0.000       -0.012        0.030
     3    12    -0.247    -0.224    -0.014    -0.111     0.000     0.000        0.009       -0.088
     4     5    -0.001     0.038     0.041     0.052     0.000     0.000        0.080        0.091
     4     6     0.263     0.243    -0.086    -0.083     0.000     0.000       -0.106       -0.103
     4     7    -0.575    -0.874     0.281     0.251     0.000     0.000       -0.019       -0.048
     4     8     0.305     0.481    -0.208    -0.190     0.000     0.000       -0.032       -0.014
     4     9     0.023     0.079    -0.061    -0.085     0.000     0.000       -0.005       -0.029
     4    10    -0.115    -0.280     0.141     0.205     0.000     0.000       -0.023        0.040
     4    11    -0.001     0.000    -0.005     0.008     0.000     0.000       -0.004        0.008
     4    12    -0.132    -0.068    -0.044    -0.200     0.000     0.000        0.019       -0.136
     5     6    -0.129    -0.151     0.125     0.121     0.000     0.000        0.103        0.099
     5     7     0.091     0.085     0.006     0.016     0.000     0.000        0.000        0.010
     5     8     0.076     0.077     0.007     0.010     0.000     0.000        0.008        0.011
     5     9    -0.108    -0.073    -0.019    -0.049     0.000     0.000        0.016       -0.014
     5    10    -0.054    -0.037    -0.024    -0.041     0.000     0.000       -0.007       -0.024
     5    11     0.927     0.539     0.152     0.405     0.000     0.000       -0.237        0.017
     5    12    -0.259    -0.167    -0.002    -0.004     0.000     0.000        0.090        0.088
     6     7    -0.301    -0.203    -0.079    -0.109     0.000     0.000        0.019       -0.011
     6     8    -0.079    -0.052    -0.002    -0.004     0.000     0.000        0.025        0.023
     6     9     0.688     0.478     0.095     0.226     0.000     0.000       -0.116        0.015
     6    10     0.294     0.213     0.024     0.073     0.000     0.000       -0.056       -0.008
     6    11    -0.077    -0.062    -0.029    -0.012     0.000     0.000       -0.014        0.003
     6    12    -0.713    -0.510     0.005    -0.096     0.000     0.000        0.208        0.107
     7     8    -0.008     0.017    -0.020    -0.019     0.000     0.000        0.006        0.006
     7     9     0.060    -0.033     0.060     0.073     0.000     0.000       -0.033       -0.020
     7    10    -0.207    -0.211     0.052     0.077     0.000     0.000        0.048        0.073
     7    11     0.026     0.079    -0.097    -0.119     0.000     0.000       -0.044       -0.066
     7    12     0.455     0.364    -0.082    -0.115     0.000     0.000       -0.173       -0.205
     8     9    -0.061    -0.083    -0.018    -0.037     0.000     0.000       -0.040       -0.058
     8    10     0.161     0.142     0.042     0.065     0.000     0.000        0.023        0.046
     8    11    -0.106     0.025    -0.114    -0.133     0.000     0.000        0.018       -0.002
     8    12     0.122     0.060     0.031     0.029     0.000     0.000       -0.031       -0.033
     9    10    -0.220    -0.109    -0.053    -0.048     0.000     0.000        0.057        0.063
     9    11    -0.075    -0.017    -0.018    -0.028     0.000     0.000        0.040        0.030
     9    12     0.112     0.105    -0.076    -0.086     0.000     0.000       -0.083       -0.093
    10    11    -0.070    -0.047     0.007     0.002     0.000     0.000        0.030        0.025
    10    12    -0.177    -0.127     0.026    -0.007     0.000     0.000        0.076        0.043
    11    12     0.132     0.128     0.002    -0.013     0.000     0.000       -0.002       -0.017

-----------------------------------------------------------------
