--------RELAXATION STYLE: normal ---------
relax_eps_factor =   0.181607
relax_coord_factor =   1.880378
Hessian update: 1
--------JOB: relax ---------
Current state:
strain part:
 0.00000      0.00000      0.00000    
 0.00000      0.00000      0.00000    
 0.000      0.000      0.000    
coordinate components:
-.125000     -.125000     -.125000    
0.125000     0.125000     0.125000    
in cartesian coordinates:
-1.28250     -1.28250     -1.28250    
 1.28250      1.28250      1.28250    
Enthalpy( 270.0114)=   -15.864135248 +      0.000000000=   -15.864135248
set pressure stress for p=    0.0000 GPa [Ry/a.u**3]:
strain part:
 0.00000      0.00000      0.00000    
 0.00000      0.00000      0.00000    
 0.000      0.000      0.000    
actual pressure stress for p=   -9.6167 GPa [Ry/a.u**3]:
corrected LDA stress * Volume [Ry]:
strain part:
0.176512      0.00000      0.00000    
 0.00000     0.176512      0.00000    
 0.000      0.000     0.1765    
gradient has length  0.305728:
strain part:
0.176512      0.00000      0.00000    
 0.00000     0.176512      0.00000    
 0.000      0.000     0.1765    
coordinate components:
 0.00000     -.164346E-31 0.410865E-32
 0.00000     0.164346E-31  0.00000    
in cartesian coordinates:
-.743934E-31 0.247978E-31 -.991912E-31
0.991912E-31  0.00000     0.991912E-31
rho =  0.305728
final lattice vectors:
 0.000000 5.130000 5.130000
 5.130000 0.000000 5.130000
 5.130000 5.130000 0.000000
H matrix:
 0.181607  0.000000  0.000000
 0.000000  0.000000  0.000000
 0.000000  0.000000  0.000000
 0.000000  0.000000  0.000000
 0.000000  0.000000  0.000000
 
 0.000000  0.181607  0.000000
 0.000000  0.000000  0.000000
 0.000000  0.000000  0.000000
 0.000000  0.000000  0.000000
 0.000000  0.000000  0.000000
 
 0.000000  0.000000  0.181607
 0.000000  0.000000  0.000000
 0.000000  0.000000  0.000000
 0.000000  0.000000  0.000000
 0.000000  0.000000  0.000000
 
 0.000000  0.000000  0.000000
 0.181607  0.000000  0.000000
 0.000000  0.000000  0.000000
 0.000000  0.000000  0.000000
 0.000000  0.000000  0.000000
 
 0.000000  0.000000  0.000000
 0.000000  0.181607  0.000000
 0.000000  0.000000  0.000000
 0.000000  0.000000  0.000000
 0.000000  0.000000  0.000000
 
 0.000000  0.000000  0.000000
 0.000000  0.000000  0.181607
 0.000000  0.000000  0.000000
 0.000000  0.000000  0.000000
 0.000000  0.000000  0.000000
 
 0.000000  0.000000  0.000000
 0.000000  0.000000  0.000000
 0.181607  0.000000  0.000000
 0.000000  0.000000  0.000000
 0.000000  0.000000  0.000000
 
 0.000000  0.000000  0.000000
 0.000000  0.000000  0.000000
 0.000000  0.181607  0.000000
 0.000000  0.000000  0.000000
 0.000000  0.000000  0.000000
 
 0.000000  0.000000  0.000000
 0.000000  0.000000  0.000000
 0.000000  0.000000  0.181607
 0.000000  0.000000  0.000000
 0.000000  0.000000  0.000000
 
 0.000000  0.000000  0.000000
 0.000000  0.000000  0.000000
 0.000000  0.000000  0.000000
 0.053589 -0.017863 -0.017863
 0.000000  0.000000  0.000000
 
 0.000000  0.000000  0.000000
 0.000000  0.000000  0.000000
 0.000000  0.000000  0.000000
-0.017863  0.053589 -0.017863
 0.000000  0.000000  0.000000
 
 0.000000  0.000000  0.000000
 0.000000  0.000000  0.000000
 0.000000  0.000000  0.000000
-0.017863 -0.017863  0.053589
 0.000000  0.000000  0.000000
 
 0.000000  0.000000  0.000000
 0.000000  0.000000  0.000000
 0.000000  0.000000  0.000000
 0.000000  0.000000  0.000000
 0.053589 -0.017863 -0.017863
 
 0.000000  0.000000  0.000000
 0.000000  0.000000  0.000000
 0.000000  0.000000  0.000000
 0.000000  0.000000  0.000000
-0.017863  0.053589 -0.017863
 
 0.000000  0.000000  0.000000
 0.000000  0.000000  0.000000
 0.000000  0.000000  0.000000
 0.000000  0.000000  0.000000
-0.017863 -0.017863  0.053589
 
It took   1 call(s) to the pw program!
