        0.01259321        0.00000000
        0.02518642        0.00000000
        0.03777964        0.00000000
        0.05037285        0.00000000
        0.06296606        0.00000000
        0.07555927        0.00000000
        0.08815248        0.00000000
        0.10074569        0.00000000
        0.11333891        0.00000000
        0.12593212        0.00000000
        0.13852533        0.00000000
        0.15111854        0.00000000
        0.16371175        0.00000000
        0.17630497        0.00000000
        0.18889818        0.00000000
        0.20149139        0.00000000
        0.21408460        0.00000000
        0.22667781        0.00000000
        0.23927102        0.00000000
        0.25186424        0.00000000
        0.26445745        0.00000000
        0.27705066        0.00000000
        0.28964387        0.00000000
        0.30223708        0.00000000
        0.31483029        0.00000000
        0.32742351        0.00000000
        0.34001672        0.00000000
        0.35260993        0.00000000
        0.36520314        0.00000000
        0.37779635        0.00000000
        0.39038957        0.00000000
        0.40298278        0.00000000
        0.41557599        0.00000000
        0.42816920        0.00000000
        0.44076241        0.00000000
        0.45335562        0.00000000
        0.46594884        0.00000000
        0.47854205        0.00000000
        0.49113526        0.00000000
        0.50372847        0.00000000
        0.51632168        0.00000000
        0.52891490        0.00000000
        0.54150811        0.00000000
        0.55410132        0.00000000
        0.56669453        0.00000000
        0.57928774        0.00000000
        0.59188095        0.00000000
        0.60447417        0.00000000
        0.61706738        0.00000000
        0.62966059        0.00000000
        0.64225380        0.00000000
        0.65484701        0.00000000
        0.66744022        0.00000000
        0.68003344        0.00000000
        0.69262665        0.00000000
        0.70521986        0.00000000
        0.71781307        0.00000000
        0.73040628        0.00000000
        0.74299950        0.00000000
        0.75559271        0.00000000
        0.76818592        0.00000000
        0.78077913        0.00000000
        0.79337234        0.00000000
        0.80596555        0.00000000
        0.81855877        0.00000000
        0.83115198        0.00000000
        0.84374519        0.00000000
        0.85633840        0.00000000
        0.86893161        0.00000000
        0.88152483        0.00000000
        0.89411804        0.00000000
        0.90671125        0.00000000
        0.91930446        0.00000000
        0.93189767        0.00000000
        0.94449088        0.00000000
        0.95708410        0.00000000
        0.96967731        0.00000000
        0.98227052        0.00000000
        0.99486373        0.00000000
        1.00745694        0.00000000
        1.02005015        0.00000000
        1.03264337        0.00000000
        1.04523658        0.00000000
        1.05782979        0.00000000
        1.07042300        0.00000000
        1.08301621        0.00000000
        1.09560943        0.00000000
        1.10820264        0.00000000
        1.12079585        0.00000000
        1.13338906        0.00000000
        1.14598227        0.00000000
        1.15857548        0.00000000
        1.17116870        0.00000000
        1.18376191        0.00000000
        1.19635512        0.00000000
        1.20894833        0.00000000
        1.22154154        0.00000000
        1.23413476        0.00000000
        1.24672797        0.00000000
        1.25932118        0.00000000
        1.27191439        0.00000000
        1.28450760        0.00000000
        1.29710081        0.00000000
        1.30969403        0.00000000
        1.32228724        0.00000000
        1.33488045        0.00000000
        1.34747366        0.00000000
        1.36006687        0.00000000
        1.37266009        0.00000000
        1.38525330        0.00000000
        1.39784651        0.00000000
        1.41043972        0.00000000
        1.42303293        0.00000000
        1.43562614        0.00000000
        1.44821936        0.00000000
        1.46081257        0.00000000
        1.47340578        0.00000000
        1.48599899        0.00000000
        1.49859220        0.00000000
        1.51118541        0.00000000
        1.52377863        0.00000000
        1.53637184        0.00000000
        1.54896505        0.00000000
        1.56155826        0.00000000
        1.57415147        0.00000000
        1.58674469        0.00000000
        1.59933790        0.00000000
        1.61193111        0.00000000
        1.62452432        0.00000000
        1.63711753        0.00000000
        1.64971074        0.00000000
        1.66230396        0.00000000
        1.67489717        0.00000000
        1.68749038        0.00000000
        1.70008359        0.00000000
        1.71267680        0.00000000
        1.72527002        0.00000000
        1.73786323        0.00000000
        1.75045644        0.00000000
        1.76304965        0.00000000
        1.77564286        0.00000000
        1.78823607        0.00000000
        1.80082929        0.00000000
        1.81342250        0.00000000
        1.82601571        0.00000000
        1.83860892        0.00000000
        1.85120213        0.00000000
        1.86379534        0.00000000
        1.87638856        0.00000000
        1.88898177        0.00000000
        1.90157498        0.00000000
        1.91416819        0.00000000
        1.92676140        0.00000000
        1.93935462        0.00000000
        1.95194783        0.00000000
        1.96454104        0.00000000
        1.97713425        0.00000000
        1.98972746        0.00000000
        2.00232067        0.00000000
        2.01491389        0.00000000
        2.02750710        0.00000000
        2.04010031        0.00000000
        2.05269352        0.00000000
        2.06528673        0.00000000
        2.07787995        0.00000000
        2.09047316        0.00000000
        2.10306637        0.00000000
        2.11565958        0.00000000
        2.12825279        0.00000000
        2.14084600        0.00000000
        2.15343922        0.00000000
        2.16603243        0.00000000
        2.17862564        0.00000000
        2.19121885        0.00000000
        2.20381206        0.00000000
        2.21640528        0.00000000
        2.22899849        0.00000000
        2.24159170        0.00000000
        2.25418491        0.00000000
        2.26677812        0.00000000
        2.27937133        0.00000000
        2.29196455        0.00000000
        2.30455776        0.00000000
        2.31715097        0.00000000
        2.32974418        0.00000000
        2.34233739        0.00000000
        2.35493060        0.00000000
        2.36752382        0.00000000
        2.38011703        0.00000000
        2.39271024        0.00000000
        2.40530345        0.00000000
        2.41789666        0.00000000
        2.43048988        0.00000000
        2.44308309        0.00000000
        2.45567630        0.00000000
        2.46826951        0.00000000
        2.48086272        0.00000000
        2.49345593        0.00000000
        2.50604915        0.00000000
        2.51864236        0.00000000
        2.53123557        0.00000000
        2.54382878        0.00000000
        2.55642199        0.00000000
        2.56901521        0.00000000
        2.58160842        0.00000000
        2.59420163        0.00000000
        2.60679484        0.00000000
        2.61938805        0.00000000
        2.63198126        0.00000000
        2.64457448        0.00000000
        2.65716769        0.00000000
        2.66976090        0.00000000
        2.68235411        0.00000000
        2.69494732        0.00000000
        2.70754053        0.00000000
        2.72013375        0.00000000
        2.73272696        0.00000000
        2.74532017        0.00000000
        2.75791338        0.00000000
        2.77050659        0.00000000
        2.78309981        0.00000000
        2.79569302        0.00000000
        2.80828623        0.00000000
        2.82087944        0.00000000
        2.83347265        0.00000000
        2.84606586        0.00000000
        2.85865908        0.00000000
        2.87125229        0.00000000
        2.88384550        0.00000000
        2.89643871        0.00000000
        2.90903192        0.00000000
        2.92162514        0.00000000
        2.93421835        0.00000000
        2.94681156        0.00000000
        2.95940477        0.00000000
        2.97199798        0.00000000
        2.98459119        0.00000000
        2.99718441        0.00000000
        3.00977762        0.00000000
        3.02237083        0.00000000
        3.03496404        0.00000000
        3.04755725        0.00000000
        3.06015046        0.00000000
        3.07274368        0.00000000
        3.08533689        0.00000000
        3.09793010        0.00000000
        3.11052331        0.00000000
        3.12311652        0.00000000
        3.13570974        0.00000000
        3.14830295        0.00000000
        3.16089616        0.00000000
        3.17348937        0.00000000
        3.18608258        0.00000000
        3.19867579        0.00000000
        3.21126901        0.00000000
        3.22386222        0.00000000
        3.23645543        0.00000000
        3.24904864        0.00000000
        3.26164185        0.00000000
        3.27423507        0.00000000
        3.28682828        0.00000000
        3.29942149        0.00000000
        3.31201470        0.00000000
        3.32460791        0.00000000
        3.33720112        0.00000000
        3.34979434        0.00000000
        3.36238755        0.00000000
        3.37498076        0.00000000
        3.38757397        0.00000000
        3.40016718        0.00000000
        3.41276040        0.00000000
        3.42535361        0.00000000
        3.43794682        0.00000000
        3.45054003        0.00000000
        3.46313324        0.00000000
        3.47572645        0.00000000
        3.48831967        0.00000000
        3.50091288        0.00000000
        3.51350609        0.00000000
        3.52609930        0.00000000
        3.53869251        0.00000000
        3.55128572        0.00000000
        3.56387894        0.00000000
        3.57647215        0.00000000
        3.58906536        0.00000000
        3.60165857        0.00000000
        3.61425178        0.00000000
        3.62684500        0.00000000
        3.63943821        0.00000000
        3.65203142        0.00000000
        3.66462463        0.00000000
        3.67721784        0.00000000
        3.68981105        0.00000000
        3.70240427        0.00000000
        3.71499748        0.00000000
        3.72759069        0.00000000
        3.74018390        0.00000000
        3.75277711        0.00000000
        3.76537033        0.00000000
        3.77796354        0.00000000
        3.79055675        0.00000000
        3.80314996        0.00000000
        3.81574317        0.00000000
        3.82833638        0.00000000
        3.84092960        0.00000000
        3.85352281        0.00000000
        3.86611602        0.00000000
        3.87870923        0.00000000
        3.89130244        0.00000000
        3.90389565        0.00000000
        3.91648887        0.00000000
        3.92908208        0.00000000
        3.94167529        0.00000000
        3.95426850        0.00000000
        3.96686171        0.00000000
        3.97945493        0.00000000
        3.99204814        0.00000000
        4.00464135        0.00000000
        4.01723456        0.00000000
        4.02982777        0.00000000
        4.04242098        0.00000000
        4.05501420        0.00000000
        4.06760741        0.00000000
        4.08020062        0.00000000
        4.09279383        0.00000000
        4.10538704        0.00000000
        4.11798026        0.00000000
        4.13057347        0.00000000
        4.14316668        0.00000000
        4.15575989        0.00000000
        4.16835310        0.00000000
        4.18094631        0.00000000
        4.19353953        0.00000000
        4.20613274        0.00000000
        4.21872595        0.00000000
        4.23131916        0.00000000
        4.24391237        0.00000000
        4.25650559        0.00000000
        4.26909880        0.00000000
        4.28169201        0.00000000
        4.29428522        0.00000000
        4.30687843        0.00000000
        4.31947164        0.00000000
        4.33206486        0.00000000
        4.34465807        0.00000000
        4.35725128        0.00000000
        4.36984449        0.00000000
        4.38243770        0.00000000
        4.39503091        0.00000000
        4.40762413        0.00000000
        4.42021734        0.00000000
        4.43281055        0.00000000
        4.44540376        0.00000000
        4.45799697        0.00000000
        4.47059019        0.00000000
        4.48318340        0.00000000
        4.49577661        0.00000000
        4.50836982        0.00000000
        4.52096303        0.00000000
        4.53355624        0.00000000
        4.54614946        0.00000000
        4.55874267        0.00000000
        4.57133588        0.00000000
        4.58392909        0.00000000
        4.59652230        0.00000000
        4.60911552        0.00000000
        4.62170873        0.00000000
        4.63430194        0.00000000
        4.64689515        0.00000000
        4.65948836        0.00000000
        4.67208157        0.00000000
        4.68467479        0.00000000
        4.69726800        0.00000000
        4.70986121        0.00000000
        4.72245442        0.00000000
        4.73504763        0.00000000
        4.74764084        0.00000000
        4.76023406        0.00000000
        4.77282727        0.00000000
        4.78542048        0.00000000
        4.79801369        0.00000000
        4.81060690        0.00000000
        4.82320012        0.00000000
        4.83579333        0.00000000
        4.84838654        0.00000000
        4.86097975        0.00000000
        4.87357296        0.00000000
        4.88616617        0.00000000
        4.89875939        0.00000000
        4.91135260        0.00000000
        4.92394581        0.00000000
        4.93653902        0.00000000
        4.94913223        0.00000000
        4.96172545        0.00000000
        4.97431866        0.00000000
        4.98691187        0.00000000
        4.99950508        0.00000000
        5.01209829        0.00000000
        5.02469150        0.00000000
        5.03728472        0.00000000
        5.04987793        0.00000000
        5.06247114        0.00000000
        5.07506435        0.00000000
        5.08765756        0.00000000
        5.10025077        0.00000000
        5.11284399        0.00000000
        5.12543720        0.00000000
        5.13803041        0.00000000
        5.15062362        0.00000000
        5.16321683        0.00000000
        5.17581005        0.00000000
        5.18840326        0.00000000
        5.20099647        0.00000000
        5.21358968        0.00000000
        5.22618289        0.00000000
        5.23877610        0.00000000
        5.25136932        0.00000000
        5.26396253        0.00000000
        5.27655574        0.00000000
        5.28914895        0.00000000
        5.30174216        0.00000000
        5.31433538        0.00000000
        5.32692859        0.00000000
        5.33952180        0.00000000
        5.35211501        0.00000000
        5.36470822        0.00000000
        5.37730143        0.00000000
        5.38989465        0.00000000
        5.40248786        0.00000000
        5.41508107        0.00000000
        5.42767428        0.00000000
        5.44026749        0.00000000
        5.45286071        0.00000000
        5.46545392        0.00000000
        5.47804713        0.00000000
        5.49064034        0.00000000
        5.50323355        0.00000000
        5.51582676        0.00000000
        5.52841998        0.00000000
        5.54101319        0.00000000
        5.55360640        0.00000000
        5.56619961        0.00000000
        5.57879282        0.00000000
        5.59138603        0.00000000
        5.60397925        0.00000000
        5.61657246        0.00000000
        5.62916567        0.00000000
        5.64175888        0.00000000
        5.65435209        0.00000000
        5.66694531        0.00000000
        5.67953852        0.00000000
        5.69213173        0.00000000
        5.70472494        0.00000000
        5.71731815        0.00000000
        5.72991136        0.00000000
        5.74250458        0.00000000
        5.75509779        0.00000000
        5.76769100        0.00000000
        5.78028421        0.00000000
        5.79287742        0.00000000
        5.80547064        0.00000000
        5.81806385        0.00000000
        5.83065706        0.00000000
        5.84325027        0.00000000
        5.85584348        0.00000000
        5.86843669        0.00000000
        5.88102991        0.00000000
        5.89362312        0.00000000
        5.90621633        0.00000000
        5.91880954        0.00000000
        5.93140275        0.00000000
        5.94399596        0.00000000
        5.95658918        0.00000000
        5.96918239        0.00000000
        5.98177560        0.00000000
        5.99436881        0.00000000
        6.00696202        0.00000000
        6.01955524        0.00000000
        6.03214845        0.00000000
        6.04474166        0.00000000
        6.05733487        0.00000000
        6.06992808        0.00000000
        6.08252129        0.00000000
        6.09511451        0.00000000
        6.10770772        0.00000000
        6.12030093        0.00000000
        6.13289414        0.00000000
        6.14548735        0.00000000
        6.15808057        0.00000000
        6.17067378        0.00000000
        6.18326699        0.00000000
        6.19586020        0.00000000
        6.20845341        0.00000000
        6.22104662        0.00000000
        6.23363984        0.00000000
        6.24623305        0.00000000
        6.25882626        0.00000000
        6.27141947        0.00000000
        6.28401268        0.00000000
        6.29660589        0.00000000
        6.30919911        0.00000000
        6.32179232        0.00000000
        6.33438553        0.00000000
        6.34697874        0.00000000
        6.35957195        0.00000000
        6.37216517        0.00000000
        6.38475838        0.00000000
        6.39735159        0.00000000
        6.40994480        0.00000000
        6.42253801        0.00000000
        6.43513122        0.00000000
        6.44772444        0.00000000
        6.46031765        0.00000000
        6.47291086        0.00000000
        6.48550407        0.00000000
        6.49809728        0.00000000
        6.51069050        0.00000000
        6.52328371        0.00000000
        6.53587692        0.00000000
        6.54847013        0.00000000
        6.56106334        0.00000000
        6.57365655        0.00000000
        6.58624977        0.00000000
        6.59884298        0.00000000
        6.61143619        0.00000000
        6.62402940        0.00000000
        6.63662261        0.00000000
        6.64921583        0.00000000
        6.66180904        0.00000000
        6.67440225        0.00000000
        6.68699546        0.00000000
        6.69958867        0.00000000
        6.71218188        0.00000000
        6.72477510        0.00000000
        6.73736831        0.00000000
        6.74996152        0.00000000
        6.76255473        0.00000000
        6.77514794        0.00000000
        6.78774115        0.00000000
        6.80033437        0.00000000
        6.81292758        0.00000000
        6.82552079        0.00000000
        6.83811400        0.00000000
        6.85070721        0.00000000
        6.86330043        0.00000000
        6.87589364        0.00000000
        6.88848685        0.00000000
        6.90108006        0.00000000
        6.91367327        0.00000000
        6.92626648        0.00000000
        6.93885970        0.00000000
        6.95145291        0.00000000
        6.96404612        0.00000000
        6.97663933        0.00000000
        6.98923254        0.00000000
        7.00182576        0.00000000
        7.01441897        0.00000000
        7.02701218        0.00000000
        7.03960539        0.00000000
        7.05219860        0.00000000
        7.06479181        0.00000000
        7.07738503        0.00000000
        7.08997824        0.00000000
        7.10257145        0.00000000
        7.11516466        0.00000000
        7.12775787        0.00000000
        7.14035108        0.00000000
        7.15294430        0.00000000
        7.16553751        0.00000000
        7.17813072        0.00000000
        7.19072393        0.00000000
        7.20331714        0.00000000
        7.21591036        0.00000000
        7.22850357        0.00000000
        7.24109678        0.00000000
        7.25368999        0.00000000
        7.26628320        0.00000000
        7.27887641        0.00000000
        7.29146963        0.00000000
        7.30406284        0.00000000
        7.31665605        0.00000000
        7.32924926        0.00000000
        7.34184247        0.00000000
        7.35443569        0.00000000
        7.36702890        0.00000000
        7.37962211        0.00000000
        7.39221532        0.00000000
        7.40480853        0.00000000
        7.41740174        0.00000000
        7.42999496        0.00000000
        7.44258817        0.00000000
        7.45518138        0.00000000
        7.46777459        0.00000000
        7.48036780        0.00000000
        7.49296102        0.00000000
        7.50555423        0.00000000
        7.51814744        0.00000000
        7.53074065        0.00000000
        7.54333386        0.00000000
        7.55592707        0.00000001
        7.56852029        0.00000001
        7.58111350        0.00000001
        7.59370671        0.00000002
        7.60629992        0.00000003
        7.61889313        0.00000004
        7.63148634        0.00000006
        7.64407956        0.00000008
        7.65667277        0.00000012
        7.66926598        0.00000017
        7.68185919        0.00000025
        7.69445240        0.00000035
        7.70704562        0.00000049
        7.71963883        0.00000069
        7.73223204        0.00000096
        7.74482525        0.00000134
        7.75741846        0.00000186
        7.77001167        0.00000257
        7.78260489        0.00000353
        7.79519810        0.00000484
        7.80779131        0.00000661
        7.82038452        0.00000899
        7.83297773        0.00001217
        7.84557095        0.00001642
        7.85816416        0.00002206
        7.87075737        0.00002952
        7.88335058        0.00003935
        7.89594379        0.00005224
        7.90853700        0.00006908
        7.92113022        0.00009099
        7.93372343        0.00011937
        7.94631664        0.00015599
        7.95890985        0.00020303
        7.97150306        0.00026321
        7.98409627        0.00033988
        7.99668949        0.00043714
        8.00928270        0.00056001
        8.02187591        0.00071458
        8.03446912        0.00090819
        8.04706233        0.00114970
        8.05965555        0.00144967
        8.07224876        0.00182067
        8.08484197        0.00227756
        8.09743518        0.00283783
        8.11002839        0.00352192
        8.12262160        0.00435360
        8.13521482        0.00536038
        8.14780803        0.00657385
        8.16040124        0.00803010
        8.17299445        0.00977010
        8.18558766        0.01184008
        8.19818088        0.01429180
        8.21077409        0.01718291
        8.22336730        0.02057706
        8.23596051        0.02454410
        8.24855372        0.02916004
        8.26114693        0.03450692
        8.27374015        0.04067256
        8.28633336        0.04775005
        8.29892657        0.05583716
        8.31151978        0.06503543
        8.32411299        0.07544905
        8.33670620        0.08718358
        8.34929942        0.10034432
        8.36189263        0.11503448
        8.37448584        0.13135314
        8.38707905        0.14939292
        8.39967226        0.16923755
        8.41226548        0.19095921
        8.42485869        0.21461579
        8.43745190        0.24024806
        8.45004511        0.26787692
        8.46263832        0.29750062
        8.47523153        0.32909224
        8.48782475        0.36259731
        8.50041796        0.39793186
        8.51301117        0.43498074
        8.52560438        0.47359655
        8.53819759        0.51359908
        8.55079081        0.55477533
        8.56338402        0.59688029
        8.57597723        0.63963842
        8.58857044        0.68274583
        8.60116365        0.72587321
        8.61375686        0.76866959
        8.62635008        0.81076659
        8.63894329        0.85178346
        8.65153650        0.89133257
        8.66412971        0.92902538
        8.67672292        0.96447861
        8.68931614        0.99732075
        8.70190935        1.02719840
        8.71450256        1.05378266
        8.72709577        1.07677508
        8.73968898        1.09591326
        8.75228219        1.11097583
        8.76487541        1.12178668
        8.77746862        1.12821844
        8.79006183        1.13019494
        8.80265504        1.12769270
        8.81524825        1.12074146
        8.82784146        1.10942350
        8.84043468        1.09387209
        8.85302789        1.07426885
        8.86562110        1.05084022
        8.87821431        1.02385311
        8.89080752        0.99360986
        8.90340074        0.96044257
        8.91599395        0.92470709
        8.92858716        0.88677664
        8.94118037        0.84703544
        8.95377358        0.80587224
        8.96636679        0.76367416
        8.97896001        0.72082075
        8.99155322        0.67767857
        9.00414643        0.63459627
        9.01673964        0.59190031
        9.02933285        0.54989139
        9.04192607        0.50884155
        9.05451928        0.46899208
        9.06711249        0.43055215
        9.07970570        0.39369809
        9.09229891        0.35857348
        9.10489212        0.32528972
        9.11748534        0.29392723
        9.13007855        0.26453711
        9.14267176        0.23714322
        9.15526497        0.21174450
        9.16785818        0.18831759
        9.18045139        0.16681956
        9.19304461        0.14719070
        9.20563782        0.12935734
        9.21823103        0.11323459
        9.23082424        0.09872895
        9.24341745        0.08574074
        9.25601067        0.07416642
        9.26860388        0.06390056
        9.28119709        0.05483773
        9.29379030        0.04687395
        9.30638351        0.03990810
        9.31897672        0.03384292
        9.33156994        0.02858592
        9.34416315        0.02404994
        9.35675636        0.02015363
        9.36934957        0.01682172
        9.38194278        0.01398510
        9.39453600        0.01158082
        9.40712921        0.00955197
        9.41972242        0.00784744
        9.43231563        0.00642166
        9.44490884        0.00523427
        9.45750205        0.00424976
        9.47009527        0.00343708
        9.48268848        0.00276924
        9.49528169        0.00222296
        9.50787490        0.00177825
        9.52046811        0.00141812
        9.53306133        0.00112817
        9.54565454        0.00089635
        9.55824775        0.00071269
        9.57084096        0.00056899
        9.58343417        0.00045873
        9.59602738        0.00037679
        9.60862060        0.00031942
        9.62121381        0.00028409
        9.63380702        0.00026948
        9.64640023        0.00027549
        9.65899344        0.00030328
        9.67158665        0.00035539
        9.68417987        0.00043590
        9.69677308        0.00055073
        9.70936629        0.00070791
        9.72195950        0.00091803
        9.73455271        0.00119476
        9.74714593        0.00155551
        9.75973914        0.00202222
        9.77233235        0.00262227
        9.78492556        0.00338965
        9.79751877        0.00436625
        9.81011198        0.00560341
        9.82270520        0.00716370
        9.83529841        0.00912298
        9.84789162        0.01157266
        9.86048483        0.01462242
        9.87307804        0.01840302
        9.88567126        0.02306960
        9.89826447        0.02880518
        9.91085768        0.03582446
        9.92345089        0.04437792
        9.93604410        0.05475604
        9.94863731        0.06729375
        9.96123053        0.08237493
        9.97382374        0.10043680
        9.98641695        0.12197425
        9.99901016        0.14754380
       10.01160337        0.17776702
       10.02419658        0.21333343
       10.03678980        0.25500229
       10.04938301        0.30360346
       10.06197622        0.36003673
       10.07456943        0.42526962
       10.08716264        0.50033326
       10.09975586        0.58631616
       10.11234907        0.68435558
       10.12494228        0.79562649
       10.13753549        0.92132768
       10.15012870        1.06266526
       10.16272191        1.22083316
       10.17531513        1.39699106
       10.18790834        1.59223958
       10.20050155        1.80759312
       10.21309476        2.04395074
       10.22568797        2.30206537
       10.23828119        2.58251208
       10.25087440        2.88565600
       10.26346761        3.21162063
       10.27606082        3.56025750
       10.28865403        3.93111790
       10.30124724        4.32342789
       10.31384046        4.73606729
       10.32643367        5.16755375
       10.33902688        5.61603282
       10.35162009        6.07927472
       10.36421330        6.55467860
       10.37680651        7.03928475
       10.38939973        7.52979527
       10.40199294        8.02260310
       10.41458615        8.51382955
       10.42717936        8.99936989
       10.43977257        9.47494640
       10.45236579        9.93616813
       10.46495900       10.37859614
       10.47755221       10.79781313
       10.49014542       11.18949576
       10.50273863       11.54948824
       10.51533184       11.87387530
       10.52792506       12.15905283
       10.54051827       12.40179442
       10.55311148       12.59931205
       10.56570469       12.74930939
       10.57829790       12.85002620
       10.59089112       12.90027275
       10.60348433       12.89945317
       10.61607754       12.84757723
       10.62867075       12.74526016
       10.64126396       12.59371048
       10.65385717       12.39470625
       10.66645039       12.15056037
       10.67904360       11.86407582
       10.69163681       11.53849210
       10.70423002       11.17742438
       10.71682323       10.78479674
       10.72941645       10.36477146
       10.74200966        9.92167600
       10.75460287        9.45992941
       10.76719608        8.98397010
       10.77978929        8.49818629
       10.79238250        8.00685099
       10.80497572        7.51406237
       10.81756893        7.02369101
       10.83016214        6.53933449
       10.84275535        6.06428024
       10.85534856        5.60147663
       10.86794177        5.15351271
       10.88053499        4.72260621
       10.89312820        4.31059952
       10.90572141        3.91896316
       10.91831462        3.54880591
       10.93090783        3.20089095
       10.94350105        2.87565695
       10.95609426        2.57324323
       10.96868747        2.29351810
       10.98128068        2.03610923
       10.99387389        1.80043541
       11.00646710        1.58573857
       11.01906032        1.39111556
       11.03165353        1.21554880
       11.04424674        1.05793545
       11.05683995        0.91711441
       11.06943316        0.79189106
       11.08202638        0.68105933
       11.09461959        0.58342096
       11.10721280        0.49780207
       11.11980601        0.42306680
       11.13239922        0.35812842
       11.14499243        0.30195777
       11.15758565        0.25358947
       11.17017886        0.21212596
       11.18277207        0.17673966
       11.19536528        0.14667355
       11.20795849        0.12124034
       11.22055170        0.09982059
       11.23314492        0.08185980
       11.24573813        0.06686500
       11.25833134        0.05440071
       11.27092455        0.04408471
       11.28351776        0.03558352
       11.29611098        0.02860800
       11.30870419        0.02290887
       11.32129740        0.01827248
       11.33389061        0.01451673
       11.34648382        0.01148729
       11.35907703        0.00905408
       11.37167025        0.00710802
       11.38426346        0.00555815
       11.39685667        0.00432902
       11.40944988        0.00335836
       11.42204309        0.00259502
       11.43463631        0.00199726
       11.44722952        0.00153110
       11.45982273        0.00116910
       11.47241594        0.00088915
       11.48500915        0.00067356
       11.49760236        0.00050823
       11.51019558        0.00038196
       11.52278879        0.00028593
       11.53538200        0.00021319
       11.54797521        0.00015833
       11.56056842        0.00011712
       11.57316164        0.00008629
       11.58575485        0.00006333
       11.59834806        0.00004629
       11.61094127        0.00003370
       11.62353448        0.00002444
       11.63612769        0.00001765
       11.64872091        0.00001270
       11.66131412        0.00000910
       11.67390733        0.00000650
       11.68650054        0.00000462
       11.69909375        0.00000327
       11.71168696        0.00000231
       11.72428018        0.00000162
       11.73687339        0.00000113
       11.74946660        0.00000079
       11.76205981        0.00000055
       11.77465302        0.00000038
       11.78724624        0.00000026
       11.79983945        0.00000018
       11.81243266        0.00000012
       11.82502587        0.00000008
       11.83761908        0.00000006
       11.85021229        0.00000004
       11.86280551        0.00000003
       11.87539872        0.00000002
       11.88799193        0.00000001
       11.90058514        0.00000001
       11.91317835        0.00000001
       11.92577157        0.00000000
       11.93836478        0.00000000
       11.95095799        0.00000000
       11.96355120        0.00000000
       11.97614441        0.00000000
       11.98873762        0.00000000
       12.00133084        0.00000000
       12.01392405        0.00000000
       12.02651726        0.00000000
       12.03911047        0.00000000
       12.05170368        0.00000000
       12.06429689        0.00000000
       12.07689011        0.00000000
       12.08948332        0.00000000
       12.10207653        0.00000000
       12.11466974        0.00000000
       12.12726295        0.00000000
       12.13985617        0.00000000
       12.15244938        0.00000000
       12.16504259        0.00000000
       12.17763580        0.00000000
       12.19022901        0.00000000
       12.20282222        0.00000000
       12.21541544        0.00000000
       12.22800865        0.00000000
       12.24060186        0.00000000
       12.25319507        0.00000000
       12.26578828        0.00000000
       12.27838150        0.00000000
       12.29097471        0.00000000
       12.30356792        0.00000000
       12.31616113        0.00000000
       12.32875434        0.00000000
       12.34134755        0.00000000
       12.35394077        0.00000000
       12.36653398        0.00000000
       12.37912719        0.00000000
       12.39172040        0.00000000
       12.40431361        0.00000000
       12.41690682        0.00000000
       12.42950004        0.00000000
       12.44209325        0.00000000
       12.45468646        0.00000000
       12.46727967        0.00000000
       12.47987288        0.00000000
       12.49246610        0.00000000
       12.50505931        0.00000000
       12.51765252        0.00000000
       12.53024573        0.00000000
       12.54283894        0.00000000
       12.55543215        0.00000000
       12.56802537        0.00000000
       12.58061858        0.00000000
       12.59321179        0.00000000
