  24   D_6h point group     Classes and rotation matrices
    1     1  0  0     0  1  0     0  0  1      E  
    2     0.5 0.866025403784438646763723170752 0 -0.866025403784438646763723170752 0.5 0 0 0 1 C6  
    2     0.5 -0.866025403784438646763723170752 0 0.866025403784438646763723170752 0.5 0 0 0 1 C6  
    3     -0.5 0.866025403784438646763723170752 0 -0.866025403784438646763723170752 -0.5 0 0 0 1 C3  
    3     -0.5 -0.866025403784438646763723170752 0 0.866025403784438646763723170752 -0.5 0 0 0 1 C3  
    4    -1  0  0     0 -1  0     0  0  1      Cz 
    5     1  0  0     0 -1  0     0  0 -1      Cx 
    5     -0.5 -0.866025403784438646763723170752 0 -0.866025403784438646763723170752 0.5 0 0 0 -1  
    5     -0.5 0.866025403784438646763723170752 0 0.866025403784438646763723170752 0.5 0 0 0 -1  
    6    -1  0  0     0  1  0     0  0 -1      C2 
    6     0.5 0.866025403784438646763723170752 0 0.866025403784438646763723170752 -0.5 0 0 0 -1  
    6     0.5 -0.866025403784438646763723170752 0 -0.866025403784438646763723170752 -0.5 0 0 0 -1  
    7    -1  0  0     0 -1  0     0  0 -1      IE 
    8     -0.5 -0.866025403784438646763723170752 0 0.866025403784438646763723170752 -0.5 0 0 0 -1 IC6  
    8     -0.5 0.866025403784438646763723170752 0 -0.866025403784438646763723170752 -0.5 0 0 0 -1 IC6  
    9     0.5 -0.866025403784438646763723170752 0 0.866025403784438646763723170752 0.5 0 0 0 -1 IC3  
    9     0.5 0.866025403784438646763723170752 0 -0.866025403784438646763723170752 0.5 0 0 0 -1 IC3  
   10     1  0  0     0  1  0     0  0 -1      ICz
   11    -1  0  0     0  1  0     0  0  1      IC2
   11     0.5 0.866025403784438646763723170752 0 0.866025403784438646763723170752 -0.5 0 0 0 1  
   11     0.5 -0.866025403784438646763723170752 0 -0.866025403784438646763723170752 -0.5 0 0 0 1  
   12     1  0  0     0 -1  0     0  0  1      IC2
   12     -0.5 -0.866025403784438646763723170752 0 -0.866025403784438646763723170752 0.5 0 0 0 1  
   12     -0.5 0.866025403784438646763723170752 0 0.866025403784438646763723170752 0.5 0 0 0 1  
  12    E    C6    C3    Cz    Cx    Cy    I    IC6    IC3    ICz   ICx   ICy         Dimension and characters of representations (real part only)
  1     1     1     1     1     1     1     1     1     1     1     1     1     A1g    First class must be E!!!
  1     1     1     1     1    -1    -1     1     1     1     1    -1    -1     A2g
  1     1    -1     1    -1     1    -1     1    -1     1    -1     1    -1     B1g
  1     1    -1     1    -1    -1     1     1    -1     1    -1    -1     1     B2g
  2     2     1    -1    -2     0     0     2     1    -1    -2     0     0     E1g
  2     2    -1    -1     2     0     0     2    -1    -1     2     0     0     E2g
  1     1     1     1     1     1     1    -1    -1    -1    -1    -1    -1     A1u
  1     1     1     1     1    -1    -1    -1    -1    -1    -1     1     1     A2u
  1     1    -1     1    -1     1    -1    -1     1    -1     1    -1     1     B1u
  1     1    -1     1    -1    -1     1    -1     1    -1     1     1    -1     B2u
  2     2     1    -1    -2     0     0    -2    -1     1     2     0     0     E1u
  2     2    -1    -1     2     0     0    -2     1     1    -2     0     0     E2u
