-----------------------------------------------------------------

 OUTPUT SELF-ENERGY DIAGONAL MATRIX ELEMENTS (eV)
     n   occ        E_dft     V_xc   Sigma_x  Sigma_sx   Sigma_c   Sigma_g  Sigma-V_xc   zfac  Im[Sigma]      E_0      E_qp  
     1   1.000    -3.609    -4.427    -5.825     1.527    -0.944     0.870    -1.472     0.657     0.108    -3.609    -4.663
     2   0.000    -2.066    -3.521    -0.938     0.772    -1.744     0.896     1.735     0.583    -0.215    -2.066    -0.676
     3   0.000    -1.804    -3.119    -0.831     0.773    -1.437     0.938     1.789     0.948    -0.219    -1.804    -0.208
     4   0.000    -1.209    -3.020    -0.746     0.663    -1.485     0.889     1.679     0.795    -0.156    -1.209     0.245
     5   0.000    -0.770    -2.842    -0.590     0.512    -1.998     1.163     1.417     0.621    -0.364    -0.770     0.902
     6   0.000    -0.499    -2.672    -0.329     0.156    -2.337     1.438     1.444     0.549    -0.541    -0.499     1.292
-----------------------------------------------------------------


 OUTPUT SELF-ENERGY OFF-DIAGONAL MATRIX ELEMENTS (eV)
    n1    n2     V_xc    Sigma_x  Sigma_c1  Sigma_c2  Sigma_g1  Sigma_g2  Sigma-V_xc1  Sigma-V_xc2
     1     3    -0.017    -0.094     0.095     0.125     0.022     0.025        0.040        0.073
     1     5     0.821     1.022    -0.220    -0.524     0.064     0.291        0.046       -0.032
     2     6    -0.355    -0.251    -0.029     0.059    -0.050    -0.147        0.024        0.016
     3     5    -0.101    -0.126     0.181     0.141    -0.061    -0.091        0.095        0.025

-----------------------------------------------------------------
