-----------------------------------------------------------------

 OUTPUT SELF-ENERGY DIAGONAL MATRIX ELEMENTS (eV)
     n   occ        E_dft     V_xc   Sigma_x  Sigma_sx   Sigma_c   Sigma_g  Sigma-V_xc   zfac  Im[Sigma]      E_0      E_qp  
     1   1.000    -3.869    -4.672    -6.747     2.334     0.200     0.661    -1.215     0.528     0.642    -3.869    -5.419
     2   1.000    -2.591    -4.128    -5.585     1.505    -1.040     1.176    -1.321     0.755     0.066    -2.591    -3.649
     3   0.000    -2.001    -3.383    -1.233     0.863    -1.004     0.784     1.931     0.749    -0.084    -2.001    -0.403
     4   0.000    -1.384    -3.266    -1.024     0.681    -1.249     0.804     1.796     0.791    -0.122    -1.384     0.091
     5   0.000    -1.087    -3.439    -1.428     1.124    -1.248     1.003     1.765     0.857    -0.073    -1.087     0.432
     6   0.000    -0.825    -3.222    -1.095     0.699    -1.579     1.163     1.712     0.592    -0.221    -0.825     1.030
-----------------------------------------------------------------


 OUTPUT SELF-ENERGY OFF-DIAGONAL MATRIX ELEMENTS (eV)
    n1    n2     V_xc    Sigma_x  Sigma_c1  Sigma_c2  Sigma_g1  Sigma_g2  Sigma-V_xc1  Sigma-V_xc2
     1     3    -0.079     0.065    -0.234    -0.161    -0.008    -0.014       -0.097       -0.031
     1     5     0.560     0.252     0.642     0.300    -0.093     0.153        0.241        0.145
     2     6     0.352     0.403    -0.061    -0.115     0.093     0.162        0.084        0.099
     3     5     0.065     0.223    -0.152    -0.121     0.006    -0.036        0.012        0.001

-----------------------------------------------------------------
