        0.03038519        0.00000000    19138.17748451        0.00000000
        0.06077038        0.00000000    19142.05599384        0.00000000
        0.09115558        0.00000000    19148.52542981        0.00000000
        0.12154077        0.00000000    19157.59369351        0.00000000
        0.15192596        0.00000000    19169.27188765        0.00000000
        0.18231115        0.00000000    19183.57435804        0.00000000
        0.21269634        0.00000000    19200.51874753        0.00000000
        0.24308153        0.00000000    19220.12606274        0.00000000
        0.27346673        0.00000000    19242.42075406        0.00000000
        0.30385192        0.00000000    19267.43080966        0.00000000
        0.33423711        0.00000000    19295.18786410        0.00000000
        0.36462230        0.00000000    19325.72732246        0.00000000
        0.39500749        0.00000000    19359.08850100        0.00000000
        0.42539269        0.00000000    19395.31478545        0.00000000
        0.45577788        0.00000000    19434.45380822        0.00000000
        0.48616307        0.00000000    19476.55764606        0.00000000
        0.51654826        0.00000000    19521.68303975        0.00000000
        0.54693345        0.00000000    19569.89163785        0.00000000
        0.57731864        0.00000000    19621.25026650        0.00000000
        0.60770384        0.00000000    19675.83122781        0.00000000
        0.63808903        0.00000000    19733.71262947        0.00000000
        0.66847422        0.00000001    19794.97874871        0.00000000
        0.69885941        0.00000004    19859.72043405        0.00000000
        0.72924460        0.00000011    19928.03554874        0.00000000
        0.75962980        0.00000031    20000.02946021        0.00000000
        0.79001499        0.00000085    20075.81558057        0.00000000
        0.82040018        0.00000234    20155.51596365        0.00000000
        0.85078537        0.00000626    20239.26196480        0.00000000
        0.88117056        0.00001637    20327.19497048        0.00000001
        0.91155575        0.00004183    20419.46720560        0.00000002
        0.94194095        0.00010447    20516.24262717        0.00000005
        0.97232614        0.00025505    20617.69791436        0.00000012
        1.00271133        0.00060859    20724.02356573        0.00000028
        1.03309652        0.00141933    20835.42511566        0.00000066
        1.06348171        0.00323535    20952.12448339        0.00000152
        1.09386691        0.00720840    21074.36146886        0.00000338
        1.12425210        0.01569808    21202.39541074        0.00000738
        1.15463729        0.03341574    21336.50702259        0.00001573
        1.18502248        0.06952811    21477.00042324        0.00003279
        1.21540767        0.14141099    21624.20537639        0.00006683
        1.24579287        0.28114381    21778.47975210        0.00013313
        1.27617806        0.54639476    21940.21221764        0.00025928
        1.30656325        1.03807308    22109.82515610        0.00049372
        1.33694844        1.92798884    22287.77779603        0.00091916
        1.36733363        3.50065390    22474.56951026        0.00167311
        1.39771882        6.21406980    22670.74320285        0.00297783
        1.42810402       10.78452890    22876.88864056        0.00518242
        1.45848921       18.29961898    23093.64548795        0.00881947
        1.48887440       30.36118939    23321.70565427        0.01467747
        1.51925959       49.25544921    23561.81432492        0.02388815
        1.54964478       78.14028525    23814.76868524        0.03802456
        1.58002998      121.23045334    24081.41277673        0.05920079
        1.61041517      183.95042639    24362.62604132        0.09015896
        1.64080036      273.01428490    24659.30173113        0.13432321
        1.67118555      396.38502486    24972.30921435        0.19579635
        1.70157074      563.06565099    25302.43087663        0.27927365
        1.73195593      782.68501570    25650.25919455        0.38985226
        1.76234113     1064.86502224    26016.03182595        0.53272532
        1.79272632     1418.39256941    26399.37130907        0.71276728
        1.82311151     1850.26592102    26798.88073194        0.93404007
        1.85349670     2364.73338037    27211.52925270        1.19927513
        1.88388189     2962.48103187    27631.75009206        1.50940853
        1.91426709     3640.14303587    28050.19422543        1.86325880
        1.94465228     4390.29116955    28452.19764848        2.25743420
        1.97503747     5202.00389147    28816.34869485        2.68653234
        2.00542266     6062.02168868    29114.23160264        3.14365249
        2.03580785     6956.37776307    29313.39994160        3.62118238
        2.06619304     7872.27369812    29385.94353396        4.11175920
        2.09657824     8799.87674969    29322.37055750        4.60925082
        2.12696343     9733.67617624    29143.87977145        5.10957412
        2.15734862    10673.06960407    28901.86448111        5.61117256
        2.18773381    11621.96099113    28661.93238033        6.11502040
        2.21811900    12587.32522980    28483.43620211        6.62410108
        2.24850420    13576.89967894    28403.93462843        7.14240900
        2.27888939    14596.35777316    28427.87758734        7.67362709
        2.30927458    15646.46069939    28520.36268294        8.21971436
        2.33965977    16720.73551371    28611.28402321        8.77967915
        2.37004496    17804.17549819    28611.04500993        9.34880230
        2.40043015    18873.30686716    28434.71572577        9.91851134
        2.43081535    19897.74211326    28029.67741911       10.47699943
        2.46120054    20843.08615449    27395.74661463       11.01055378
        2.49158573    21674.82412507    26582.68417047       11.50542814
        2.52197092    22362.64153449    25662.97468768       11.94998900
        2.55235611    22884.53828283    24699.38575724       12.33680184
        2.58274131    23230.11033675    23729.27977755       12.66431429
        2.61312650    23402.48209858    22771.79813768       12.93783906
        2.64351169    23418.55953900    21850.30970260       13.16963408
        2.67389688    23307.51001775    21011.40836025       13.37800711
        2.70428207    23107.62539260    20320.31415664       13.58551760
        2.73466726    22861.95589540    19833.64575526       13.81648889
        2.76505246    22613.28176177    19570.40536842       14.09415696
        2.79543765    22399.09240380    19498.80504467       14.43784891
        2.82582284    22247.25287623    19544.45023299       14.86059319
        2.85620803    22172.95018461    19615.13675515       15.36750850
        2.88659322    22177.33684921    19629.28133996       15.95520630
        2.91697842    22248.04895626    19533.21936194       16.61228878
        2.94736361    22361.50504220    19300.44945796       17.32085333
        2.97774880    22486.63177610    18920.08835060       18.05875739
        3.00813399    22589.45409955    18390.45950131       18.80227962
        3.03851918    22637.86595176    17726.61659408       19.52875908
        3.06890437    22605.88422265    16972.53282286       20.21881271
        3.09928957    22476.78654204    16198.91439630       20.85782099
        3.12967476    22244.72711047    15481.73815040       21.43651524
        3.16005995    21914.68113882    14880.27499635       21.95066984
        3.19044514    21500.84311124    14431.51551078       22.40006631
        3.22083033    21023.84876884    14152.87873892       22.78702036
        3.25121553    20507.36230336    14039.69629917       23.11482456
        3.28160072    19974.63906362    14061.47056759       23.38644594
        3.31198591    19445.62992737    14165.84996256       23.60373408
        3.34237110    18935.04812355    14290.45289114       23.76726119
        3.37275629    18451.60440061    14378.66844004       23.87676105
        3.40314148    17998.37738143    14394.02089495       23.93199500
        3.43352668    17574.07225748    14327.04641977       23.93378086
        3.46391187    17174.77565039    14195.36361747       23.88489737
        3.49429706    16795.76447841    14042.17948420       23.79062531
        3.52468225    16432.97701225    13929.42320248       23.65879610
        3.55506744    16083.88720062    13916.80889510       23.49936030
        3.58545264    15747.70283815    14034.33918395       23.32362684
        3.61583783    15424.98910772    14269.64187180       23.14342380
        3.64622302    15116.95826254    14579.33990357       22.97046645
        3.67660821    14824.73285949    14913.33695770       22.81617828
        3.70699340    14548.87252340    15235.71382412       22.69210397
        3.73737860    14289.36254168    15531.74409561       22.61090399
        3.76776379    14046.12431922    15799.85548214       22.58776447
        3.79814898    13819.96050156    16040.17344810       22.64193041
        3.82853417    13613.72901069    16255.16849999       22.79800463
        3.85891936    13433.47843671    16462.33862427       23.08666668
        3.88930455    13289.28426428    16701.95992623       23.54455289
        3.91968975    13195.59531236    17026.55766595       24.21318338
        3.95007494    13171.01125862    17477.07242354       25.13699237
        3.98046013    13237.53514118    18062.79255947       26.36067996
        4.01084532    13419.44868255    18757.47375259       27.92622205
        4.04123051    13742.01970615    19510.90795293       29.86992804
        4.07161571    14230.25856052    20267.85199758       32.21991383
        4.10200090    14907.89663191    20986.81111531       34.99426686
        4.13238609    15796.67830348    21652.53334734       38.20003927
        4.16277128    16915.95830256    22275.80402732       41.83304284
        4.19315647    18282.50071287    22877.51717584       45.87826502
        4.22354166    19910.30240861    23464.92198344       50.31060917
        4.25392686    21810.22534035    24017.04365322       55.09560622
        4.28431205    23989.22636592    24489.87244665       60.18976577
        4.31469724    26449.02271732    24835.41335065       65.54033506
        4.34508243    29184.12405418    25019.80745171       71.08440647
        4.37546762    32179.29209210    25029.95937777       76.74753495
        4.40585282    35406.64363141    24867.49331234       82.44225834
        4.43623801    38822.77235616    24535.18519830       88.06710736
        4.46662320    42366.40103106    24022.31454358       93.50679539
        4.49700839    45957.15546395    23293.56615455       98.63424748
        4.52739358    49496.04244579    22285.33515654      103.31493737
        4.55777877    52868.09295530    20914.12552131      107.41366184
        4.58816397    55947.39487360    19097.38107209      110.80343643
        4.61854916    58604.40687978    16779.12991152      113.37572566
        4.64893435    60715.06361697    13949.51871368      115.05082155
        4.67931954    62170.81817979    10651.06325234      115.78695072
        4.70970473    62888.49560725     6975.73932131      115.58669262
        4.74008993    62818.71561417     3065.37665606      114.49955151
        4.77047512    61951.72417899     -883.84836074      112.62001410
        4.80086031    60319.75450623    -4634.07562289      110.08106032
        4.83124550    57995.47997507    -7951.22600388      107.04376466
        4.86163069    55086.65166140   -10662.71508460      103.68420560
        4.89201588    51727.53734925   -12691.91429563      100.17928651
        4.92240108    48068.20394540   -14057.00366407       96.69319799
        4.95278627    44262.93737660   -14845.10014697       93.36610405
        4.98317146    40459.13553638   -15177.41535525       90.30625046
        5.01355665    36787.84525615   -15177.71086822       87.58614991
        5.04394184    33356.78737419   -14951.09564638       85.24289440
        5.07432704    30246.29569924   -14574.70375327       83.28208115
        5.10471223    27508.16694111   -14099.60329074       81.68439842
        5.13509742    25167.05272835   -13561.44886481       80.41365816
        5.16548261    23223.77325874   -12991.68000184       79.42500434
        5.19586780    21659.81762272   -12421.05289579       78.67215976
        5.22625299    20442.31225636   -11876.38311128       78.11286173
        5.25663819    19528.85753332   -11376.25347218       77.71202426
        5.28702338    18871.81158649   -10928.89176986       77.44258586
        5.31740857    18421.79613646   -10533.87474589       77.28439347
        5.34779376    18130.37394598   -10188.37663555       77.22177606
        5.37817895    17951.97616608    -9894.07172441       77.24063178
        5.40856415    17845.22913392    -9658.52424400       77.32586735
        5.43894934    17773.84622469    -9490.74922056       77.45988709
        5.46933453    17707.22342186    -9395.82318607       77.62256107
        5.49971972    17620.82559441    -9371.10951423       77.79275714
        5.53010491    17496.39377276    -9404.17884979       77.95116956
        5.56049010    17321.95910221    -9473.98958928       78.08388770
        5.59087530    17091.62793128    -9556.39092402       78.18598204
        5.62126049    16805.10834049    -9629.72362290       78.26437278
        5.65164568    16466.97717966    -9674.99863355       78.33938678
        5.68203087    16085.72790065    -9673.49358263       78.44466167
        5.71241606    15672.67940523    -9609.53938906       78.62535681
        5.74280126    15240.85162702    -9479.03489556       78.93490728
        5.77318645    14803.91587813    -9295.73554505       79.43075017
        5.80357164    14375.30541967    -9087.92432680       80.16953112
        5.83395683    13967.53030201    -8885.89913400       81.20227460
        5.86434202    13591.69239337    -8707.52835878       82.56991039
        5.89472722    13257.15626501    -8550.01516166       84.29944882
        5.92511241    12971.31168654    -8392.76152120       86.40103375
        5.95549760    12739.37009021    -8210.07459550       88.86609451
        5.98588279    12564.16806657    -7985.80357106       91.66684822
        6.01626798    12445.99508033    -7721.06329203       94.75742231
        6.04665317    12382.50428705    -7432.11165429       98.07681272
        6.07703837    12368.78846577    -7142.99156470      101.55372036
        6.10742356    12397.69653187    -6879.90883875      105.11301298
        6.13780875    12460.42762321    -6669.02343683      108.68318646
        6.16819394    12547.37725966    -6533.22132591      112.20384381
        6.19857913    12649.13971437    -6484.44361209      115.63198228
        6.22896433    12757.51241866    -6514.90997747      118.94587977
        6.25934952    12866.31991388    -6595.11696832      122.14564729
        6.28973471    12971.88735212    -6683.10596412      125.25004328
        6.32011990    13073.04730657    -6740.84006306      128.28983028
        6.35050509    13170.64860997    -6748.28872335      131.29865016
        6.38089028    13266.63414096    -6708.36446303      134.30293945
        6.41127548    13362.84468207    -6642.03325943      137.31267254
        6.44166067    13459.76881016    -6577.34296033      140.31464084
        6.47204586    13555.48103295    -6537.98282747      143.26956376
        6.50243105    13644.98742614    -6536.80256557      146.11367007
        6.53281624    13720.13410514    -6576.90059780      148.76462049
        6.56320144    13770.14056403    -6658.21614411      151.13091664
        6.59358663    13782.71348589    -6783.77686269      153.12338503
        6.62397182    13745.59498300    -6960.27437696      154.66702655
        6.65435701    13648.31912869    -7192.68923772      155.71150954
        6.68474220    13483.90539808    -7476.93473935      156.23883762
        6.71512739    13250.21530725    -7794.12120658      156.26717949
        6.74551259    12950.74073689    -8109.26495376      155.85042241
        6.77589778    12594.67374900    -8377.78102440      155.07361316
        6.80628297    12196.21610050    -8558.85998124      154.04499451
        6.83666816    11773.20489431    -8628.42344884      152.88576287
        6.86705335    11345.23910892    -8584.93960522      151.71891392
        6.89743855    10931.57128818    -8446.93090923      150.65858493
        6.92782374    10549.06525633    -8245.03213318      149.80114671
        6.95820893    10210.50779489    -8013.01964427      149.21897575
        6.98859412     9923.50237507    -7781.43758363      148.95740000
        7.01897931     9690.07759559    -7574.54441447      149.03483179
        7.04936450     9507.02960760    -7408.93330278      149.44565427
        7.07974970     9366.90684511    -7292.73978056      150.16508388
        7.11013489     9259.45566385    -7226.06796254      151.15504225
        7.14052008     9173.29076539    -7202.57307885      152.37005870
        7.17090527     9097.54091822    -7210.66741043      153.76237823
        7.20129046     9023.24691994    -7234.35977660      155.28572785
        7.23167566     8944.34658668    -7255.60998070      156.89753279
        7.26206085     8858.15793100    -7258.58481263      158.55970066
        7.29244604     8765.35216047    -7233.73348384      160.23834195
        7.32283123     8669.47952431    -7178.99770540      161.90292574
        7.35321642     8576.16361858    -7097.44554860      163.52536685
        7.38360161     8492.10841537    -6994.10447718      165.07942343
        7.41398681     8424.06661942    -6875.13033667      166.54059612
        7.44437200     8377.90151908    -6748.53513878      167.88651601
        7.47475719     8357.84336744    -6623.51161830      169.09764430
        7.50514238     8366.00254495    -6507.92858950      170.15801638
        7.53552757     8402.16191049    -6406.58328140      171.05576159
        7.56591277     8463.83504157    -6322.13324714      171.78320408
        7.59629796     8546.54888811    -6257.49761230      172.33646873
        7.62668315     8644.29039596    -6217.05071125      172.71464164
        7.65706834     8750.04725120    -6205.46487733      172.91863345
        7.68745353     8856.37255152    -6225.28237316      172.94994654
        7.71783872     8955.91090474    -6274.93916397      172.80955250
        7.74822392     9041.83775937    -6348.33923107      172.49705671
        7.77860911     9108.18278998    -6436.49369354      172.01028257
        7.80899430     9150.02940743    -6530.76450860      171.34536588
        7.83937949     9163.60289862    -6625.62465449      170.49741782
        7.86976468     9146.27601076    -6718.89892485      169.46178676
        7.90014988     9096.52997681    -6810.11492783      168.23591020
        7.93053507     9013.90908250    -6899.11773527      166.82167979
        7.96092026     8898.99768200    -6985.76735370      165.22813790
        7.99130545     8753.43195562    -7070.31476500      163.47418997
        8.02169064     8579.93847156    -7153.70287066      161.59088343
        8.05207583     8382.37276114    -7236.48889141      159.62271494
        8.08246103     8165.71865876    -7316.03438537      157.62743146
        8.11284622     7936.00681657    -7384.27489208      155.67392236
        8.14323141     7700.11994103    -7428.92876410      153.83806513
        8.17361660     7465.47142286    -7438.19201560      152.19675346
        8.20400179     7239.56907383    -7406.13131366      150.82073402
        8.23438699     7029.50099402    -7335.57395925      149.76721521
        8.26477218     6841.40038155    -7236.99003322      149.07339540
        8.29515737     6679.95591377    -7124.35156351      148.75202629
        8.32554256     6548.03213935    -7010.56417814      148.78986260
        8.35592775     6446.45087739    -6904.72880384      149.14939422
        8.38631295     6373.96306141    -6811.78032342      149.77370141
        8.41669814     6327.41530732    -6733.64985023      150.59373660
        8.44708333     6302.09135606    -6670.84993177      151.53693216
        8.47746852     6292.18908298    -6623.67251838      152.53584421
        8.50785371     6291.38099155    -6592.54094047      153.53559711
        8.53823890     6293.40036747    -6577.59812937      154.49916186
        8.56862410     6292.59571089    -6578.09270874      155.40990945
        8.59900929     6284.40135278    -6592.05692971      156.27132968
        8.62939448     6265.68111725    -6616.33461545      157.10420515
        8.65977967     6234.91381895    -6646.80658167      157.94181538
        8.69016486     6192.20398472    -6678.62734396      158.82389530
        8.72055006     6139.11815094    -6706.19518207      159.79009872
        8.75093525     6078.36557200    -6723.14941530      160.87366075
        8.78132044     6013.36046754    -6723.48306761      162.09585625
        8.81170563     5947.71847265    -6703.84462549      163.46174545
        8.84209082     5884.74978166    -6665.49059244      164.95759247
        8.87247601     5827.01302537    -6614.66725314      166.55022656
        8.90286121     5775.98587311    -6561.35030186      168.18847080
        8.93324640     5731.89125220    -6516.60195293      169.80657251
        8.96363159     5693.69450372    -6489.03319644      171.32934042
        8.99401678     5659.26092960    -6481.92223547      172.67845237
        9.02440197     5625.63991398    -6493.06864038      173.77919471
        9.05478717     5589.42554546    -6517.49869220      174.56678569
        9.08517236     5547.13730651    -6550.31728108      174.99146485
        9.11555755     5495.56857846    -6587.31596639      175.02171551
        9.14594274     5432.06373157    -6624.25881244      174.64530499
        9.17632793     5354.70287315    -6657.17024178      173.86821872
        9.20671312     5262.39244951    -6683.58451495      172.71194353
        9.23709832     5154.87561635    -6702.93447996      171.20983519
        9.26748351     5032.68563150    -6715.74338587      169.40341553
        9.29786870     4897.06739640    -6722.79458483      167.33935815
        9.32825389     4749.88757688    -6724.82977460      165.06766002
        9.35863908     4593.54493373    -6722.34687517      162.64112703
        9.38902428     4430.88281297    -6714.96146090      160.11592117
        9.41940947     4265.09822213    -6700.55789122      157.55262328
        9.44979466     4099.63858078    -6675.26565471      155.01713255
        9.48017985     3938.07862723    -6634.74978412      152.58077866
        9.51056504     3783.97514270    -6576.10243324      150.31924176
        9.54095023     3640.70411144    -6499.32748470      148.31018969
        9.57133543     3511.29132244    -6407.73935281      146.62986153
        9.60172062     3398.25131152    -6307.06141334      145.34906671
        9.63210581     3303.45001250    -6203.70714470      144.52917222
        9.66249100     3228.00378568    -6103.10594442      144.21860731
        9.69287619     3172.22282324    -6008.50298642      144.45025412
        9.72326139     3135.60189780    -5920.29222333      145.23987608
        9.75364658     3116.85737777    -5836.42255033      146.58553175
        9.78403177     3114.00699415    -5754.36177011      148.46778377
        9.81441696     3124.48772505    -5673.54832297      150.85046721
        9.84480215     3145.30642684    -5596.43521101      153.68182018
        9.87518734     3173.21642046    -5527.61960367      156.89587023
        9.90557254     3204.91053949    -5472.07717095      160.41406673
        9.93595773     3237.21743295    -5433.42205308      164.14721536
        9.96634292     3267.28435151    -5412.41417912      167.99778264
        9.99672811     3292.72789978    -5406.00377536      171.86259980
       10.02711330     3311.73582408    -5407.69591915      175.63592500
       10.05749850     3323.10850283    -5409.67716517      179.21275319
       10.08788369     3326.23782284    -5405.81551901      182.49221973
       10.11826888     3321.03170602    -5393.75032118      185.38094279
       10.14865407     3307.80205966    -5374.90021136      187.79618614
       10.17903926     3287.13973631    -5352.81053064      189.66877803
       10.20942445     3259.80045107    -5331.29418873      190.94576393
       10.23980965     3226.62023431    -5313.30229957      191.59277573
       10.27019484     3188.46925013    -5300.38540507      191.59605455
       10.30058003     3146.24130822    -5292.43254169      190.96397900
       10.33096522     3100.86627702    -5287.69339801      189.72785524
       10.36135041     3053.32660535    -5283.05701792      187.94166287
       10.39173561     3004.65882843    -5274.65346769      185.68046379
       10.42212080     2955.92622371    -5259.00368655      183.03729467
       10.45250599     2908.15810350    -5234.35470305      180.11857391
       10.48289118     2862.26195378    -5201.32719203      177.03832504
       10.51327637     2818.92384490    -5162.60370335      173.91178743
       10.54366157     2778.51785371    -5122.06075390      170.84917755
       10.57404676     2741.04536694    -5083.59632316      167.95041659
       10.60443195     2706.12016728    -5049.89991102      165.30151619
       10.63481714     2673.00646586    -5021.89931276      162.97302229
       10.66520233     2640.70668838    -4999.24399311      161.02050812
       10.69558752     2608.08623118    -4981.07176336      159.48667057
       10.72597272     2574.01562622    -4966.31305659      158.40422208
       10.75635791     2537.50787286    -4953.69184004      157.79857815
       10.78674310     2497.83042471    -4941.74703961      157.68937929
       10.81712829     2454.57684039    -4928.89906496      158.09016524
       10.84751348     2407.69107935    -4913.59015520      159.00598953
       10.87789868     2357.44612522    -4894.44020187      160.42932592
       10.90828387     2304.38631212    -4870.28650233      162.33514593
       10.93866906     2249.24799657    -4840.33801773      164.67641186
       10.96905425     2192.87521215    -4804.71697557      167.38133486
       10.99943944     2136.14551831    -4764.94969436      170.35355364
       11.02982463     2079.91695611    -4723.62251239      173.47592387
       11.06020983     2025.00094765    -4683.13975377      176.61796165
       11.09059502     1972.15951711    -4644.43438708      179.64628882
       11.12098021     1922.11974987    -4606.53519934      182.43682726
       11.15136540     1875.59500822    -4567.21036037      184.88710237
       11.18175059     1833.30162545    -4524.23390870      186.92691712
       11.21213579     1795.96153493    -4476.49396321      188.52585724
       11.24252098     1764.28495577    -4424.34260675      189.69654037
       11.27290617     1738.93191941    -4369.19536950      190.49313555
       11.30329136     1720.45607052    -4312.82925419      191.00534665
       11.33367655     1709.23796109    -4256.78846877      191.34866342
       11.36406174     1705.41743342    -4202.04378806      191.65215042
       11.39444694     1708.83545942    -4148.95699323      192.04530850
       11.42483213     1718.99506009    -4097.64102899      192.64558287
       11.45521732     1735.04893882    -4048.56665198      193.54791548
       11.48560251     1755.81856721    -4002.91204509      194.81738583
       11.51598770     1779.84600769    -3962.30776323      196.48551136
       11.54637290     1805.47607988    -3928.24607776      198.55026100
       11.57675809     1830.96291123    -3901.69144796      200.97934859
       11.60714328     1854.59180903    -3882.94278843      203.71598733
       11.63752847     1874.80509968    -3871.38954023      206.68605309
       11.66791366     1890.31941515    -3865.24896914      209.80554799
       11.69829885     1900.22207483    -3861.87189713      212.98737066
       11.72868405     1904.03577459    -3858.74729676      216.14665091
       11.75906924     1901.74364537    -3854.45555523      219.20424217
       11.78945443     1893.77061814    -3848.69854627      222.08832105
       11.81983962     1880.92156042    -3841.41808133      224.73436428
       11.85022481     1864.28139358    -3831.95570924      227.08401257
       11.88061001     1845.08689039    -3819.09629930      229.08346528
       11.91099520     1824.58360048    -3801.82501175      230.68206922
       11.94138039     1803.88386558    -3779.97665962      231.83167948
       11.97176558     1783.84270382    -3754.31491016      232.48719865
       12.00215077     1764.96710851    -3726.24106642      232.60846947
       12.03253596     1747.37087807    -3697.49440047      232.16343762
       12.06292116     1730.78165832    -3669.97683939      231.13224880
       12.09330635     1714.60002133    -3645.63703855      229.51173276
       12.12369154     1698.00309410    -3626.24201702      227.31958789
       12.15407673     1680.07869152    -3612.83843004      224.59753830
       12.18446192     1659.97131631    -3604.99185684      221.41280476
       12.21484712     1637.01969318    -3600.38222766      217.85740906
       12.24523231     1610.86710616    -3595.37423775      214.04509965
       12.27561750     1581.53044115    -3586.45138254      210.10600925
       12.30600269     1549.42060303    -3571.53138892      206.17948449
       12.33638788     1515.31455024    -3550.25265469      202.40581166
       12.36677307     1480.28612514    -3523.32906995      198.91775246
       12.39715827     1445.60793684    -3491.77409055      195.83286255
       12.42754346     1412.63904860    -3456.55479405      193.24747944
       12.45792865     1382.71302346    -3418.58810456      191.23304254
       12.48831384     1357.03845399    -3378.70246929      189.83508001
       12.51869903     1336.62029094    -3337.46187188      189.07481697
       12.54908423     1322.20606940    -3295.11678703      188.95298987
       12.57946942     1314.25736089    -3251.89677059      189.45515296
       12.60985461     1312.94401223    -3208.42998777      190.55758425
       12.64023980     1318.15716278    -3165.83599615      192.23286545
       12.67062499     1329.53654016    -3125.34687540      194.45432361
       12.70101018     1346.50780122    -3087.79299770      197.19875491
       12.73139538     1368.32632602    -3053.43903987      200.44715810
       12.76178057     1394.12455718    -3022.31501077      204.18353081
       12.79216576     1422.96049891    -2994.62410637      208.39207389
       12.82255095     1453.86527636    -2970.71540427      213.05336472
       12.85293614     1485.88775030    -2950.71865555      218.14017627
       12.88332134     1518.13419451    -2934.37879812      223.61362946
       12.91370653     1549.80110362    -2921.26543067      229.42028352
       12.94409172     1580.19942277    -2911.03652526      235.49061436
       12.97447691     1608.76894673    -2903.47321761      241.73913269
       13.00486210     1635.08233974    -2898.32119681      248.06617884
       13.03524730     1658.83912894    -2895.14224206      254.36122689
       13.06563249     1679.85101484    -2893.31793839      260.50735861
       13.09601768     1698.02076942    -2892.20457174      266.38644673
       13.12640287     1713.31768551    -2891.34899402      271.88453071
       13.15678806     1725.75284947    -2890.64318004      276.89688289
       13.18717325     1735.35734646    -2890.32176358      281.33234590
       13.21755845     1742.16588114    -2890.79714126      285.11665871
       13.24794364     1746.20732242    -2892.41363779      288.19465559
       13.27832883     1747.50256498    -2895.22559812      290.53138784
       13.30871402     1746.06908823    -2898.90618069      292.11235071
       13.33909921     1741.93090484    -2902.88426084      292.94307377
       13.36948441     1735.13234706    -2906.62937960      293.04833823
       13.39986960     1725.75431447    -2909.81391553      292.47122372
       13.43025479     1713.93202493    -2912.24610429      291.27207529
       13.46063998     1699.87368272    -2913.74022624      289.52734709
       13.49102517     1683.87949803    -2914.06980515      287.32815289
       13.52141036     1666.35994303    -2913.00450440      284.77826452
       13.55179556     1647.85099685    -2910.39840429      281.99127213
       13.58218075     1629.02265401    -2906.31802123      279.08666985
       13.61256594     1610.67563525    -2901.11283994      276.18476272
       13.64295113     1593.72067348    -2895.20650690      273.40049713
       13.67333632     1579.13554705    -2888.59425413      270.83657385
       13.70372152     1567.89755363    -2880.48448138      268.57646955
       13.73410671     1560.89329210    -2869.55582402      266.67821160
       13.76449190     1558.81286646    -2854.74058237      265.16986089
       13.79487709     1562.04089386    -2835.94985756      264.04760097
       13.82526228     1570.56067195    -2814.32456159      263.27708026
       13.85564747     1583.88927073    -2792.09630126      262.79821913
       13.88603267     1601.05930426    -2772.26509571      262.53313517
       13.91641786     1620.65756410    -2758.11760422      262.39626259
       13.94680305     1640.92226881    -2752.57450620      262.30527003
       13.97718824     1659.89089459    -2757.46422679      262.19113304
       14.00757343     1675.58136933    -2772.93558724      262.00576833
       14.03795863     1686.18282996    -2797.28691685      261.72599814
       14.06834382     1690.22967991    -2827.33941893      261.35322418
       14.09872901     1686.73498355    -2859.12394597      260.90893098
       14.12911420     1675.26588431    -2888.55876135      260.42685910
       14.15949939     1655.95334962    -2912.17527510      259.94324544
       14.18988458     1629.43911673    -2927.98780343      259.48681907
       14.22026978     1596.77210097    -2936.05016062      259.07022472
       14.25065497     1559.27298416    -2938.13643698      258.68424775
       14.28104016     1518.38825822    -2936.62213823      258.29571060
       14.31142535     1475.55363147    -2933.27618808      257.84930799
       14.34181054     1432.08223095    -2928.71900339      257.27305701
       14.37219574     1389.08680532    -2922.67611776      256.48654737
       14.40258093     1347.43863062    -2914.53567569      255.41084755
       14.43296612     1307.76027518    -2903.81865832      253.97877645
       14.46335131     1270.44552761    -2890.51185127      252.14428278
       14.49373650     1235.69782263    -2875.16325408      249.88985589
       14.52412169     1203.57816833    -2858.65511139      247.23118166
       14.55450689     1174.05441570    -2841.86674651      244.21860770
       14.58489208     1147.04524035    -2825.46645741      240.93534626
       14.61527727     1122.45407994    -2809.78401352      237.49267923
       14.64566246     1100.19030419    -2794.63315953      234.02270190
       14.67604765     1080.17699492    -2779.22124562      230.66932926
       14.70643285     1062.34677969    -2762.42201500      227.57838003
       14.73681804     1046.62899858    -2743.36695610      224.88755604
       14.76720323     1032.93280117    -2721.96863683      222.71706415
       14.79758842     1021.13126346    -2699.05898401      221.16151123
       14.82797361     1011.05109010    -2676.10987404      220.28356591
       14.85835880     1002.47096493    -2654.72043430      220.10974795
       14.88874400      995.12944787    -2636.10734757      220.62858810
       14.91912919      988.74102398    -2620.71823286      221.79129954
       14.94951438      983.01709273    -2607.98789029      223.51500554
       14.97989957      977.68781687    -2596.38428799      225.68845751
       15.01028476      972.52101879    -2583.99361243      228.18003720
       15.04066996      967.33554878    -2569.49609357      230.84765589
       15.07105515      962.00829032    -2552.85182793      233.54994814
       15.10144034      956.47561522    -2535.18597528      236.15793212
       15.13182553      950.73113597    -2518.04600892      238.56611358
       15.16221072      944.82175960    -2502.57017356      240.70189785
       15.19259592      938.84339724    -2488.98707386      242.53219252
       15.22298111      932.93659081    -2476.60400753      244.06626917
       15.25336630      927.28128908    -2464.23492043      245.35431135
       15.28375149      922.08949466    -2450.83113450      246.48157939
       15.31413668      917.59474312    -2435.92145421      247.55870461
       15.34452187      914.03829099    -2419.59648932      248.70918964
       15.37490707      911.65313412    -2402.19801079      250.05563210
       15.40529226      910.64805727    -2384.09555350      251.70640775
       15.43567745      911.19437482    -2365.70939330      253.74448651
       15.46606264      913.41760464    -2347.63437800      256.21970251
       15.49644783      917.39506655    -2330.64300016      259.14521329
       15.52683303      923.15864957    -2315.46286204      262.49817469
       15.55721822      930.70028030    -2302.43201640      266.22397149
       15.58760341      939.97651086    -2291.28133104      270.24282536
       15.61798860      950.90855064    -2281.22614313      274.45735948
       15.64837379      963.37514128    -2271.36303685      278.75977822
       15.67875898      977.19774095    -2261.17278448      283.03768309
       15.70914418      992.12007659    -2250.80069948      287.17808740
       15.73952937     1007.78659825    -2240.93390371      291.06976088
       15.76991456     1023.72607183    -2232.45364879      294.60448151
       15.80029975     1039.34696296    -2226.15186088      297.67798561
       15.83068494     1053.95015578    -2222.59243548      300.19135172
       15.86107014     1066.76201224    -2222.08297539      302.05327153
       15.89145533     1076.98722690    -2224.75841205      303.18326097
       15.92184052     1083.87703155    -2230.68488154      303.51548098
       15.95222571     1086.80482326    -2239.78364929      303.00259161
       15.98261090     1085.33895767    -2251.55042975      301.61902038
       16.01299609     1079.30179694    -2264.82545269      299.36317985
       16.04338129     1068.80535063    -2277.88221073      296.25844548
       16.07376648     1054.25684939    -2288.83771975      292.35299209
       16.10415167     1036.33184810    -2296.12420273      287.71877385
       16.13453686     1015.91720881    -2298.77683807      282.44995302
       16.16492205      994.03070262    -2296.50806119      276.66093463
       16.19530725      971.72721029    -2289.65359895      270.48391539
       16.22569244      950.00305772    -2279.06862962      264.06561700
       16.25607763      929.70972088    -2266.02461129      257.56276371
       16.28646282      911.48618600    -2252.05106459      251.13596193
       16.31684801      895.71617729    -2238.59839481      244.94195908
       16.34723320      882.51294932    -2226.57736816      239.12473356
       16.37761840      871.73104293    -2216.07542691      233.80637047
       16.40800359      863.00179523    -2206.51938339      229.07905122
       16.43838878      855.78767110    -2197.23071511      224.99959326
       16.46877397      849.44957340    -2187.99259213      221.58774124
       16.49915916      843.32094163    -2179.25708868      218.82884530
       16.52954436      836.78238469    -2171.91893009      216.68076906
       16.55992955      829.33063656    -2166.78936675      215.08402208
       16.59031474      820.63578057    -2163.99453560      213.97341151
       16.62069993      810.58113551    -2162.65600224      213.28913256
       16.65108512      799.28118979    -2161.14234685      212.98527630
       16.68147031      787.07470460    -2157.74421710      213.03423473
       16.71185551      774.49259353    -2151.27098499      213.42632586
       16.74224070      762.20318495    -2141.22551910      214.16496362
       16.77262589      750.94052056    -2127.65383073      215.25862937
       16.80301108      741.42385781    -2110.99356140      216.71155147
       16.83339627      734.27798612    -2092.07562776      218.51521710
       16.86378147      729.96399258    -2072.13167290      220.64258129
       16.89416666      728.72866828    -2052.60366379      223.04617026
       16.92455185      730.57809007    -2034.76349723      225.66036420
       16.95493704      735.27753653    -2019.37382879      228.40720912
       16.98532223      742.37641045    -2006.63187951      231.20436546
       17.01570742      751.25381426    -1996.40095295      233.97341902
       17.04609262      761.17828299    -1988.49811478      236.64682471
       17.07647781      771.37412734    -1982.83028672      239.17219138
       17.10686300      781.08686782    -1979.35602575      241.51331458
       17.13724819      789.64117006    -1977.95986156      243.64813978
       17.16763338      796.48624989    -1978.32986408      245.56450158
       17.19801858      801.22560852    -1979.91250752      247.25488800
       17.22840377      803.62992091    -1981.98301127      248.71155240
       17.25878896      803.63372643    -1983.79893481      249.92305794
       17.28917415      801.31811198    -1984.76325014      250.87288179
       17.31955934      796.88273650    -1984.53586766      251.54016562
       17.34994453      790.61126313    -1983.05911082      251.90221476
       17.38032973      782.83451814    -1980.49192517      251.93802693
       17.41071492      773.89549441    -1977.08621044      251.63202280
       17.44110011      764.11970880    -1973.06240631      250.97724263
       17.47148530      753.79348829    -1968.53955202      249.97750409
       17.50187049      743.15160862    -1963.54096080      248.64830021
       17.53225569      732.37446915    -1958.04710326      247.01647393
       17.56264088      721.59379219    -1952.06727805      245.11888206
       17.59302607      710.90481508    -1945.71407003      243.00034375
       17.62341126      700.38221645    -1939.21199956      240.71117443
       17.65379645      690.09667880    -1932.77532876      238.30457351
       17.68418165      680.12909391    -1926.43345530      235.83409750
       17.71456684      670.57996779    -1919.95745324      233.35142624
       17.74495203      661.57250754    -1912.93365853      230.90461107
       17.77533722      653.24903073    -1904.91881539      228.53695542
       17.80572241      645.76152274    -1895.60924170      226.28659398
       17.83610760      639.25815027    -1884.97833452      224.18669748
       17.86649280      633.86811898    -1873.33538512      222.26605631
       17.89687799      629.68732610    -1861.27442038      220.54963616
       17.92726318      626.76681399    -1849.50780726      219.05861711
       17.95764837      625.10522271    -1838.62201693      217.80947992
       17.98803356      624.64551068    -1828.87268535      216.81191305
       18.01841876      625.27543789    -1820.14358565      216.06565684
       18.04880395      626.83090767    -1812.06902572      215.55680270
       18.07918914      629.10133730    -1804.23099703      215.25441768
       18.10957433      631.83670715    -1796.37620890      215.10855613
       18.13995952      634.75660267    -1788.58783633      215.05066672
       18.17034471      637.56210511    -1781.26936677      214.99707825
       18.20072991      639.95150569    -1774.88352602      214.85569357
       18.23111510      641.64032554    -1769.64405900      214.53534626
       18.26150029      642.38502351    -1765.44879178      213.95662704
       18.29188548      642.00828718    -1762.10112672      213.06252249
       18.32227067      640.42233004    -1759.55972677      211.82705095
       18.35265587      637.64564562    -1757.91839570      210.26028732
       18.38304106      633.80862941    -1757.06493922      208.40871943
       18.41342625      629.14461317    -1756.28973726      206.35066907
       18.44381144      623.96511318    -1754.26812625      204.18738127
       18.47419663      618.62110231    -1749.59703059      202.03114979
       18.50458182      613.45524272    -1741.55318498      199.99234276
       18.53496702      608.75250728    -1730.51276396      198.16731490
       18.56535221      604.69779386    -1717.77694803      196.62892424
       18.59573740      601.34857568    -1705.00668832      195.42078561
       18.62612259      598.62831251    -1693.66410743      194.55563478
       18.65650778      596.34267735    -1684.71859790      194.01742895
       18.68689298      594.21639063    -1678.57731658      193.76623772
       18.71727817      591.94452659    -1675.05892447      193.74469795
       18.74766336      589.24943146    -1673.39398070      193.88484418
       18.77804855      585.93345922    -1672.37968705      194.11442503
       18.80843374      581.91875356    -1670.69425936      194.36225240
       18.83881893      577.26799440    -1667.23661478      194.56255422
       18.86920413      572.18372958    -1661.37494641      194.65858515
       18.89958932      566.98778130    -1653.03842843      194.60582210
       18.92997451      562.08543766    -1642.63129231      194.37493768
       18.96035970      557.92111543    -1630.83563018      193.95447986
       18.99074489      554.93265480    -1618.40619810      193.35290534
       19.02113009      553.51048911    -1605.98954751      192.59943474
       19.05151528      553.96602123    -1593.96999188      191.74320013
       19.08190047      556.51119480    -1582.41367374      190.85035782
       19.11228566      561.24904126    -1571.18972189      189.99919651
       19.14267085      568.17335732    -1560.21655405      189.27368429
       19.17305604      577.17486713    -1549.65723206      188.75625438
       19.20344124      588.05126823    -1539.92548696      188.52082782
       19.23382643      600.51928087    -1531.49680568      188.62705430
       19.26421162      614.22791585    -1524.64331078      189.11651988
       19.29459681      628.77329463    -1519.30809745      190.01127394
       19.32498200      643.71615951    -1515.24853061      191.31455761
       19.35536720      658.60344308    -1512.31107266      193.01317540
       19.38575239      672.99478664    -1510.59604024      195.08063465
       19.41613758      686.49372640    -1510.41828164      197.48004964
       19.44652277      698.78158954    -1512.12000564      200.16589827
       19.47690796      709.65030480    -1515.84148125      203.08401625
       19.50729315      719.02879095    -1521.36579911      206.16966907
       19.53767835      726.99682935    -1528.12707250      209.34407743
       19.56806354      733.78076415    -1535.35261348      212.51028765
       19.59844873      739.72721757    -1542.18542009      215.54967054
       19.62883392      745.25417802    -1547.72442075      218.32050427
       19.65921911      750.78289864    -1551.13613107      220.65998114
       19.68960431      756.65831799    -1551.95365061      222.39055603
       19.71998950      763.06928714    -1550.40078647      223.33086614
       19.75037469      769.98187031    -1547.48234003      223.31060163
       19.78075988      777.09871128    -1544.77897590      222.18784881
       19.81114507      783.85466514    -1544.07728338      219.86673760
       19.84153026      789.45384167    -1546.99902052      216.31286274
       19.87191546      792.94666641    -1554.73713313      211.56401838
       19.90230065      793.33869354    -1567.86233737      205.73430619
       19.93268584      789.71701630    -1586.06173028      199.01057329
       19.96307103      781.37640212    -1607.88751704      191.64124740
       19.99345622      767.92652980    -1630.88915366      183.91875581
       20.02384142      749.36414588    -1652.26622491      176.15763206
       20.05422661      726.09917724    -1669.62517009      168.67096350
       20.08461180      698.93087784    -1681.38296217      161.74792923
       20.11499699      668.97765007    -1686.79512093      155.63483116
       20.14538218      637.57090318    -1685.81510259      150.52132686
       20.17576738      606.12804939    -1678.94845830      146.53269015
       20.20615257      576.02179207    -1667.17848869      143.72803218
       20.23653776      548.46208274    -1651.89978979      142.10367523
       20.26692295      524.40390921    -1634.72309280      141.60039455
       20.29730814      504.48923032    -1617.15371523      142.11307761
       20.32769333      489.02590747    -1600.29623246      143.50146903
       20.35807853      478.00138997    -1584.72762841      145.60099467
       20.38846372      471.12496694    -1570.58918213      148.23307448
       20.41884891      467.89003710    -1557.83013252      151.21472176
       20.44923410      467.64712911    -1546.43048636      154.36748748
       20.47961929      469.67906645    -1536.45554253      157.52588559
       20.51000449      473.27124612    -1527.95920517      160.54532494
       20.54038968      477.77196066    -1520.86986482      163.30932376
       20.57077487      482.63958167    -1514.96747525      165.73548278
       20.60116006      487.47494923    -1509.97864804      167.77945070
       20.63154525      492.03838069    -1505.70864642      169.43603100
       20.66193044      496.25140953    -1502.04677074      170.73671960
       20.69231564      500.18388078    -1498.78694040      171.74334096
       20.72270083      504.02757938    -1495.45661644      172.53801792
       20.75308602      508.05830429    -1491.41265599      173.21036344
       20.78347121      512.58925817    -1486.18425930      173.84338107
       20.81385640      517.91970029    -1479.75836000      174.49996238
       20.84424160      524.28379052    -1472.57930290      175.21196193
       20.87462679      531.80516340    -1465.32472173      175.97356289
       20.90501198      540.46275093    -1458.65569725      176.74004473
       20.93539717      550.07255384    -1453.07979216      177.43223226
       20.96578236      560.28842320    -1448.98126396      177.94599892
       20.99616755      570.62261615    -1446.77277418      178.16539483
       21.02655275      580.48425681    -1446.99292447      177.97742985
       21.05693794      589.23130796    -1450.18051526      177.28636264
       21.08732313      596.22970870    -1456.56416401      176.02555194
       21.11770832      600.91235283    -1465.78417161      174.16545284
       21.14809351      602.83078634    -1476.83099335      171.71706447
       21.17847871      601.69386778    -1488.24625266      168.73089476
       21.20886390      597.38988164    -1498.52855613      165.29215033
       21.23924909      589.99124836    -1506.59567747      161.51327085
       21.26963428      579.74347274    -1512.07803496      157.52506076
       21.30001947      567.04181188    -1515.28597975      153.46754719
       21.33040466      552.40001080    -1516.89194607      149.48139243
       21.36078986      536.41530515    -1517.52053061      145.70032202
       21.39117505      519.73295740    -1517.45131370      142.24470590
       21.42156024      503.01229959    -1516.53584501      139.21622878
       21.45194543      486.89508125    -1514.31399713      136.69353564
       21.48233062      471.97624216    -1510.25915665      134.72881692
       21.51271582      458.77720515    -1504.03705411      133.34544093
       21.54310101      447.72230715    -1495.64559868      132.53686835
       21.57348620      439.11973241    -1485.41694904      132.26712676
       21.60387139      433.14885838    -1473.98446553      132.47304453
       21.63425658      429.85590631    -1462.25700438      133.06825395
       21.66464177      429.15903756    -1451.31617428      133.94872281
       21.69502697      430.86264861    -1442.17159466      134.99933779
       21.72541216      434.67894308    -1435.45290676      136.10091647
       21.75579735      440.25339169    -1431.21007139      137.13701661
       21.78618254      447.18991514    -1428.94545671      138.00004530
       21.81656773      455.07185498    -1427.86633880      138.59640445
       21.84695293      463.47606152    -1427.22139912      138.85066341
       21.87733812      471.97944662    -1426.55078759      138.70893548
       21.90772331      480.15959841    -1425.77170289      138.14168168
       21.93810850      487.59291443    -1425.14292898      137.14604761
       21.96849369      493.85464108    -1425.17846613      135.74759058
       21.99887888      498.52491044    -1426.52682029      134.00095862
       22.02926408      501.20337471    -1429.79877518      131.98885641
       22.05964927      501.53271346    -1435.36299386      129.81858365
       22.09003446      499.22872186    -1443.16221883      127.61562781
       22.12041965      494.11253919    -1452.59440890      125.51423394
       22.15080484      486.13939495    -1462.53393830      123.64548398
       22.18119004      475.41832688    -1471.58872264      122.12405955
       22.21157523      462.21862643    -1478.53959570      121.03536967
       22.24196042      446.96095265    -1482.69182601      120.42495262
       22.27234561      430.19358590    -1483.91411294      120.29191671
       22.30273080      412.55658220    -1482.44769561      120.58766767
       22.33311600      394.73816162    -1478.71583203      121.22036570
       22.36350119      377.42826889    -1473.20513003      122.06462524
       22.39388638      361.27389846    -1466.35928405      122.97510658
       22.42427157      346.83973067    -1458.49486596      123.80203328
       22.45465676      334.57627052    -1449.80933735      124.40642388
       22.48504195      324.79641842    -1440.47261734      124.67299204
       22.51542715      317.66053404    -1430.69890732      124.51919221
       22.54581234      313.16970387    -1420.73725831      123.89964386
       22.57619753      311.16702002    -1410.84285784      122.80598944
       22.60658272      311.34700236    -1401.30461255      121.26296369
       22.63696791      313.27355678    -1392.50352249      119.32194603
       22.66735311      316.40679893    -1384.93040925      117.05346378
       22.69773830      320.13853276    -1379.13415561      114.54001284
       22.72812349      323.83516606    -1375.59373245      111.87021955
       22.75850868      326.88553918    -1374.51727809      109.13488188
       22.78889387      328.74982679    -1375.65741567      106.42490785
       22.81927906      329.00468304    -1378.31285532      103.83071945
       22.84966426      327.37944083    -1381.58612833      101.44238853
       22.88004945      323.77863959    -1384.71354977       99.34966278
       22.91043464      318.28747992    -1387.17954336       97.64113342
       22.94081983      311.15884650    -1388.56690524       96.40206320
       22.97120502      302.78300502    -1388.38670443       95.71077379
       23.00159022      293.64355680    -1386.11675233       95.63390449
       23.03197541      284.26528284    -1381.42754632       96.22120572
       23.06236060      275.16073185    -1374.39009276       97.50073876
       23.09274579      266.78253809    -1365.51408095       99.47536111
       23.12313098      259.48742294    -1355.63562811      102.12117285
       23.15351617      253.51578998    -1345.73468995      105.38822568
       23.18390137      248.98812821    -1336.71720712      109.20334098
       23.21428656      245.91659886    -1329.19035047      113.47446095
       23.24467175      244.22775318    -1323.30859401      118.09568240
       23.27505694      243.79079016    -1318.77384174      122.95206924
       23.30544213      244.44540801    -1314.99305564      127.92352687
       23.33582733      246.02416684    -1311.30821528      132.88739456
       23.36621252      248.36612432    -1307.20089781      137.71986592
       23.39659771      251.32088021    -1302.42796150      142.29675163
       23.42698290      254.74450701    -1297.08363336      146.49433661
       23.45736809      258.49062526    -1291.57382501      150.19108942
       23.48775328      262.40072906    -1286.49207870      153.27075673
       23.51813848      266.29765332    -1282.43447017      155.62698672
       23.54852367      269.98493025    -1279.82703042      157.16918365
       23.57890886      273.25305814    -1278.82214877      157.82891996
       23.60929405      275.89186109    -1279.27640742      157.56601478
       23.63967924      277.70660653    -1280.80076640      156.37337184
       23.67006444      278.53470234    -1282.87916672      154.27984077
       23.70044963      278.25975708    -1285.02502107      151.35066359
       23.73083482      276.82048933    -1286.89015851      147.68541190
       23.76122001      274.21317950    -1288.26801864      143.41363025
       23.79160520      270.48773630    -1289.04441447      138.68862446
       23.82199039      265.73866684    -1289.18398315      133.67994840
       23.85237559      260.09303405    -1288.74991101      128.56515892
       23.88276078      253.69772895    -1287.88637471      123.52135522
       23.91314597      246.70809121    -1286.73946221      118.71693055
       23.94353116      239.27921600    -1285.37632980      114.30387234
       23.97391635      231.56039957    -1283.77495167      110.41087056
       24.00430155      223.69233051    -1281.87910291      107.13744553
       24.03468674      215.80602257    -1279.63897998      104.54928637
       24.06507193      208.02222867    -1276.99590978      102.67499809
       24.09545712      200.45020090    -1273.86714108      101.50447984
       24.12584231      193.18510649    -1270.18214165      100.98918343
       24.15622750      186.30404180    -1265.93053366      101.04450743
       24.18661270      179.86123971    -1261.16257029      101.55453784
       24.21699789      173.88357346    -1255.95801057      102.37922653
       24.24738308      168.36769400    -1250.42362980      103.36388664
       24.27776827      163.28003371    -1244.72899147      104.35058940
       24.30815346      158.56047999    -1239.12193017      105.19070697
       24.33853866      154.12985402    -1233.87089528      105.75752409
       24.36892385      149.90056636    -1229.15591690      105.95761826
       24.39930904      145.78912702    -1224.98384343      105.73965656
       24.42969423      141.72871789    -1221.17593773      105.09942445
       24.46007942      137.67989568    -1217.42378731      104.08029068
       24.49046461      133.63771989    -1213.39437702      102.76887362
       24.52084981      129.63415213    -1208.84934767      101.28631693
       24.55123500      125.73534162    -1203.71189824       99.77618993
       24.58162019      122.03424640    -1198.03937645       98.39048661
       24.61200538      118.63978185    -1191.93864622       97.27542118
       24.64239057      115.66419960    -1185.49948273       96.55866950
       24.67277577      113.21059355    -1178.78546652       96.33940001
       24.70316096      111.36228010    -1171.86766895       96.68193903
       24.73354615      110.17534627    -1164.86416784       97.61332320
       24.76393134      109.67499849    -1157.95234829       99.12441380
       24.79431653      109.85560954    -1151.33825576      101.17378844
       24.82470173      110.68369910    -1145.19947935      103.69335567
       24.85508692      112.10262970    -1139.63651960      106.59459552
       24.88547211      114.03764808    -1134.64981225      109.77450179
       24.91585730      116.40008538    -1130.13958919      113.12064118
       24.94624249      119.09000514    -1125.92912527      116.51516554
       24.97662768      121.99724308    -1121.81846157      119.83801719
       25.00701288      125.00145316    -1117.66701351      122.96985818
       25.03739807      127.97228316    -1113.47689987      125.79535999
       25.06778326      130.77100243    -1109.42852538      128.20738383
       25.09816845      133.25472204    -1105.83728543      130.11228422
       25.12855364      135.28380372    -1103.03940464      131.43615303
       25.15893884      136.73227077    -1101.24558881      132.13139026
       25.18932403      137.50019775    -1100.42257906      132.18265309
       25.21970922      137.52637583    -1100.26660426      131.61108494
       25.25009441      136.79919602    -1100.29423326      130.47580661
       25.28047960      135.36375479    -1100.00564662      128.87195146
       25.31086479      133.32364800    -1099.03110933      126.92498543
       25.34124999      130.83667245    -1097.19567265      124.78157720
       25.37163518      128.10453032    -1094.50052630      122.59777576
       25.40202037      125.35745309    -1091.06476752      120.52563085
       25.43240556      122.83528900    -1087.06794574      118.69960889
       25.46279075      120.76696002    -1082.69887832      117.22420232
       25.49317595      119.35028806    -1078.10692680      116.16402079
       25.52356114      118.73406937    -1073.37548115      115.53741766
       25.55394633      119.00400900    -1068.53982504      115.31437736
       25.58433152      120.17377576    -1063.64408099      115.41899195
       25.61471671      122.18203100    -1058.80810904      115.73641208
       25.64510190      124.89582505    -1054.26587728      116.12369460
       25.67548710      128.12023472    -1050.34601615      116.42352655
       25.70587229      131.61354059    -1047.39387112      116.47943777
       25.73625748      135.10665306    -1045.66342873      116.15088491
       25.76664267      138.32496972    -1045.22039266      115.32655440
       25.79702786      141.01048407    -1045.89852021      113.93442027
       25.82741306      142.94186296    -1047.34085862      111.94749666
       25.85779825      143.95042477    -1049.11593471      109.38478859
       25.88818344      143.93047728    -1050.84116012      106.30757960
       25.91856863      142.84323687    -1052.24411886      102.81179246
       25.94895382      140.71441803    -1053.16035123       99.01762020
       25.97933901      137.62639529    -1053.51219635       95.05787847
       26.00972421      133.70645383    -1053.29139478       91.06654974
       26.04010940      129.11296159    -1052.53912707       87.16879415
       26.07049459      124.02128404    -1051.31965009       83.47334534
       26.10087978      118.61096268    -1049.69305814       80.06777018
       26.13126497      113.05518319    -1047.69366603       77.01662625
       26.16165017      107.51299246    -1045.32359064       74.36216865
       26.19203536      102.12420513    -1042.57285258       72.12698460
       26.22242055       97.00656346    -1039.45544065       70.31779207
       26.25280574       92.25452862    -1036.02439507       68.92962884
       26.28319093       87.93908875    -1032.34887755       67.94976258
       26.31357612       84.10812920    -1028.48115030       67.36083900
       26.34396132       80.78715467    -1024.44737241       67.14301541
       26.37434651       77.98040047    -1020.26343691       67.27505641
       26.40473170       75.67254876    -1015.95666080       67.73455746
       26.43511689       73.83132091    -1011.58445189       68.49758068
       26.46550208       72.41113339    -1007.24694683       69.53802014
       26.49588728       71.35779676    -1003.07999896       70.82696867
       26.52627247       70.61396148     -999.21903286       72.33225812
       26.55665766       70.12474214     -995.74685549       74.01823019
       26.58704285       69.84276499     -992.65034401       75.84570269
       26.61742804       69.73184503     -989.80568697       77.77205868
       26.64781323       69.76863783     -987.01001510       79.75140944
       26.67819843       69.94191501     -984.06501087       81.73485453
       26.70858362       70.24952331     -980.87074646       83.67094819
       26.73896881       70.69351901     -977.46221938       85.50653961
       26.76935400       71.27432828     -973.97105002       87.18815155
       26.79973919       71.98498811     -970.55773399       88.66398216
       26.83012439       72.80652788     -967.36020393       89.88647209
       26.86050958       73.70535667     -964.46608673       90.81520808
       26.89089477       74.63316884     -961.90359882       91.41978636
       26.92127996       75.52944346     -959.65940499       91.68218037
       26.95166515       76.32617714     -957.71839910       91.59817796
       26.98205035       76.95413364     -956.08508679       91.17757637
       27.01243554       77.34967418     -954.75645534       90.44302183
       27.04282073       77.46117539     -953.67587101       89.42761042
       27.07320592       77.25414336     -952.72477994       88.17157267
       27.10359111       76.71436116     -951.76633228       86.71850215
       27.13397630       75.84871888     -950.69877892       85.11163195
       27.16436150       74.68371431     -949.47258967       83.39061241
       27.19474669       73.26193039     -948.07024265       81.58912014
       27.22513188       71.63704841     -946.48104304       79.73346833
       27.25551707       69.86811391     -944.69540161       77.84222939
       27.28590226       68.01382003     -942.71649176       75.92675254
       27.31628746       66.12750935     -940.57087964       73.99237657
       27.34667265       64.25343364     -938.30764511       72.04010085
       27.37705784       62.42457948     -935.99045164       70.06847464
       27.40744303       60.66210246     -933.68593800       68.07548100
       27.43782822       58.97615760     -931.44771324       66.06021446
       27.46821341       57.36771223     -929.30169255       64.02417800
       27.49859861       55.83081508     -927.24113094       61.97205736
       27.52898380       54.35479286     -925.23166657       59.91187789
       27.55936899       52.92595369     -923.22217681       57.85451792
       27.58975418       51.52857225     -921.16085132       55.81264093
       27.62013937       50.14517220     -919.01383338       53.79920771
       27.65052457       48.75635055     -916.77581876       51.82581661
       27.68090976       47.34055071     -914.46682365       49.90117347
       27.71129495       45.87424154     -912.12477398       48.02998977
       27.74168014       44.33287985     -909.80385484       46.21254049
       27.77206533       42.69283576     -907.57144151       44.44498809
       27.80245052       40.93418794     -905.49022468       42.72041995
       27.83283572       39.04401275     -903.58722491       41.03038889
       27.86322091       37.01957182     -901.82548621       39.36662944
       27.89360610       34.87070586     -900.09670038       37.72257663
       27.92399129       32.62080351     -898.24828913       36.09435431
       27.95437648       30.30592858     -896.13743942       34.48102055
       27.98476168       27.97201712     -893.67990211       32.88403008
       28.01514687       25.67042676     -890.86703866       31.30605864
       28.04553206       23.45245411     -887.75161727       29.74948636
       28.07591725       21.36365747     -884.42009944       28.21492163
       28.10630244       19.43888187     -880.96935593       26.70014206
       28.13668763       17.69877012     -877.49447463       25.19973909
       28.16707283       16.14828165     -874.08240301       23.70559764
       28.19745802       14.77738672     -870.80376513       22.20815919
       28.22784321       13.56373199     -867.70111116       20.69824672
       28.25822840       12.47675631     -864.77904507       19.16910913
       28.28861359       11.48253160     -862.00409100       17.61829547
       28.31899879       10.54854291     -859.31675337       16.04900156
       28.34938398        9.64770364     -856.65014871       14.47063274
       28.37976917        8.76109742     -853.94676343       12.89847304
       28.41015436        7.87919983     -851.16834771       11.35250972
       28.44053955        7.00160493     -848.29932956        9.85560371
       28.47092474        6.13551360     -845.34531666        8.43129286
       28.50130994        5.29339607     -842.32690957        7.10155494
       28.53169513        4.49030401     -839.27089877        5.88483733
       28.56208032        3.74128079     -836.20280313        4.79459144
       28.59246551        3.05922294     -833.14296281        3.83845034
       28.62285070        2.45340975     -830.10572909        3.01807900
       28.65323590        1.92877335     -827.10028544        2.32962799
       28.68362109        1.48585588     -824.13194478        1.76464976
       28.71400628        1.12131016     -821.20335118        1.31129767
       28.74439147        0.82875406     -818.31540694        0.95562340
       28.77477666        0.59978396     -815.46792648        0.68281220
       28.80516185        0.42497914     -812.66007453        0.47823705
       28.83554705        0.29477465     -809.89065089        0.32826255
       28.86593224        0.20013239     -807.15827120        0.22077662
       28.89631743        0.13298753     -804.46147954        0.14546660
       28.92670262        0.08648427     -801.79881693        0.09388221
       28.95708781        0.05503843     -799.16886165        0.05934031
       28.98747301        0.03427444     -796.57025184        0.03672861
       29.01785820        0.02088453     -794.00169678        0.02225835
       29.04824339        0.01245104     -791.46198139        0.01320581
       29.07862858        0.00726257     -788.94996646        0.00766961
       29.10901377        0.00414436     -786.46458639        0.00435987
       29.13939896        0.00231358     -784.00484563        0.00242563
       29.16978416        0.00126344     -781.56981435        0.00132065
       29.20016935        0.00067491     -779.15862392        0.00070360
       29.23055454        0.00035265     -776.77046237        0.00036678
       29.26093973        0.00018023     -774.40456996        0.00018706
       29.29132492        0.00009009     -772.06023506        0.00009334
       29.32171012        0.00004404     -769.73679028        0.00004556
       29.35209531        0.00002106     -767.43360890        0.00002175
       29.38248050        0.00000985     -765.15010157        0.00001016
       29.41286569        0.00000450     -762.88571333        0.00000464
       29.44325088        0.00000201     -760.63992089        0.00000207
       29.47363608        0.00000088     -758.41223011        0.00000091
       29.50402127        0.00000038     -756.20217376        0.00000039
       29.53440646        0.00000016     -754.00930949        0.00000016
       29.56479165        0.00000006     -751.83321790        0.00000007
       29.59517684        0.00000003     -749.67350089        0.00000003
       29.62556203        0.00000001     -747.52978010        0.00000001
       29.65594723        0.00000000     -745.40169549        0.00000000
       29.68633242        0.00000000     -743.28890407        0.00000000
       29.71671761        0.00000000     -741.19107871        0.00000000
       29.74710280        0.00000000     -739.10790706        0.00000000
       29.77748799        0.00000000     -737.03909060        0.00000000
       29.80787319        0.00000000     -734.98434370        0.00000000
       29.83825838        0.00000000     -732.94339281        0.00000000
       29.86864357        0.00000000     -730.91597571        0.00000000
       29.89902876        0.00000000     -728.90184080        0.00000000
       29.92941395        0.00000000     -726.90074643        0.00000000
       29.95979914        0.00000000     -724.91246037        0.00000000
       29.99018434        0.00000000     -722.93675919        0.00000000
       30.02056953        0.00000000     -720.97342778        0.00000000
       30.05095472        0.00000000     -719.02225891        0.00000000
       30.08133991        0.00000000     -717.08305275        0.00000000
       30.11172510        0.00000000     -715.15561647        0.00000000
       30.14211030        0.00000000     -713.23976389        0.00000000
       30.17249549        0.00000000     -711.33531509        0.00000000
       30.20288068        0.00000000     -709.44209615        0.00000000
       30.23326587        0.00000000     -707.55993875        0.00000000
       30.26365106        0.00000000     -705.68867999        0.00000000
       30.29403625        0.00000000     -703.82816202        0.00000000
       30.32442145        0.00000000     -701.97823189        0.00000000
       30.35480664        0.00000000     -700.13874126        0.00000000
       30.38519183        0.00000000     -698.30954617        0.00000000
