# OUTPUT ENERGY EIGENVALUES (eV) :
    #  rep     occ        E_0     V_xc + delta_Vh    delta_Vh       Im{Sigma}
    1    1     1.000   -34.177        -28.427         -0.002          1.361
    2    4     1.000   -24.612        -23.909          0.036          1.361
    3    3     1.000   -16.764        -20.313          0.003          1.361
    4    1     1.000   -18.955        -27.255         -0.004          1.361
    5    1     1.000   -16.933        -22.378          0.034          1.361
    6    4     0.000     1.381         -0.662          0.008          1.361
    7    2     0.000     2.130         -0.738          0.002          1.361
    8    1     0.000     1.260         -0.373         -0.001          1.361
    9    3     0.000     1.682         -0.182         -0.004          1.361
   10    1     0.000     2.393         -0.262          0.002          1.361
   11    2     0.000     5.383         -0.289          0.001          1.361
   12    4     0.000     3.924         -0.269          0.001          1.361
   13    3     0.000     3.949         -0.106          0.001          1.361
   14    4     0.000     5.608         -2.787          0.016          1.361
   15    1     0.000     5.197         -1.419         -0.005          1.361
   16    3     0.000     6.158         -1.025         -0.003          1.361
   17    1     0.000     5.389         -0.036          0.000          1.361
   18    4     0.000    13.027         -5.389         -0.009          1.361
   19    1     0.000     7.404         -2.453          0.015          1.361
   20    2     0.000     6.385         -4.503          0.011          1.361
 
