# OUTPUT ENERGY EIGENVALUES (eV) :
    #  rep     occ        E_0     V_xc + delta_Vh    delta_Vh       Im{Sigma}
    1    1     1.000   -34.172        -28.420         -0.002          1.361
    2    4     1.000   -24.557        -23.870          0.003          1.361
    3    3     1.000   -16.792        -20.351         -0.001          1.361
    4    1     1.000   -18.966        -27.249         -0.002          1.361
    5    1     1.000   -16.960        -22.431          0.002          1.361
    6    4     0.000     1.401         -0.630          0.001          1.361
    7    2     0.000     2.140         -0.722          0.000          1.361
    8    1     0.000     1.263         -0.364          0.000          1.361
    9    3     0.000     1.677         -0.181         -0.001          1.361
   10    1     0.000     2.399         -0.255          0.000          1.361
   11    2     0.000     5.384         -0.291          0.000          1.361
   12    4     0.000     3.926         -0.262          0.000          1.361
   13    3     0.000     3.952         -0.104          0.000          1.361
   14    4     0.000     5.653         -2.768          0.001          1.361
   15    1     0.000     5.203         -1.410         -0.001          1.361
   16    3     0.000     6.153         -1.019         -0.001          1.361
   17    1     0.000     5.389         -0.037          0.000          1.361
   18    4     0.000    13.029         -5.375         -0.002          1.361
   19    1     0.000     7.417         -2.445          0.001          1.361
   20    2     0.000     6.388         -4.507          0.000          1.361
 
