# OUTPUT ENERGY EIGENVALUES (eV) :
    #  rep     occ        E_0     V_xc + delta_Vh    delta_Vh       Im{Sigma}
    1    1     1.000   -34.580        -28.839          0.415          1.361
    2    4     1.000   -25.025        -24.288          0.428          1.361
    3    3     1.000   -17.002        -20.519          0.377          1.361
    4    1     1.000   -19.383        -27.746          0.449          1.361
    5    1     1.000   -17.068        -22.384          0.427          1.361
    6    4     0.000     1.256         -0.898          0.035          1.361
    7    2     0.000     2.035         -0.934          0.047          1.361
    8    1     0.000     1.211         -0.458          0.024          1.361
    9    3     0.000     1.659         -0.224          0.016          1.361
   10    1     0.000     2.363         -0.312          0.014          1.361
   11    2     0.000     5.357         -0.483          0.029          1.361
   12    4     0.000     3.882         -0.356          0.021          1.361
   13    3     0.000     3.923         -0.133          0.011          1.361
   14    4     0.000     5.385         -2.834          0.135          1.361
   15    1     0.000     5.065         -1.535          0.083          1.361
   16    3     0.000     6.081         -1.119          0.075          1.361
   17    1     0.000     5.381         -0.035          0.004          1.361
   18    4     0.000    12.643         -5.774          0.372          1.361
   19    1     0.000     7.287         -2.556          0.146          1.361
   20    2     0.000     6.150         -4.457          0.260          1.361
 
