# OUTPUT ENERGY EIGENVALUES (eV) :
    #  rep     occ        E_0     V_xc + delta_Vh    delta_Vh       Im{Sigma}
    1    1     1.000   -34.171        -28.419         -0.003          1.361
    2    4     1.000   -24.568        -23.877          0.009          1.361
    3    3     1.000   -16.784        -20.341         -0.002          1.361
    4    1     1.000   -18.961        -27.248         -0.004          1.361
    5    1     1.000   -16.954        -22.420          0.009          1.361
    6    4     0.000     1.397         -0.637          0.003          1.361
    7    2     0.000     2.138         -0.725          0.000          1.361
    8    1     0.000     1.262         -0.366          0.000          1.361
    9    3     0.000     1.678         -0.181         -0.002          1.361
   10    1     0.000     2.398         -0.257          0.001          1.361
   11    2     0.000     5.384         -0.289          0.000          1.361
   12    4     0.000     3.926         -0.263          0.000          1.361
   13    3     0.000     3.951         -0.104          0.000          1.361
   14    4     0.000     5.644         -2.772          0.005          1.361
   15    1     0.000     5.202         -1.411         -0.002          1.361
   16    3     0.000     6.155         -1.020         -0.002          1.361
   17    1     0.000     5.389         -0.037          0.000          1.361
   18    4     0.000    13.031         -5.377         -0.006          1.361
   19    1     0.000     7.413         -2.447          0.004          1.361
   20    2     0.000     6.389         -4.507          0.002          1.361
 
