
 OUTPUT SELF-ENERGY DIAGONAL MATRIX ELEMENTS (eV) :

    n  rep     occ       E_0      V_xc   Sigma_x   Sigma_c  Sigma-V_xc    E_qp  
    1    1   1.000   -34.172   -28.420   -28.421     0.000    -0.001   -34.174
    2    4   1.000   -24.557   -23.870   -23.866     0.000     0.003   -24.554
    3    3   1.000   -16.792   -20.351   -20.354     0.000    -0.003   -16.796
    4    1   1.000   -18.966   -27.249   -27.251     0.000    -0.002   -18.969
    5    1   1.000   -16.960   -22.431   -22.433     0.000    -0.002   -16.962
    6    4   0.000     1.401    -0.630    -0.628     0.000     0.001     1.403
    7    2   0.000     2.140    -0.722    -0.721     0.000     0.001     2.140
    8    1   0.000     1.263    -0.364    -0.364     0.000     0.000     1.263
    9    3   0.000     1.677    -0.181    -0.182     0.000    -0.001     1.676
   10    1   0.000     2.399    -0.255    -0.255     0.000     0.000     2.399
   11    2   0.000     5.384    -0.291    -0.291     0.000     0.000     5.384
   12    4   0.000     3.926    -0.262    -0.262     0.000     0.000     3.926
   13    3   0.000     3.952    -0.104    -0.104     0.000     0.000     3.952
   14    4   0.000     5.653    -2.768    -2.766     0.000     0.003     5.656
   15    1   0.000     5.203    -1.410    -1.410     0.000     0.000     5.203
   16    3   0.000     6.153    -1.019    -1.020     0.000    -0.001     6.152
   17    1   0.000     5.389    -0.037    -0.036     0.000     0.000     5.389
   18    4   0.000    13.029    -5.375    -5.376     0.000    -0.001    13.028
   19    1   0.000     7.417    -2.445    -2.444     0.000     0.001     7.418
   20    2   0.000     6.388    -4.507    -4.508     0.000     0.000     6.388

-----------------------------------------------------------------

 OUTPUT SELF-ENERGY OFF-DIAGONAL MATRIX ELEMENTS (eV) :
   n1   n2  rep        V_xc       Sigma_x      Sigma_c   Sigma-V_xc
    1    4    1        0.609        0.610        0.000        0.001
    1    5    1       -1.080       -1.081        0.000       -0.001
    1    8    1        0.718        0.718        0.000        0.000
    1   10    1       -0.273       -0.274        0.000       -0.001
    1   15    1       -1.670       -1.670        0.000       -0.001
    1   17    1       -0.155       -0.155        0.000        0.000
    1   19    1        0.039        0.037        0.000       -0.002
    2    6    4        1.400        1.399        0.000       -0.002
    2   12    4        0.085        0.086        0.000        0.001
    2   14    4       -1.895       -1.891        0.000        0.004
    2   18    4        1.523        1.536        0.000        0.013
    3    9    3        1.352        1.353        0.000        0.002
    3   13    3        0.040        0.040        0.000        0.000
    3   16    3       -2.785       -2.788        0.000       -0.003
    4    5    1       -0.945       -0.944        0.000        0.001
    4    8    1        0.361        0.361        0.000        0.000
    4   10    1        0.199        0.199        0.000        0.000
    4   15    1       -0.374       -0.374        0.000        0.000
    4   17    1       -0.052       -0.052        0.000        0.000
    4   19    1        0.682        0.682        0.000        0.000
    5    8    1       -1.320       -1.321        0.000       -0.001
    5   10    1       -1.127       -1.127        0.000        0.000
    5   15    1        0.992        0.994        0.000        0.001
    5   17    1        0.177        0.177        0.000        0.000
    5   19    1       -3.083       -3.083        0.000        0.000
    6   12    4        0.281        0.280        0.000       -0.001
    6   14    4        1.261        1.260        0.000       -0.001
    6   18    4        0.310        0.309        0.000       -0.001
    7   11    2        0.439        0.438        0.000       -0.001
    7   20    2       -1.608       -1.608        0.000        0.000
    8   10    1       -0.040       -0.040        0.000        0.001
    8   15    1        0.633        0.633        0.000        0.000
    8   17    1        0.091        0.091        0.000        0.000
    8   19    1       -0.394       -0.394        0.000        0.000
    9   13    3        0.038        0.037        0.000       -0.001
    9   16    3        0.422        0.423        0.000        0.000
   10   15    1       -0.186       -0.186        0.000        0.000
   10   17    1        0.016        0.016        0.000       -0.001
   10   19    1       -0.706       -0.706        0.000        0.000
   11   20    2        1.095        1.096        0.000        0.000
   12   14    4       -0.678       -0.678        0.000        0.000
   12   18    4       -0.240       -0.240        0.000        0.000
   13   16    3       -0.098       -0.098        0.000        0.000
   14   18    4       -0.874       -0.872        0.000        0.002
   15   17    1       -0.162       -0.162        0.000        0.000
   15   19    1        0.031        0.031        0.000        0.000
   17   19    1        0.126        0.126        0.000        0.000

-----------------------------------------------------------------
