
 OUTPUT SELF-ENERGY DIAGONAL MATRIX ELEMENTS (eV) :

    n  rep     occ       E_0      V_xc   Sigma_x   Sigma_c  Sigma-V_xc    E_qp  
    1    1   1.000   -34.171   -28.419   -28.421     0.000    -0.001   -34.172
    2    4   1.000   -24.568   -23.877   -23.866     0.000     0.011   -24.557
    3    3   1.000   -16.784   -20.341   -20.349     0.000    -0.008   -16.792
    4    1   1.000   -18.961   -27.248   -27.253     0.000    -0.005   -18.966
    5    1   1.000   -16.954   -22.420   -22.426     0.000    -0.006   -16.960
    6    4   0.000     1.397    -0.637    -0.632     0.000     0.005     1.401
    7    2   0.000     2.138    -0.725    -0.723     0.000     0.002     2.140
    8    1   0.000     1.262    -0.366    -0.365     0.000     0.000     1.263
    9    3   0.000     1.678    -0.181    -0.183     0.000    -0.001     1.677
   10    1   0.000     2.398    -0.257    -0.255     0.000     0.001     2.399
   11    2   0.000     5.384    -0.289    -0.289     0.000     0.000     5.384
   12    4   0.000     3.926    -0.263    -0.263     0.000     0.000     3.926
   13    3   0.000     3.951    -0.104    -0.104     0.000     0.000     3.952
   14    4   0.000     5.644    -2.772    -2.763     0.000     0.009     5.653
   15    1   0.000     5.202    -1.411    -1.411     0.000     0.001     5.203
   16    3   0.000     6.155    -1.020    -1.022     0.000    -0.002     6.153
   17    1   0.000     5.389    -0.037    -0.036     0.000     0.000     5.389
   18    4   0.000    13.031    -5.377    -5.378     0.000    -0.002    13.029
   19    1   0.000     7.413    -2.447    -2.444     0.000     0.003     7.417
   20    2   0.000     6.389    -4.507    -4.507     0.000     0.000     6.388

-----------------------------------------------------------------

 OUTPUT SELF-ENERGY OFF-DIAGONAL MATRIX ELEMENTS (eV) :
   n1   n2  rep        V_xc       Sigma_x      Sigma_c   Sigma-V_xc
    1    4    1        0.608        0.610        0.000        0.002
    1    5    1       -1.080       -1.084        0.000       -0.004
    1    8    1        0.718        0.718        0.000        0.000
    1   10    1       -0.274       -0.277        0.000       -0.003
    1   15    1       -1.669       -1.670        0.000       -0.001
    1   17    1       -0.154       -0.154        0.000        0.000
    1   19    1        0.041        0.035        0.000       -0.006
    2    6    4        1.403        1.399        0.000       -0.004
    2   12    4        0.082        0.086        0.000        0.004
    2   14    4       -1.899       -1.886        0.000        0.012
    2   18    4        1.502        1.542        0.000        0.040
    3    9    3        1.352        1.357        0.000        0.005
    3   13    3        0.040        0.040        0.000       -0.001
    3   16    3       -2.783       -2.793        0.000       -0.009
    4    5    1       -0.943       -0.940        0.000        0.002
    4    8    1        0.360        0.360        0.000        0.000
    4   10    1        0.197        0.197        0.000        0.000
    4   15    1       -0.372       -0.372        0.000        0.000
    4   17    1       -0.051       -0.051        0.000        0.000
    4   19    1        0.678        0.678        0.000       -0.001
    5    8    1       -1.322       -1.325        0.000       -0.003
    5   10    1       -1.127       -1.126        0.000        0.001
    5   15    1        0.993        0.997        0.000        0.005
    5   17    1        0.176        0.176        0.000        0.000
    5   19    1       -3.084       -3.086        0.000       -0.002
    6   12    4        0.285        0.282        0.000       -0.003
    6   14    4        1.268        1.263        0.000       -0.005
    6   18    4        0.315        0.311        0.000       -0.004
    7   11    2        0.439        0.437        0.000       -0.002
    7   20    2       -1.611       -1.610        0.000        0.001
    8   10    1       -0.041       -0.039        0.000        0.002
    8   15    1        0.636        0.634        0.000       -0.001
    8   17    1        0.091        0.091        0.000        0.000
    8   19    1       -0.395       -0.395        0.000        0.000
    9   13    3        0.039        0.037        0.000       -0.002
    9   16    3        0.424        0.424        0.000        0.000
   10   15    1       -0.188       -0.187        0.000        0.001
   10   17    1        0.017        0.015        0.000       -0.001
   10   19    1       -0.707       -0.706        0.000        0.001
   11   20    2        1.093        1.093        0.000        0.000
   12   14    4       -0.681       -0.679        0.000        0.002
   12   18    4       -0.242       -0.241        0.000        0.001
   13   16    3       -0.099       -0.098        0.000        0.001
   14   18    4       -0.882       -0.875        0.000        0.007
   15   17    1       -0.162       -0.162        0.000        0.000
   15   19    1        0.032        0.031        0.000       -0.001
   17   19    1        0.126        0.126        0.000        0.000

-----------------------------------------------------------------
