
 OUTPUT SELF-ENERGY DIAGONAL MATRIX ELEMENTS (eV) :

    n  rep     occ       E_0      V_xc   Sigma_x   Sigma_c  Sigma-V_xc    E_qp  
    1    1   1.000   -21.239   -15.065   -28.404     0.000   -13.339   -34.578
    2    4   1.000   -14.871   -13.756   -23.876     0.000   -10.120   -24.991
    3    3   1.000    -9.742   -12.728   -19.972     0.000    -7.244   -16.986
    4    1   1.000    -9.617   -15.192   -23.890     0.000    -8.698   -18.314
    5    1   1.000    -8.963   -15.971   -25.115     0.000    -9.144   -18.107
    6    4   0.000    -0.709    -4.751    -2.216     0.000     2.535     1.826
    7    2   0.000    -0.518    -7.966    -3.969     0.000     3.998     3.479
    8    1   0.000    -0.369    -3.278    -1.241     0.000     2.037     1.668
    9    3   0.000     0.412    -2.273    -0.659     0.000     1.615     2.026
   10    1   0.000     0.900    -3.070    -1.091     0.000     1.980     2.879
   11    2   0.000     2.203    -3.975    -1.544     0.000     2.430     4.633
   12    4   0.000     2.514    -3.508    -1.544     0.000     1.964     4.479
   13    3   0.000     2.867    -1.172    -0.125     0.000     1.047     3.914
   14    4   0.000     3.137    -2.647    -0.890     0.000     1.758     4.894
   15    1   0.000     3.183    -2.448    -0.915     0.000     1.533     4.716
   16    3   0.000     3.984    -2.482    -0.761     0.000     1.721     5.706
   17    1   0.000     4.164    -4.037    -1.612     0.000     2.425     6.589
   18    4   0.000     4.606   -11.962    -4.634     0.000     7.328    11.934
   19    1   0.000     4.738    -0.722    -0.037     0.000     0.685     5.423
   20    2   0.000     4.752    -0.704    -0.026     0.000     0.677     5.430

-----------------------------------------------------------------

 OUTPUT SELF-ENERGY OFF-DIAGONAL MATRIX ELEMENTS (eV) :
   n1   n2  rep        V_xc       Sigma_x      Sigma_c   Sigma-V_xc
    1    4    1        1.136        1.283        0.000        0.148
    1    5    1       -0.444       -0.484        0.000       -0.040
    1    8    1        1.112        1.061        0.000       -0.051
    1   10    1       -0.591       -0.610        0.000       -0.019
    1   15    1       -1.266       -1.231        0.000        0.034
    1   17    1       -0.139       -0.181        0.000       -0.042
    1   19    1       -0.007        0.008        0.000        0.015
    2    6    4        2.093        1.668        0.000       -0.425
    2   12    4       -0.519        0.152        0.000        0.670
    2   14    4       -0.942       -0.578        0.000        0.365
    2   18    4        1.240        1.857        0.000        0.617
    3    9    3        2.039        2.545        0.000        0.506
    3   13    3        0.003       -0.076        0.000       -0.079
    3   16    3       -2.082       -2.372        0.000       -0.289
    4    5    1       -1.695       -2.863        0.000       -1.167
    4    8    1        1.761        2.266        0.000        0.505
    4   10    1        1.297        1.581        0.000        0.284
    4   15    1       -0.849       -0.990        0.000       -0.141
    4   17    1        1.619        1.755        0.000        0.136
    4   19    1        0.266        0.265        0.000       -0.001
    5    8    1       -1.249       -1.646        0.000       -0.396
    5   10    1       -1.096       -1.360        0.000       -0.264
    5   15    1        0.529        0.634        0.000        0.105
    5   17    1       -1.242       -1.368        0.000       -0.126
    5   19    1       -0.200       -0.198        0.000        0.002
    6   12    4        2.703        1.597        0.000       -1.106
    6   14    4        2.148        1.181        0.000       -0.968
    6   18    4        0.401        0.323        0.000       -0.077
    7   11    2       -4.233       -2.302        0.000        1.931
    7   20    2       -0.105       -0.077        0.000        0.028
    8   10    1       -0.398       -0.203        0.000        0.194
    8   15    1        2.156        0.974        0.000       -1.182
    8   17    1       -1.286       -0.592        0.000        0.694
    8   19    1       -0.130       -0.060        0.000        0.070
    9   13    3        0.311        0.107        0.000       -0.204
    9   16    3        1.904        0.695        0.000       -1.209
   10   15    1       -0.397       -0.170        0.000        0.227
   10   17    1       -2.666       -1.230        0.000        1.435
   10   19    1       -0.242       -0.145        0.000        0.098
   11   20    2       -0.370       -0.095        0.000        0.275
   12   14    4       -1.846       -1.052        0.000        0.794
   12   18    4       -2.898       -1.259        0.000        1.639
   13   16    3       -0.162       -0.106        0.000        0.056
   14   18    4       -2.545       -1.104        0.000        1.441
   15   17    1        0.467        0.151        0.000       -0.316
   15   19    1        0.028        0.005        0.000       -0.022
   17   19    1       -0.444       -0.186        0.000        0.257

-----------------------------------------------------------------
