
 OUTPUT SELF-ENERGY DIAGONAL MATRIX ELEMENTS (eV) :

    n  rep     occ       E_0      V_xc   Sigma_x   Sigma_c  Sigma-V_xc    E_qp  
    1    1   1.000   -34.580   -28.839   -28.435     0.000     0.403   -34.177
    2    4   1.000   -25.025   -24.288   -23.871     0.000     0.417   -24.608
    3    3   1.000   -17.002   -20.519   -20.281     0.000     0.239   -16.764
    4    1   1.000   -19.383   -27.746   -27.316     0.000     0.430   -18.953
    5    1   1.000   -17.068   -22.384   -22.251     0.000     0.133   -16.935
    6    4   0.000     1.256    -0.898    -0.767     0.000     0.131     1.388
    7    2   0.000     2.035    -0.934    -0.836     0.000     0.099     2.134
    8    1   0.000     1.211    -0.458    -0.407     0.000     0.051     1.262
    9    3   0.000     1.659    -0.224    -0.201     0.000     0.023     1.682
   10    1   0.000     2.363    -0.312    -0.280     0.000     0.031     2.394
   11    2   0.000     5.357    -0.483    -0.453     0.000     0.031     5.388
   12    4   0.000     3.882    -0.356    -0.312     0.000     0.043     3.925
   13    3   0.000     3.923    -0.133    -0.106     0.000     0.026     3.949
   14    4   0.000     5.385    -2.834    -2.619     0.000     0.215     5.600
   15    1   0.000     5.065    -1.535    -1.406     0.000     0.129     5.195
   16    3   0.000     6.081    -1.119    -1.043     0.000     0.076     6.157
   17    1   0.000     5.381    -0.035    -0.028     0.000     0.007     5.388
   18    4   0.000    12.643    -5.774    -5.395     0.000     0.379    13.022
   19    1   0.000     7.287    -2.556    -2.440     0.000     0.116     7.403
   20    2   0.000     6.150    -4.457    -4.230     0.000     0.227     6.377

-----------------------------------------------------------------

 OUTPUT SELF-ENERGY OFF-DIAGONAL MATRIX ELEMENTS (eV) :
   n1   n2  rep        V_xc       Sigma_x      Sigma_c   Sigma-V_xc
    1    4    1        0.583        0.579        0.000       -0.004
    1    5    1       -1.146       -1.115        0.000        0.031
    1    8    1        0.748        0.749        0.000        0.001
    1   10    1       -0.284       -0.301        0.000       -0.017
    1   15    1       -1.656       -1.622        0.000        0.034
    1   17    1       -0.102       -0.090        0.000        0.012
    1   19    1        0.073        0.013        0.000       -0.060
    2    6    4        1.498        1.461        0.000       -0.037
    2   12    4        0.011        0.052        0.000        0.040
    2   14    4       -1.910       -1.727        0.000        0.182
    2   18    4        1.276        1.610        0.000        0.334
    3    9    3        1.376        1.425        0.000        0.049
    3   13    3        0.027        0.020        0.000       -0.007
    3   16    3       -2.750       -2.842        0.000       -0.092
    4    5    1       -0.847       -0.779        0.000        0.068
    4    8    1        0.312        0.321        0.000        0.009
    4   10    1        0.159        0.156        0.000       -0.003
    4   15    1       -0.320       -0.331        0.000       -0.011
    4   17    1       -0.035       -0.034        0.000        0.001
    4   19    1        0.560        0.557        0.000       -0.003
    5    8    1       -1.349       -1.405        0.000       -0.056
    5   10    1       -1.169       -1.170        0.000       -0.001
    5   15    1        0.965        1.040        0.000        0.075
    5   17    1        0.154        0.154        0.000        0.000
    5   19    1       -3.098       -3.159        0.000       -0.061
    6   12    4        0.409        0.362        0.000       -0.047
    6   14    4        1.524        1.363        0.000       -0.161
    6   18    4        0.433        0.368        0.000       -0.065
    7   11    2        0.630        0.587        0.000       -0.043
    7   20    2       -1.803       -1.692        0.000        0.111
    8   10    1       -0.013       -0.033        0.000       -0.020
    8   15    1        0.749        0.675        0.000       -0.074
    8   17    1        0.078        0.073        0.000       -0.005
    8   19    1       -0.406       -0.402        0.000        0.004
    9   13    3        0.049        0.042        0.000       -0.007
    9   16    3        0.485        0.449        0.000       -0.036
   10   15    1       -0.240       -0.203        0.000        0.037
   10   17    1        0.025        0.025        0.000       -0.001
   10   19    1       -0.782       -0.736        0.000        0.046
   11   20    2        1.415        1.345        0.000       -0.071
   12   14    4       -0.808       -0.746        0.000        0.061
   12   18    4       -0.311       -0.284        0.000        0.027
   13   16    3       -0.116       -0.103        0.000        0.013
   14   18    4       -1.004       -0.907        0.000        0.098
   15   17    1       -0.119       -0.114        0.000        0.006
   15   19    1        0.019        0.037        0.000        0.017
   17   19    1        0.141        0.133        0.000       -0.007

-----------------------------------------------------------------
