
 OUTPUT SELF-ENERGY DIAGONAL MATRIX ELEMENTS (eV) :

    n  rep     occ       E_0      V_xc   Sigma_x   Sigma_c  Sigma-V_xc    E_qp  
    1    1   1.000   -34.177   -28.427   -28.421     0.000     0.006   -34.171
    2    4   1.000   -24.612   -23.909   -23.865     0.000     0.044   -24.568
    3    3   1.000   -16.764   -20.313   -20.334     0.000    -0.020   -16.784
    4    1   1.000   -18.955   -27.255   -27.261     0.000    -0.006   -18.961
    5    1   1.000   -16.933   -22.378   -22.398     0.000    -0.021   -16.954
    6    4   0.000     1.381    -0.662    -0.646     0.000     0.016     1.397
    7    2   0.000     2.130    -0.738    -0.731     0.000     0.008     2.138
    8    1   0.000     1.260    -0.373    -0.371     0.000     0.002     1.262
    9    3   0.000     1.682    -0.182    -0.185     0.000    -0.003     1.678
   10    1   0.000     2.393    -0.262    -0.258     0.000     0.004     2.398
   11    2   0.000     5.383    -0.289    -0.289     0.000     0.001     5.384
   12    4   0.000     3.924    -0.269    -0.267     0.000     0.002     3.926
   13    3   0.000     3.949    -0.106    -0.104     0.000     0.002     3.951
   14    4   0.000     5.608    -2.787    -2.751     0.000     0.036     5.644
   15    1   0.000     5.197    -1.419    -1.414     0.000     0.005     5.202
   16    3   0.000     6.158    -1.025    -1.028     0.000    -0.003     6.155
   17    1   0.000     5.389    -0.036    -0.036     0.000     0.000     5.389
   18    4   0.000    13.027    -5.389    -5.386     0.000     0.003    13.030
   19    1   0.000     7.404    -2.453    -2.443     0.000     0.010     7.413
   20    2   0.000     6.385    -4.503    -4.499     0.000     0.004     6.389

-----------------------------------------------------------------

 OUTPUT SELF-ENERGY OFF-DIAGONAL MATRIX ELEMENTS (eV) :
   n1   n2  rep        V_xc       Sigma_x      Sigma_c   Sigma-V_xc
    1    4    1        0.603        0.609        0.000        0.006
    1    5    1       -1.083       -1.094        0.000       -0.011
    1    8    1        0.720        0.717        0.000       -0.003
    1   10    1       -0.276       -0.282        0.000       -0.006
    1   15    1       -1.668       -1.666        0.000        0.002
    1   17    1       -0.150       -0.149        0.000        0.001
    1   19    1        0.048        0.028        0.000       -0.021
    2    6    4        1.416        1.398        0.000       -0.018
    2   12    4        0.074        0.088        0.000        0.014
    2   14    4       -1.908       -1.869        0.000        0.039
    2   18    4        1.440        1.558        0.000        0.118
    3    9    3        1.352        1.369        0.000        0.016
    3   13    3        0.039        0.037        0.000       -0.002
    3   16    3       -2.779       -2.806        0.000       -0.027
    4    5    1       -0.933       -0.924        0.000        0.009
    4    8    1        0.354        0.357        0.000        0.002
    4   10    1        0.191        0.190        0.000       -0.001
    4   15    1       -0.365       -0.368        0.000       -0.003
    4   17    1       -0.049       -0.049        0.000        0.000
    4   19    1        0.665        0.663        0.000       -0.002
    5    8    1       -1.331       -1.347        0.000       -0.016
    5   10    1       -1.125       -1.128        0.000       -0.003
    5   15    1        0.991        1.009        0.000        0.017
    5   17    1        0.174        0.176        0.000        0.003
    5   19    1       -3.087       -3.094        0.000       -0.007
    6   12    4        0.297        0.289        0.000       -0.008
    6   14    4        1.294        1.275        0.000       -0.019
    6   18    4        0.330        0.318        0.000       -0.012
    7   11    2        0.446        0.439        0.000       -0.006
    7   20    2       -1.623       -1.618        0.000        0.005
    8   10    1       -0.043       -0.039        0.000        0.004
    8   15    1        0.644        0.639        0.000       -0.005
    8   17    1        0.090        0.090        0.000       -0.001
    8   19    1       -0.400       -0.399        0.000        0.001
    9   13    3        0.043        0.038        0.000       -0.005
    9   16    3        0.428        0.428        0.000        0.000
   10   15    1       -0.195       -0.191        0.000        0.003
   10   17    1        0.020        0.016        0.000       -0.004
   10   19    1       -0.711       -0.707        0.000        0.004
   11   20    2        1.092        1.091        0.000       -0.001
   12   14    4       -0.691       -0.684        0.000        0.007
   12   18    4       -0.250       -0.246        0.000        0.004
   13   16    3       -0.101       -0.098        0.000        0.003
   14   18    4       -0.906       -0.884        0.000        0.022
   15   17    1       -0.159       -0.158        0.000        0.001
   15   19    1        0.033        0.032        0.000       -0.001
   17   19    1        0.127        0.126        0.000       -0.001

-----------------------------------------------------------------
